0.0004990622,0.058714,-0.03393513,0.00132522,0.1125961,0.01215279,-0.008775815,0.1190777,0.02298015,-0.01964244,0.107235,0.03036073,-0.02863164,0.07972917,0.03931403,FOUR
-0.004298978,0.05990562,-0.03442907,-0.0001961663,0.1126734,0.01281801,-0.01027329,0.1184151,0.02541336,-0.02005873,0.1062389,0.03384382,-0.02653982,0.07855296,0.04301727,FOUR
-0.002706148,0.0617851,-0.03381908,-0.001456618,0.1122044,0.0159736,-0.01259588,0.1171296,0.02948716,-0.02217965,0.1048901,0.03701746,-0.02864911,0.07693011,0.0451968,FOUR
-0.005535297,0.06077582,-0.03466916,-0.00258553,0.1126139,0.01312929,-0.01346852,0.1177946,0.02624547,-0.02227389,0.1055701,0.03443277,-0.02835492,0.07771572,0.04323167,FOUR
-0.009505212,0.06054717,-0.03576598,-0.006420851,0.1127069,0.009337842,-0.01516082,0.1177916,0.02335715,-0.02153519,0.1052835,0.03407571,-0.02470473,0.07765883,0.04541156,FOUR
-0.01075495,0.05973381,-0.03786433,-0.006364703,0.1131304,0.005908787,-0.01443668,0.1183572,0.0211542,-0.02103075,0.1058999,0.03317651,-0.02404876,0.07845265,0.04569438,FOUR
-0.0116521,0.05963367,-0.0381695,-0.006206006,0.1132107,0.005653709,-0.01397837,0.1184179,0.02129397,-0.02041782,0.1059718,0.03350598,-0.02312125,0.07855085,0.04618293,FOUR
-0.01462291,0.05968526,-0.0375295,-0.002578378,0.1132215,0.005062461,-0.008600824,0.118865,0.02151546,-0.01383895,0.1067993,0.0346061,-0.01537878,0.07983431,0.04744753,FOUR
-0.01854116,0.06001976,-0.03653258,-0.001021311,0.1133646,0.005054295,-0.005971849,0.1189072,0.02196571,-0.01021761,0.1067298,0.03586218,-0.01077645,0.07981402,0.04862612,FOUR
-0.02359737,0.0587588,-0.03715432,-0.001403801,0.1133355,0.001316905,-0.005801328,0.1193262,0.01835361,-0.008616261,0.1075347,0.03354371,-0.008520268,0.08124268,0.04659832,FOUR
-0.02514889,0.06046909,-0.0342378,-0.0003788099,0.1135449,0.004357219,-0.004340328,0.1187762,0.02223191,-0.007167995,0.1062787,0.03785339,-0.007688142,0.07934317,0.05016974,FOUR
-0.0213409,0.05968669,-0.03518048,0.0005004406,0.1135663,0.002413154,-0.004350662,0.1192067,0.01994738,-0.008216791,0.1070724,0.03516749,-0.009428106,0.08034173,0.04866025,FOUR
-0.01936796,0.06083548,-0.03683159,-6.909668E-05,0.1134719,0.00361383,-0.00501366,0.1189134,0.02148464,-0.009021513,0.1066179,0.03655493,-0.01092278,0.07964334,0.04982483,FOUR
-0.02030483,0.06081015,-0.03713593,0.0001488551,0.1135723,0.002693117,-0.004377574,0.1190256,0.02078533,-0.008021928,0.1067805,0.03610405,-0.00961633,0.07990125,0.04944247,FOUR
-0.02167434,0.05847007,-0.03788856,7.715821E-05,0.1133835,-0.0008490682,-0.004245393,0.1196504,0.01644632,-0.007292457,0.1082067,0.03160629,-0.008117624,0.08206788,0.04516813,FOUR
-0.02163284,0.05802858,-0.03816596,0.000279285,0.1133232,-0.001654953,-0.004066929,0.1197813,0.01549771,-0.007163294,0.1085018,0.03072241,-0.008216001,0.08248129,0.04445049,FOUR
-0.02079561,0.05736721,-0.03700417,0.0008258969,0.1128529,-0.002376169,-0.004552364,0.1199339,0.01362249,-0.00766357,0.1092343,0.02861011,-0.01069926,0.08342317,0.04228988,FOUR
-0.02070922,0.0573509,-0.03569877,0.000371851,0.1123432,-0.002722114,-0.00500305,0.1200084,0.01196131,-0.007342912,0.1099023,0.02589551,-0.01092775,0.08428061,0.03900307,FOUR
-0.01792073,0.0567216,-0.03909758,-5.746633E-05,0.112625,-0.003639251,-0.005182758,0.1202351,0.01110145,-0.00835456,0.109895,0.02523318,-0.01083288,0.08429822,0.03950664,FOUR
-0.01706406,0.05702463,-0.03917065,0.0005322844,0.1127753,-0.002672583,-0.005156904,0.1201855,0.01217416,-0.008845545,0.1096592,0.02622244,-0.01171403,0.08391559,0.04031757,FOUR
-0.008989953,0.05982977,-0.03605932,-0.001491234,0.1130457,0.006397545,-0.01003577,0.1189947,0.02043825,-0.0170617,0.1071829,0.031248,-0.02170939,0.0799931,0.04322052,FOUR
-0.006043963,0.05919018,-0.03690463,-0.002227195,0.1127832,0.005405694,-0.01151598,0.1194105,0.01732951,-0.01886001,0.1080198,0.02654126,-0.02504963,0.08096677,0.03806287,FOUR
-0.005115457,0.05898327,-0.03680667,-0.002108768,0.1126254,0.005957663,-0.01170887,0.1195014,0.01687786,-0.01906413,0.1082522,0.02512833,-0.02679696,0.0810914,0.03654984,FOUR
-0.01047906,0.05409163,-0.03626209,0.004228026,0.112073,0.01358834,-0.008236103,0.1196965,0.0196116,-0.01956608,0.1088651,0.02273586,-0.03454204,0.08223343,0.02675658,FOUR
-0.01159614,0.05403474,-0.03655398,0.004516639,0.1121937,0.01317,-0.00805369,0.119755,0.01917675,-0.01944879,0.1088696,0.02256048,-0.03433629,0.08228537,0.02675098,FOUR
-0.01144212,0.05421439,-0.03668788,0.004078515,0.1122947,0.01261953,-0.008566171,0.1197867,0.01858863,-0.01993338,0.1088355,0.0221386,-0.03458548,0.08222425,0.0265857,FOUR
-0.01036197,0.0546298,-0.03647918,0.003541097,0.1123244,0.01247981,-0.009165064,0.1197447,0.01848194,-0.02055881,0.1087447,0.02195454,-0.03509934,0.08211297,0.02510932,FOUR
-0.009088859,0.05486137,-0.03651312,0.003061295,0.1123296,0.01189131,-0.009589098,0.1197773,0.01813132,-0.02093031,0.10879,0.02181423,-0.03511192,0.08210358,0.02560335,FOUR
-0.007250369,0.05534965,-0.03610915,0.004028596,0.1122824,0.01313388,-0.008849621,0.119735,0.01880071,-0.02047284,0.1088141,0.02158594,-0.03525968,0.08219099,0.02569199,FOUR
-0.01219688,0.05580121,-0.03487489,0.0012905,0.1123835,0.0105623,-0.01049151,0.1194796,0.01930392,-0.02043922,0.1084257,0.02439931,-0.03300581,0.08136028,0.03028056,FOUR
-0.01058953,0.05816057,-0.03471136,0.001752988,0.1123939,0.01238438,-0.01037799,0.1189234,0.02239811,-0.02063087,0.1075414,0.02785271,-0.03138488,0.08025894,0.0345695,FOUR
-0.02125194,0.05840483,-0.03285506,0.002724022,0.1134179,0.009135842,-0.01058818,0.1185101,0.02339807,-0.02011852,0.1064311,0.03283799,-0.02804007,0.07904255,0.04075545,FOUR
-0.02298473,0.05961412,-0.03276491,0.004260555,0.1138559,0.009507656,-0.009714104,0.1179796,0.02632982,-0.02021942,0.1051767,0.03750548,-0.02980912,0.07717773,0.04583323,FOUR
-0.02419471,0.06027341,-0.03293866,0.006119564,0.1141933,0.009016275,-0.008118831,0.117728,0.02785018,-0.01964061,0.1043591,0.04056722,-0.03094403,0.07583943,0.04929107,FOUR
-0.02548204,0.06009057,-0.03346145,0.00913085,0.1144891,0.007661402,-0.005741216,0.1176965,0.02831501,-0.0190909,0.1038094,0.04264385,-0.03273711,0.07486281,0.05163383,FOUR
-0.03050924,0.05774057,-0.0289883,0.01440836,0.1142978,0.009654313,-0.002005577,0.1169203,0.03114754,-0.01904221,0.1021166,0.04604122,-0.03622609,0.07308236,0.05312341,FOUR
-0.0351667,0.05417851,-0.02586174,0.01458085,0.114403,0.008753031,-0.001803242,0.1172279,0.02978504,-0.01876351,0.1025826,0.0447906,-0.03538649,0.07378939,0.05232453,FOUR
-0.0310564,0.05768073,-0.02798641,0.01230229,0.114657,0.007890642,-0.002371959,0.1171284,0.03053111,-0.01824445,0.1020252,0.04660857,-0.03403848,0.0726071,0.05536699,FOUR
-0.03349379,0.05834237,-0.02444267,0.01204188,0.1150905,0.003427863,6.566942E-05,0.1175549,0.02852085,-0.0136535,0.1019583,0.04810932,-0.02863446,0.0722512,0.05921248,FOUR
-0.03282914,0.0585171,-0.03081572,0.008886859,0.115145,-0.005293131,-0.00109078,0.1192732,0.01981533,-0.01148947,0.1050402,0.04171464,-0.02370922,0.07585314,0.05693984,FOUR
-0.03210354,0.058887,-0.0324313,0.009152323,0.1150491,-0.005967647,-0.0004712343,0.1194171,0.01899087,-0.0103687,0.10548,0.04097006,-0.02214144,0.07644108,0.05685687,FOUR
-0.03184283,0.06035903,-0.03386438,0.01131475,0.1146124,-0.007820427,0.004884109,0.1194972,0.01789322,-0.002822585,0.1060782,0.04112667,-0.01384687,0.07731995,0.05892926,FOUR
-0.0340153,0.06069621,-0.03024757,0.01158893,0.1143068,-0.01032341,0.007750161,0.1195279,0.01601505,0.002407022,0.1063434,0.04064569,-0.007731855,0.07784444,0.05975845,FOUR
-0.01995246,0.05982783,-0.03837815,0.003924079,0.1144245,0.003892154,-0.01027085,0.1187018,0.02152264,-0.02076267,0.1055753,0.03591141,-0.03046605,0.07750225,0.04735729,FOUR
-0.0100418,0.05528784,-0.03257135,0.0008649155,0.1112981,0.01359618,-0.009254813,0.1192633,0.02047938,-0.01837896,0.1085851,0.02311462,-0.0326035,0.0817644,0.02927113,FOUR
-0.01057722,0.05505753,-0.03141063,-0.000295192,0.1112611,0.01251745,-0.009876624,0.1192612,0.01964724,-0.01871213,0.1085387,0.02297458,-0.03197436,0.08168697,0.0300993,FOUR
-0.01221144,0.05784413,-0.0275341,-0.003049977,0.1111968,0.01361081,-0.01203714,0.1183716,0.02275765,-0.01987112,0.10711,0.02821648,-0.02888349,0.07967949,0.03781271,FOUR
-0.01415024,0.06144631,-0.03074214,-0.007594295,0.1119624,0.01073515,-0.01386416,0.1171526,0.02553746,-0.01863949,0.1047918,0.03633887,-0.02128418,0.07719377,0.0469352,FOUR
-0.01503385,0.0605678,-0.033656,-0.005078234,0.1128324,0.006531805,-0.01025797,0.1179155,0.02330175,-0.01450139,0.1055121,0.03650999,-0.01583606,0.07825133,0.04951537,FOUR
-0.01530092,0.06074396,-0.03361291,-0.003783911,0.1128787,0.006118059,-0.008443467,0.1180836,0.02316028,-0.012403,0.1057875,0.03656209,-0.01366371,0.07865065,0.04953629,FOUR
-0.04211811,0.041219,0.02812096,-0.006434076,0.113636,0.003388733,0.0009154379,0.1142206,0.03255892,-0.003646884,0.09439456,0.0575825,-0.007461369,0.06069732,0.07533628,FOUR
-0.04393544,0.02666569,0.03418231,-0.01113922,0.112481,0.0127365,-0.003327087,0.1114404,0.04206729,-0.00963521,0.08953533,0.06459615,-0.01595521,0.05505505,0.07668132,FOUR
-0.04384822,0.02376482,0.0351266,-0.01157548,0.1127523,0.012541,-0.003645644,0.111936,0.04139978,-0.0103179,0.09009963,0.06368852,-0.01557816,0.05604041,0.07607013,FOUR
-0.03722827,0.04247722,0.02989969,0.003304236,0.1141634,0.007683277,0.00881923,0.1122817,0.03684875,0.005667217,0.09255746,0.06028521,0.0002867207,0.05881223,0.07678011,FOUR
-0.03732729,0.04208747,0.02974895,0.003978454,0.1145248,0.004810929,0.00932119,0.1133047,0.03392959,0.007197641,0.09418958,0.05811954,0.002159014,0.06061283,0.07601613,FOUR
-0.03821141,0.04685235,0.02124462,0.003340796,0.1149173,-0.004788458,0.007337086,0.1170872,0.02187634,0.007185273,0.1012506,0.04670373,0.005236782,0.07030675,0.06754321,FOUR
-0.0268466,0.06163022,-0.02567989,0.006392084,0.113712,-0.003488213,0.007120453,0.1197803,0.01323482,0.006712988,0.1080726,0.02998486,0.009199932,0.08163157,0.04562649,FOUR
-0.02462456,0.0593282,-0.03024441,0.008696921,0.112847,-0.0004143417,0.00948187,0.1198141,0.01363379,0.007706724,0.1085192,0.02793649,0.009865239,0.0822587,0.04223934,FOUR
-0.02536799,0.05916214,-0.0294638,0.007592067,0.1129429,-0.001308352,0.008637786,0.1199335,0.01283404,0.007109158,0.1086718,0.02730957,0.009567484,0.08251041,0.04192051,FOUR
-0.01063501,0.05840263,-0.03800726,0.002251938,0.1131205,0.001639932,-0.00313665,0.1197489,0.01763755,-0.008198619,0.1086182,0.03045875,-0.01109076,0.08225629,0.04358858,FOUR
-0.02101617,0.05989257,-0.03489479,0.003421746,0.1133874,0.0006804764,-0.0005750954,0.1194695,0.01756549,-0.004189976,0.1077231,0.03252533,-0.005613528,0.08131912,0.04643491,FOUR
-0.02297236,0.06020409,-0.03302744,0.002422057,0.1133967,0.0007826686,-0.001356341,0.1192923,0.01788253,-0.004426241,0.1073885,0.03323942,-0.005777702,0.08092898,0.04710445,FOUR
-0.02437783,0.06123745,-0.03017509,0.002385706,0.1133617,0.001433194,-0.0005757138,0.1189793,0.01881918,-0.002740704,0.106821,0.0348551,-0.004224971,0.0801926,0.04849824,FOUR
-0.01889574,0.05882499,-0.03715464,-0.00253363,0.1124674,-0.0009707212,-0.007723548,0.119358,0.01498592,-0.009445705,0.1087061,0.02944669,-0.01082686,0.08289811,0.04271257,FOUR
-0.02794237,0.06014901,-0.02844495,-0.00507322,0.113037,-0.001396447,-0.006889492,0.1189353,0.01637292,-0.007008627,0.1071303,0.03348896,-0.006599359,0.08058405,0.04820114,FOUR
-0.0276404,0.05997133,-0.02878767,-0.005011909,0.1130406,-0.001894772,-0.006812006,0.1190298,0.01586446,-0.006980047,0.1073082,0.03296909,-0.006584547,0.0808332,0.04772976,FOUR
-0.02539603,0.06035411,-0.03053004,-0.004503421,0.1129006,-0.0007627606,-0.006565154,0.1188987,0.01712593,-0.007003307,0.1072158,0.03379065,-0.007310875,0.08071327,0.04785228,FOUR
-0.02328888,0.0589914,-0.03281146,-0.003318764,0.1122613,0.00126797,-0.007838838,0.1190403,0.01649216,-0.009337626,0.1081397,0.03067768,-0.01029176,0.08196744,0.04468611,FOUR
-0.01935693,0.05881342,-0.0357697,-0.00119473,0.1123514,0.002902329,-0.006439008,0.1193404,0.01746696,-0.009684764,0.1084078,0.03022557,-0.0119184,0.08209634,0.04327059,FOUR
-0.0195974,0.05813658,-0.02916545,-0.004838809,0.1114152,0.00616771,-0.01024469,0.1192293,0.01728767,-0.01264355,0.1086464,0.02601081,-0.01857465,0.08162528,0.03889868,FOUR
-0.01738277,0.05922568,-0.03001928,-0.003248826,0.1119276,0.007413864,-0.009478457,0.1190762,0.01965624,-0.01346983,0.1080505,0.02916902,-0.01884224,0.08088827,0.04116398,FOUR
-0.01412145,0.05993217,-0.03130147,-0.001544997,0.1124176,0.007848322,-0.008371018,0.1190551,0.02100587,-0.01413023,0.1076483,0.03097695,-0.01913464,0.08042532,0.04245985,FOUR
-0.01024634,0.05939436,-0.03250992,-9.548664E-05,0.1123883,0.008075953,-0.00860022,0.1192769,0.02001762,-0.01602309,0.1080807,0.02862835,-0.02297546,0.08101001,0.03976053,FOUR
-0.009186082,0.05695409,-0.0354386,-0.0016471,0.1117049,0.007932603,-0.01032498,0.1197057,0.01665068,-0.01838032,0.1088066,0.0242843,-0.02818323,0.08175719,0.03501016,FOUR
-0.008857474,0.05611339,-0.03629509,-0.002329998,0.1109552,0.01217508,-0.01124914,0.1193676,0.0187144,-0.02004959,0.1083519,0.02487284,-0.03252581,0.08106256,0.03162223,FOUR
-0.01209606,0.05832237,-0.03314832,-0.003414132,0.1091501,0.0208137,-0.01300997,0.1176699,0.02578861,-0.02154716,0.1065259,0.02957517,-0.03386746,0.07896602,0.03359187,FOUR
-0.01068483,0.06358981,-0.02666715,-0.009613082,0.1085043,0.02519357,-0.01968855,0.1141006,0.03473225,-0.02643298,0.1023066,0.03805685,-0.03419925,0.07385767,0.0439845,FOUR
-0.01165143,0.06891757,-0.01216644,-0.01076078,0.104064,0.04076299,-0.01832773,0.1062272,0.05408338,-0.02518012,0.09307897,0.05662951,-0.03272804,0.06388116,0.0574517,FOUR
-0.004325882,0.07070139,-0.01497316,-0.006538734,0.1043269,0.03936443,-0.01853241,0.1091548,0.04663214,-0.02705923,0.09795472,0.04391125,-0.03915982,0.07049972,0.04045898,FOUR
-0.004413977,0.07203034,-0.01481849,-0.006017819,0.1055081,0.04134244,-0.01804093,0.1114315,0.04745993,-0.02632292,0.1005896,0.04360032,-0.03872713,0.07292923,0.03945225,FOUR
-0.005093552,0.07252562,-0.01597592,-0.00624457,0.1070336,0.04101565,-0.01823105,0.1139256,0.0458729,-0.02637174,0.1031007,0.04167074,-0.03862225,0.07505354,0.03793865,FOUR
-0.008034348,0.06832328,-0.0256449,-0.009150043,0.1131926,0.02921987,-0.02055658,0.1217207,0.03225681,-0.02825473,0.1104282,0.03007001,-0.03997186,0.08136395,0.03038317,FOUR
-0.02070426,0.05537719,-0.03912041,-0.006072335,0.1177823,0.01617557,-0.01749107,0.1270498,0.01840901,-0.02622718,0.1157483,0.02081662,-0.03956304,0.08689424,0.02307162,FOUR
-0.0125189,0.06319538,-0.03624827,-0.008527011,0.1193311,0.009748548,-0.01979961,0.1263498,0.0203962,-0.02696934,0.1143703,0.02765357,-0.0329093,0.08526435,0.03610256,FOUR
-0.01450412,0.06236091,-0.03753582,-0.01005898,0.1199118,0.005289942,-0.01831972,0.1265032,0.01960337,-0.02303615,0.1141631,0.03117433,-0.02461991,0.08533573,0.04426754,FOUR
-0.01559848,0.06226853,-0.03754574,-0.009550184,0.1200612,0.005325913,-0.01748253,0.1265415,0.02012664,-0.02207924,0.1140812,0.03216454,-0.02334111,0.08522683,0.04556781,FOUR
-0.01720241,0.06047761,-0.04077169,-0.001583196,0.1203808,-0.001517028,-0.009093441,0.1284517,0.01372695,-0.01349606,0.1172304,0.02798417,-0.01632541,0.08940297,0.04250214,FOUR
-0.02228679,0.06146973,-0.03732109,-0.00375355,0.12027,0.001077801,-0.01143144,0.1277115,0.01690298,-0.01504057,0.1161337,0.03107619,-0.01703808,0.08815029,0.04441509,FOUR
-0.0261899,0.05974144,-0.03718603,-0.00191287,0.120115,-0.001175433,-0.007763073,0.1282276,0.01422918,-0.01023413,0.1171886,0.0283336,-0.01078286,0.08974743,0.04169673,FOUR
-0.02567822,0.06048387,-0.03640828,-0.002004765,0.1201151,0.0005193353,-0.007925466,0.1280015,0.01603323,-0.0104631,0.1167555,0.03006861,-0.01118783,0.08911458,0.04306456,FOUR
-0.02627674,0.06166434,-0.03504843,-0.0030872,0.1200413,0.002527416,-0.008890428,0.1275773,0.01835319,-0.01094814,0.1160612,0.03248063,-0.01249612,0.08814687,0.0443143,FOUR
-0.02819332,0.06100896,-0.03543907,-0.003051482,0.1203069,-0.0001809895,-0.008669503,0.1279638,0.01575002,-0.01096494,0.1165178,0.03046441,-0.01234378,0.08871368,0.04297936,FOUR
-0.03519849,0.06322703,-0.02430236,0.0119223,0.1215318,-0.007888258,0.006498531,0.1281809,0.01551512,-0.0008945018,0.115414,0.03695089,-0.00999184,0.08643651,0.05400816,FOUR
-0.04444729,0.06051239,-0.01594663,0.01407013,0.1218589,-0.01617366,0.009233154,0.1276757,0.01679277,-0.00214918,0.1121489,0.0467805,-0.0167992,0.07918698,0.06856197,FOUR
-0.04349127,0.06089005,-0.01740971,0.01349712,0.1217915,-0.01605284,0.008925393,0.1277577,0.01642314,-0.001428232,0.1125387,0.04611513,-0.0157095,0.08000132,0.06772631,FOUR
-0.02396914,0.06369901,-0.04450473,0.001163967,0.121461,-0.007751226,-0.005809553,0.1282417,0.01327762,-0.01131905,0.11567,0.03343868,-0.01709592,0.08670622,0.05154487,FOUR
-0.01570071,0.06194183,-0.04439408,0.001736924,0.1208128,-0.003083736,-0.004890546,0.1286455,0.01316199,-0.009726964,0.1171505,0.02825224,-0.01234873,0.08943745,0.04322916,FOUR
-0.01401724,0.06158045,-0.03873265,-0.001537785,0.1201819,0.001052946,-0.006730571,0.1283075,0.01585644,-0.01101905,0.1169433,0.02850872,-0.01178917,0.08915785,0.04220763,FOUR
-0.01465248,0.06268996,-0.03782427,-0.002140343,0.1202185,0.002100468,-0.00707598,0.1279674,0.01779884,-0.01133663,0.1163062,0.0309675,-0.01232301,0.08829305,0.04460472,FOUR
-0.01500361,0.06291348,-0.03796524,-0.002075061,0.1202967,0.00203836,-0.007121652,0.1278993,0.0180659,-0.01134686,0.1161438,0.0315769,-0.01242705,0.08808187,0.04522908,FOUR
-0.01574461,0.06279367,-0.03805709,-0.002291925,0.1203659,0.001547396,-0.007350884,0.1279072,0.01775202,-0.01141162,0.1161305,0.03152609,-0.01234151,0.08808684,0.0452826,FOUR
-0.01404142,0.06210443,-0.03916979,-0.00376685,0.1205055,0.0006577969,-0.01017717,0.1279162,0.01646367,-0.0149227,0.1160853,0.03020564,-0.01601432,0.08810043,0.0440512,FOUR
-0.01260328,0.06235564,-0.03745791,-0.002846263,0.1202855,0.002007037,-0.008558892,0.1277831,0.01762423,-0.01284713,0.1161017,0.030655,-0.01422182,0.08796412,0.04430616,FOUR
-0.01568069,0.06123003,-0.03827673,-0.002624877,0.1202756,-0.0006747842,-0.007726103,0.1281627,0.01491064,-0.01116234,0.1168109,0.02865395,-0.01186389,0.08903116,0.0429652,FOUR
-0.01372994,0.06207472,-0.03899905,-0.002087452,0.1202879,0.000869751,-0.007776909,0.1280137,0.01661298,-0.01217894,0.1164357,0.03023517,-0.01342508,0.08851597,0.04412735,FOUR
-0.01367291,0.06256741,-0.03925195,-0.001208141,0.1203895,0.001440436,-0.006717131,0.1280043,0.01746902,-0.01133449,0.1162861,0.03127646,-0.01260461,0.08828995,0.04498532,FOUR
-0.01589206,0.06393394,-0.03737342,0.001632556,0.1204909,0.003930748,-0.003154792,0.1277358,0.02048331,-0.007492602,0.1156821,0.03442216,-0.008535676,0.08737752,0.04754907,FOUR
-0.01889562,0.06519622,-0.0360859,0.002079047,0.1205275,0.005938172,-0.002131902,0.127292,0.02305049,-0.005791657,0.1147994,0.03738123,-0.006300911,0.08621746,0.05009437,FOUR
-0.01869692,0.06542656,-0.03654739,0.001047097,0.1205069,0.006462485,-0.003721491,0.1270888,0.02368915,-0.007678486,0.1144417,0.03809056,-0.008358851,0.0858067,0.05080041,FOUR
-0.0185831,0.0653609,-0.03687209,0.0007796288,0.1205206,0.006259531,-0.004143193,0.1271055,0.02347383,-0.008203112,0.1144605,0.03790495,-0.00893148,0.08584145,0.05070445,FOUR
-0.01916591,0.06485412,-0.03699663,-0.0003615171,0.1203431,0.006087482,-0.004839636,0.1271213,0.02301204,-0.008207679,0.1146933,0.0370816,-0.008159615,0.08617514,0.04999679,FOUR
-0.01862392,0.06582764,-0.03669235,-0.0002141669,0.1202276,0.007423013,-0.00459487,0.1267777,0.02448139,-0.007892035,0.1141398,0.03862631,-0.007763959,0.08549792,0.05125967,FOUR
-0.01969551,0.06564829,-0.03510022,-0.000499025,0.1202632,0.007661343,-0.004534364,0.1266259,0.02495271,-0.007282928,0.1139197,0.03931355,-0.00696896,0.08514994,0.05187011,FOUR
-0.01899073,0.06559846,-0.03526655,-0.0003233403,0.120238,0.00766319,-0.00462649,0.1266626,0.02489093,-0.00757575,0.1140521,0.03895465,-0.007551126,0.08531862,0.05146724,FOUR
-0.01691806,0.06515631,-0.03717285,-0.001918897,0.1202522,0.007109433,-0.007366247,0.1267689,0.02410808,-0.01135174,0.1142689,0.03755715,-0.01188794,0.08561915,0.0502021,FOUR
-0.01516806,0.06469709,-0.03721151,-0.002708428,0.1203669,0.006206274,-0.008806318,0.1269072,0.0228627,-0.01372001,0.1143014,0.03652486,-0.01474128,0.08568799,0.0494149,FOUR
-0.0142929,0.0645844,-0.03686869,-0.002861686,0.1203181,0.006781638,-0.009286374,0.1268473,0.02319574,-0.01454349,0.1142078,0.03665143,-0.0158309,0.08555645,0.0492996,FOUR
-0.01330777,0.0646275,-0.03677019,-0.002692088,0.1202802,0.007296294,-0.009343997,0.1268009,0.02357051,-0.01487309,0.1141562,0.03679121,-0.01648632,0.08546156,0.04922476,FOUR
-0.008927993,0.06555635,-0.03517649,-0.003208481,0.1200109,0.01176503,-0.01069339,0.1260996,0.02737659,-0.01724172,0.1132329,0.03861505,-0.02054942,0.08385643,0.04976308,FOUR
-0.008551314,0.06532827,-0.03567106,-0.003284663,0.1201353,0.01072851,-0.01071452,0.1263589,0.02619335,-0.01732412,0.1135677,0.03747636,-0.02083135,0.08421737,0.04891247,FOUR
-0.008300863,0.06478524,-0.03625765,-0.003509432,0.1202372,0.009233981,-0.01087704,0.1267032,0.02441189,-0.0174586,0.1140647,0.03577709,-0.02109343,0.08481646,0.04761836,FOUR
-0.007132471,0.06508234,-0.03574327,-0.004554145,0.1199708,0.0102734,-0.01227167,0.1264518,0.02496076,-0.01876697,0.1137965,0.03609696,-0.02244235,0.08445883,0.04777601,FOUR
-0.005957529,0.06317905,-0.03620785,-0.004757151,0.1198551,0.00629285,-0.01219463,0.1273622,0.01943105,-0.01826534,0.1153652,0.03058997,-0.0217604,0.08664668,0.04282722,FOUR
-0.001331821,0.06071302,-0.03564104,0.003689967,0.1199537,0.005780637,-0.00409174,0.1286445,0.01685926,-0.01261189,0.1173874,0.02649593,-0.02032168,0.08902895,0.03869766,FOUR
-0.001287945,0.06061098,-0.03565311,0.004027329,0.1199086,0.006271273,-0.003928699,0.1286134,0.01727259,-0.01253382,0.1173855,0.02668309,-0.02047549,0.08901632,0.03869063,FOUR
-0.001052707,0.05982161,-0.0363645,0.005602829,0.119664,0.007780731,-0.003117725,0.1285808,0.01804519,-0.01213352,0.1175625,0.02637285,-0.02154697,0.08928213,0.03753078,FOUR
-0.002155565,0.05950451,-0.03682876,0.006323077,0.1194533,0.00882262,-0.002551667,0.1285022,0.01871943,-0.01160832,0.1175833,0.02657449,-0.0210564,0.08925211,0.03858793,FOUR
-0.001139574,0.05957997,-0.03737852,0.00500948,0.1196252,0.005962253,-0.003048532,0.1287941,0.01566011,-0.01242524,0.1178057,0.02444234,-0.02153958,0.0897668,0.03605804,FOUR
-0.003326528,0.05928454,-0.03803053,0.006892577,0.1193003,0.009945095,-0.00256031,0.128493,0.01875252,-0.01286012,0.1175175,0.02658296,-0.02293368,0.08938989,0.03637016,FOUR
-0.003141411,0.05955112,-0.03794342,0.005973987,0.1197522,0.005304843,-0.002061263,0.1288131,0.01579911,-0.01090968,0.1178698,0.02526397,-0.01905919,0.08984372,0.03744373,FOUR
-0.002596229,0.05953166,-0.03828108,0.006289676,0.1196375,0.0058918,-0.002179697,0.1287637,0.01623544,-0.01100966,0.1179112,0.02540538,-0.01936702,0.08989072,0.03730863,FOUR
-0.005892694,0.0578298,-0.03880143,0.008185074,0.1190785,0.009099364,-0.001331277,0.1288045,0.0166389,-0.01217729,0.1182182,0.0230116,-0.02403063,0.09057546,0.03180778,FOUR
-0.006724365,0.05891061,-0.03729209,0.008331403,0.1192076,0.008004874,-0.0008670539,0.1287935,0.01577687,-0.01109355,0.1181836,0.02263308,-0.02249145,0.09060165,0.03283638,FOUR
-0.00798963,0.05852622,-0.03770822,0.008127913,0.1191885,0.008375257,-0.001192749,0.128801,0.01578256,-0.01138668,0.1181765,0.02260643,-0.02316619,0.09057677,0.0323987,FOUR
-0.004924096,0.0599308,-0.03738141,0.007834151,0.1191434,0.009640455,-0.001855895,0.1285698,0.01776719,-0.01212689,0.1178596,0.02456677,-0.02321967,0.0900512,0.03422725,FOUR
-0.008295037,0.05816957,-0.03429562,0.005375251,0.119017,0.009752452,-0.003284,0.1286946,0.01628828,-0.01295133,0.1179085,0.02206567,-0.02634556,0.09006256,0.03107628,FOUR
-0.006741501,0.05840012,-0.03638464,0.002879187,0.1190403,0.009609222,-0.006573841,0.1286529,0.01526719,-0.01604874,0.1178275,0.02095369,-0.02986425,0.0898186,0.02872658,FOUR
-0.008439071,0.05947345,-0.03806698,0.001241103,0.1192056,0.008838981,-0.008122578,0.1284716,0.01558393,-0.01702601,0.1174017,0.022192,-0.02937436,0.08910212,0.03147325,FOUR
-0.009826422,0.06038138,-0.03791842,-0.000181444,0.1192831,0.009536177,-0.009650387,0.1281474,0.01708505,-0.01805869,0.1168085,0.02420512,-0.02892509,0.08815998,0.03459272,FOUR
-0.01007563,0.06101969,-0.03738323,-0.0006249025,0.1192919,0.01031503,-0.01016756,0.1279208,0.01840129,-0.01850834,0.1164454,0.02568445,-0.02928316,0.08769029,0.03430766,FOUR
-0.0121458,0.06532204,-0.03192067,-0.004714295,0.1196355,0.01241234,-0.0137189,0.1259939,0.02599511,-0.02053478,0.1134313,0.03512174,-0.0247063,0.08409053,0.04508823,FOUR
-0.01266333,0.06455684,-0.03522485,-0.00807412,0.1199315,0.007885218,-0.01617801,0.1262666,0.02231067,-0.02199005,0.113587,0.03332624,-0.02465998,0.08435151,0.04544592,FOUR
-0.01217584,0.06395629,-0.03658637,-0.004815914,0.120254,0.006275535,-0.0117491,0.1269297,0.02156165,-0.01728719,0.1145158,0.03352585,-0.0195372,0.08565575,0.04627946,FOUR
-0.01522009,0.06365258,-0.03634709,-0.004226089,0.1203753,0.005724937,-0.01041672,0.1270349,0.02145082,-0.01528765,0.1146221,0.03392366,-0.01671921,0.08586419,0.04698965,FOUR
-0.01499119,0.06219944,-0.03843406,0.0008353293,0.1205858,0.001174331,-0.005170986,0.1281522,0.01712629,-0.01009488,0.1164661,0.03084826,-0.01265384,0.08839414,0.04458758,FOUR
-0.01381563,0.0620617,-0.03931525,0.001832448,0.1206475,4.941225E-05,-0.003993966,0.1284131,0.01581016,-0.009243861,0.1168652,0.02955973,-0.01218577,0.08888099,0.0435988,FOUR
-0.01601591,0.0655452,-0.03708419,0.001214445,0.1203581,0.005128652,-0.004951581,0.127106,0.0222322,-0.01022182,0.1145603,0.03695604,-0.01365492,0.08608693,0.04971549,FOUR
-0.04868761,0.01197916,0.04108965,-0.02512437,0.1156744,0.02292123,-0.02318957,0.1133364,0.05024034,-0.02485324,0.08973351,0.07111979,-0.02272303,0.05306107,0.08363539,FOUR
-0.04868234,0.012739,0.04067659,-0.02495161,0.1165988,0.02068061,-0.02326134,0.114105,0.04879543,-0.02485331,0.0906131,0.07004791,-0.02282169,0.05391219,0.082856,FOUR
-0.05015262,0.01438785,0.03791919,-0.02302061,0.1193775,0.01209792,-0.02299999,0.1174415,0.04226145,-0.02552035,0.09485614,0.06504565,-0.02299322,0.05827105,0.08137932,FOUR
-0.05057599,0.01556361,0.03675404,-0.02087567,0.1203602,0.009133279,-0.02181237,0.1187702,0.03979126,-0.02515009,0.09664109,0.06294727,-0.02303151,0.06024492,0.0804334,FOUR
-0.05097914,0.01653734,0.03607273,-0.01992904,0.1210409,0.006563485,-0.02157295,0.119682,0.03786373,-0.02502179,0.09794965,0.06162363,-0.02249828,0.06179011,0.08003625,FOUR
-0.0503673,0.01780689,0.03697851,-0.01929602,0.1213925,0.006227791,-0.02019124,0.1202496,0.03761002,-0.02274995,0.0986647,0.06209919,-0.01917491,0.06256568,0.08071336,FOUR
-0.0489559,0.01628444,0.03920913,-0.0200446,0.1213326,0.007449389,-0.01994269,0.1200975,0.03847167,-0.02122398,0.09848198,0.06302926,-0.01672598,0.06234577,0.0811688,FOUR
-0.04663681,0.01363674,0.04256931,-0.01976034,0.121023,0.0108349,-0.01848546,0.1190675,0.04133254,-0.01848592,0.09690437,0.06543949,-0.01275896,0.06057337,0.08270067,FOUR
-0.04157148,0.04375243,0.03085864,-0.01225197,0.1164857,0.01024693,-0.000107687,0.119603,0.04077941,0.002329323,0.09811649,0.06741336,-0.001695238,0.06105497,0.08475244,FOUR
-0.0001154914,0.06436744,-0.03077593,-0.0003561452,0.1183913,0.01691321,-0.009616971,0.1266274,0.02666864,-0.01702914,0.1152261,0.03227794,-0.02663927,0.08583474,0.04173109,FOUR
-0.001362346,0.06031153,-0.03587177,0.001695096,0.1178104,0.01714367,-0.008078814,0.1277185,0.02151385,-0.01840063,0.1167572,0.02565607,-0.03193635,0.088415,0.03122103,FOUR
-0.003009424,0.05993745,-0.03491741,0.002645098,0.1175825,0.0189577,-0.007078961,0.1275715,0.02281934,-0.01764338,0.1166581,0.02614206,-0.03243514,0.08854252,0.02955386,FOUR
-0.005327202,0.05809745,-0.03476942,0.00351356,0.1179699,0.01730031,-0.006572448,0.1280643,0.01915324,-0.01698005,0.1172043,0.02170792,-0.03237194,0.08932057,0.02603963,FOUR
-0.006668456,0.06027377,-0.03605258,0.001147024,0.1176365,0.01920521,-0.009695634,0.1270867,0.02399212,-0.01973799,0.1160806,0.02713719,-0.03220458,0.08769134,0.03196976,FOUR
-0.00290975,0.06278351,-0.03440839,-0.0002976805,0.1170978,0.0221082,-0.01121368,0.1261655,0.02786011,-0.02105559,0.1149907,0.03091317,-0.03254056,0.08623013,0.03552899,FOUR
0.000632897,0.06160989,-0.02748045,0.00396122,0.1153798,0.02869791,-0.006013364,0.1251292,0.03400865,-0.01653548,0.1147262,0.03518474,-0.03109406,0.08637995,0.03754085,FOUR
-0.003459029,0.06039116,-0.03384343,9.11057E-05,0.1182928,0.01607916,-0.01043376,0.1273139,0.02217764,-0.02020188,0.1160928,0.02642065,-0.0309433,0.08751461,0.03364122,FOUR
-0.002218954,0.06156433,-0.03428057,-0.0002892241,0.118881,0.01425797,-0.01071746,0.1273181,0.022403,-0.0208419,0.1156704,0.02829349,-0.02983671,0.08687437,0.03643322,FOUR
-0.01366521,0.06664288,-0.03850096,-0.02992468,0.1155689,-0.002259612,-0.03905533,0.1205114,0.01388666,-0.04213594,0.1074513,0.02882537,-0.03946723,0.08000073,0.04276732,FOUR
-0.01440881,0.06631893,-0.03804559,-0.03027846,0.1154456,-0.002205193,-0.03959513,0.1203436,0.01369116,-0.04266156,0.1073127,0.02839154,-0.03969407,0.07999125,0.04242146,FOUR
-0.01570218,0.06596398,-0.03904539,-0.03332701,0.1142133,-0.003918141,-0.04323879,0.1189886,0.01170814,-0.04643073,0.1059798,0.02621749,-0.04299938,0.07905635,0.04085651,FOUR
-0.01518149,0.06612486,-0.03901988,-0.0294847,0.1155704,-0.002994299,-0.03842544,0.1208248,0.01274434,-0.04159871,0.107866,0.02755892,-0.03844199,0.08073932,0.04227561,FOUR
-0.01616073,0.06595117,-0.03883946,-0.02725966,0.1163213,-0.001947552,-0.03561214,0.1217262,0.01410916,-0.0387638,0.10871,0.02906826,-0.03582822,0.0813621,0.04353788,FOUR
-0.0164007,0.06184253,-0.04100949,-0.0006416142,0.120388,-0.001686752,-0.006037675,0.128214,0.01449487,-0.01018408,0.116732,0.02941331,-0.01107101,0.08922994,0.04305449,FOUR
-0.01149634,0.0625439,-0.03895664,0.005164362,0.1201982,0.001787275,0.0003672764,0.1281993,0.0176605,-0.004620872,0.1168178,0.03132674,-0.007318698,0.08893183,0.04460138,FOUR
-0.0107208,0.0632672,-0.03771323,0.005150557,0.1202626,0.003802508,0.0001417547,0.1279043,0.01985514,-0.005303137,0.1162318,0.0332129,-0.008335747,0.08808285,0.04612821,FOUR
-0.01059789,0.06452137,-0.03660107,0.001114987,0.1205394,0.004775912,-0.004516922,0.1274474,0.02118161,-0.0101592,0.1152067,0.03434262,-0.01284831,0.08672866,0.04729435,FOUR
-0.009547107,0.06471989,-0.03756875,0.0002550632,0.1206171,0.004580826,-0.005634576,0.1274999,0.02085721,-0.01166384,0.1152501,0.03378898,-0.01494287,0.0866558,0.04676279,FOUR
-0.001891732,0.06263667,-0.04005733,-0.004998639,0.1199979,0.001292616,-0.01320457,0.1277935,0.01389265,-0.01970606,0.1161153,0.02440098,-0.02386058,0.08803532,0.03754455,FOUR
-0.00176435,0.06255901,-0.04026037,-0.005214125,0.1199339,0.001108497,-0.01336017,0.127806,0.01356661,-0.01972137,0.1161816,0.02403811,-0.02388901,0.08813095,0.03713948,FOUR
-0.002472192,0.06203994,-0.0407666,-0.005154461,0.1198156,0.0004073381,-0.01289336,0.1279322,0.01268589,-0.01889872,0.1164816,0.02323836,-0.02291204,0.08855069,0.03633815,FOUR
-0.009838752,0.06341344,-0.03709179,-0.001581945,0.1204057,0.004282773,-0.007996164,0.1275127,0.01959658,-0.01405881,0.115415,0.03192773,-0.01676717,0.08692724,0.04490736,FOUR
-0.008574642,0.06302425,-0.03927347,-0.001326792,0.1204193,0.001312941,-0.007627867,0.1280063,0.01643354,-0.0137466,0.1162803,0.02916175,-0.01687698,0.08812052,0.04278061,FOUR
-0.00605908,0.06381497,-0.03701964,-4.755706E-05,0.1202117,0.005934328,-0.006703258,0.1275478,0.02041569,-0.01330717,0.115534,0.03208244,-0.01734805,0.08696863,0.0444977,FOUR
-0.006620973,0.06250221,-0.03788605,-0.0009932145,0.1202365,0.00249356,-0.00739146,0.1280711,0.01629212,-0.01363239,0.1163853,0.02812493,-0.01724015,0.08817229,0.04129988,FOUR
-0.002467595,0.06103891,-0.03515333,0.004215546,0.1193637,0.008249968,-0.002996892,0.1283474,0.01842156,-0.0116164,0.1171728,0.0272679,-0.02015021,0.0888994,0.03829589,FOUR
-0.01187503,0.06086847,-0.04360348,-0.01407827,0.1195572,-0.004230678,-0.02173191,0.1267626,0.01105431,-0.02707902,0.114759,0.02450114,-0.02810621,0.08699709,0.03960505,FOUR
-0.02782498,0.06772414,-0.03439754,-0.02812354,0.1165671,0.006884158,-0.03501929,0.119694,0.02657771,-0.03654649,0.1046153,0.04491505,-0.03404205,0.07510909,0.05821508,FOUR
-0.03015462,0.0663031,-0.03778923,-0.02871032,0.1168303,-0.0003632903,-0.03519996,0.1207613,0.02047145,-0.03732078,0.1059344,0.04078621,-0.0348906,0.07670262,0.05635202,FOUR
-0.02055825,0.06448817,-0.03727818,-0.02006813,0.118847,0.002687424,-0.02884682,0.1237086,0.01955727,-0.03350302,0.1098514,0.0348728,-0.03156696,0.08167404,0.04813546,FOUR
-0.008875489,0.06266084,-0.04077595,-0.009479187,0.1200725,0.002160221,-0.01729028,0.1271393,0.01623994,-0.02338242,0.1148153,0.02807102,-0.02560018,0.08634493,0.04171461,FOUR
-0.02012967,0.0681513,-0.04250002,0.004824765,0.1224701,0.003751457,-0.009978399,0.1256326,0.02738565,-0.02477186,0.1094125,0.04521546,-0.03764518,0.07738775,0.057524,FOUR
-0.02770428,0.06569177,-0.03998083,0.005193792,0.1228849,-0.002037108,-0.009977676,0.1262437,0.02341372,-0.02560664,0.1095785,0.04414827,-0.03987655,0.07685721,0.05815265,FOUR
-0.02315053,0.06626219,-0.04492822,0.001750447,0.1226306,-0.001101524,-0.01055221,0.126742,0.02220368,-0.02214243,0.1114506,0.04142115,-0.03171187,0.08016777,0.05664673,FOUR
-0.01709138,0.06590712,-0.047741,0.005204909,0.1221455,-0.003667265,-0.003516607,0.1281118,0.01797554,-0.01341559,0.114674,0.03565356,-0.02117443,0.08505204,0.05216923,FOUR
-0.01509176,0.06563634,-0.04568085,0.006498441,0.1218375,-0.003426135,-0.003128849,0.1282696,0.01705179,-0.01340187,0.1153904,0.03374803,-0.02231926,0.08617342,0.04936388,FOUR
-0.0119275,0.06440148,-0.03933722,0.006107666,0.1206549,0.002236336,-0.00235799,0.1282776,0.01824215,-0.01067252,0.11663,0.03088126,-0.01863216,0.08821484,0.04324418,FOUR
-0.02037196,0.06392941,-0.04071492,0.003748678,0.1212439,-0.004889876,-0.001362525,0.1285951,0.01425925,-0.007947378,0.1166772,0.02997851,-0.01249059,0.08846405,0.04587865,FOUR
-0.02159942,0.06346053,-0.04290569,0.00128904,0.121374,-0.005942255,-0.003240153,0.1285624,0.01364136,-0.009206623,0.1163923,0.03014416,-0.01222797,0.08819085,0.04675186,FOUR
-0.03074688,0.06901982,-0.04537523,0.004909746,0.1225185,-0.004170716,0.001433484,0.1264433,0.02424917,-0.005930841,0.1101938,0.04878569,-0.01380308,0.07760063,0.06825823,FOUR
-0.03824907,0.06777838,-0.04331577,0.006127395,0.122706,-0.009843916,0.002220273,0.1263692,0.02352732,-0.007563435,0.1084311,0.05309686,-0.02004924,0.0731861,0.07398537,FOUR
-0.03250608,0.06731868,-0.04739615,0.007739224,0.122497,-0.008545816,0.001335315,0.1265078,0.02325937,-0.01163623,0.1093418,0.05035019,-0.02662493,0.07483861,0.06960478,FOUR
-0.03248645,0.06762013,-0.04710782,0.007790588,0.1226014,-0.00834924,0.001671545,0.1265374,0.02350843,-0.01128194,0.109356,0.05032045,-0.02613594,0.07481727,0.06969303,FOUR