0.08818515,0.06211597,-0.03072637,3.802031E-05,0.1110312,0.05101117,-0.005323678,0.02888286,-0.02985927,-0.01677928,0.01956749,-0.02247238,-0.07173349,0.0638904,0.03742895,LOVE
0.08682252,0.0632785,-0.03371525,-0.001043819,0.1113625,0.05016667,-0.005973592,0.02730787,-0.02945369,-0.01699809,0.01767984,-0.0218167,-0.07307228,0.06286103,0.03850481,LOVE
0.08595969,0.06376246,-0.03560653,-0.002798438,0.1123513,0.04756507,-0.006549329,0.02653685,-0.02986425,-0.0173356,0.01682052,-0.02198136,-0.07416654,0.06199375,0.03833237,LOVE
0.08430219,0.06482664,-0.0369378,-0.004596941,0.1128895,0.0451313,-0.00785356,0.02637842,-0.02973494,-0.01814659,0.01628184,-0.02130783,-0.07487586,0.0602003,0.039536,LOVE
0.08348419,0.0648526,-0.03854519,-0.005295075,0.1138597,0.04278895,-0.008105546,0.02586398,-0.02990761,-0.01839907,0.01591522,-0.02131945,-0.07498395,0.06053475,0.03892446,LOVE
0.07796032,0.06481749,-0.04731956,-0.001853466,0.1145609,0.0426529,-0.01353034,0.02380198,-0.02936304,-0.02211529,0.01380104,-0.01932475,-0.06812727,0.06393662,0.0393396,LOVE
0.07815864,0.06706274,-0.04442775,-0.005433358,0.1134099,0.04428804,-0.01293593,0.02489164,-0.02962288,-0.02173649,0.01450861,-0.01997617,-0.07162683,0.05947495,0.04178518,LOVE
0.07981478,0.06744546,-0.04134408,-0.005986258,0.1124051,0.04580706,-0.01178587,0.02588457,-0.02928075,-0.02094471,0.01590219,-0.02020404,-0.07258867,0.05765778,0.04301742,LOVE
0.07883739,0.06883445,-0.04153994,-0.006458066,0.1116851,0.04689369,-0.01121376,0.02534029,-0.02775931,-0.02048399,0.01549014,-0.01899919,-0.0718274,0.05669039,0.04390034,LOVE
0.0779547,0.06609181,-0.04828331,-0.005547933,0.1147931,0.03961638,-0.01223485,0.02378201,-0.02875197,-0.02163737,0.01408687,-0.01906303,-0.0708684,0.05978882,0.04319674,LOVE
0.07836843,0.05503762,-0.05765948,0.008578479,0.1188594,0.03143847,-0.01740682,0.02121779,-0.03014386,-0.02452862,0.01193392,-0.01795766,-0.06123753,0.06514594,0.01040465,LOVE
0.0821476,0.0518088,-0.05578658,0.01021022,0.1193475,0.02924022,-0.01444192,0.02235538,-0.03325528,-0.02257582,0.01356953,-0.02109203,-0.05819621,0.06357971,0.002818227,LOVE
0.08811878,0.04776222,-0.05161291,0.01422598,0.1161831,0.03694454,-0.01102145,0.02760175,-0.03420776,-0.0205824,0.01798198,-0.02290162,-0.05927781,0.0743852,0.03595942,LOVE
0.07949291,0.05694494,-0.05428275,0.0134717,0.1144225,0.04259855,-0.01357925,0.02666757,-0.02960083,-0.02228444,0.01730308,-0.0188598,-0.05952958,0.06905979,0.04256928,LOVE
0.08066792,0.06028169,-0.04844391,0.00905811,0.1152774,0.03965592,-0.009185962,0.02430245,-0.02871686,-0.01923683,0.01610726,-0.01865143,-0.06205408,0.06856868,0.04229003,LOVE
0.08630446,0.05572504,-0.04670587,0.006651238,0.1156887,0.03773627,-0.007892229,0.02496973,-0.02977714,-0.01840676,0.01634684,-0.02025178,-0.06364578,0.07020035,0.03752342,LOVE
0.08232724,0.05723366,-0.05121785,0.007501684,0.1158451,0.03857738,-0.01083451,0.02496865,-0.02934462,-0.02052376,0.01582941,-0.0191384,-0.06273706,0.06896001,0.04029047,LOVE
0.08035119,0.06003371,-0.04914632,0.004814602,0.1168544,0.03846049,-0.01248532,0.02193379,-0.03006682,-0.02148379,0.01281619,-0.01938367,-0.06456409,0.06640425,0.03102484,LOVE
0.08012171,0.06038246,-0.04932114,0.004569665,0.116577,0.03896251,-0.0126232,0.02273467,-0.03000793,-0.02162633,0.013437,-0.01928845,-0.06561015,0.066322,0.03610146,LOVE
0.08144221,0.06145403,-0.0456849,0.002509311,0.1147252,0.04257736,-0.01163968,0.02484643,-0.02962092,-0.02103761,0.01538479,-0.01955262,-0.06774046,0.06443301,0.04071078,LOVE
0.08271632,0.06377807,-0.04121292,-0.001674145,0.1135959,0.04456896,-0.01016515,0.02656764,-0.02992499,-0.020023,0.01673695,-0.02067927,-0.07123212,0.06167975,0.04073936,LOVE
0.08345456,0.06601977,-0.03587589,-0.003123552,0.1111809,0.04912722,-0.008486677,0.02827606,-0.02811685,-0.01894377,0.01841405,-0.01995075,-0.07161614,0.0596627,0.04294455,LOVE
0.07818644,0.06570059,-0.04723036,-0.005186193,0.1150262,0.0387837,-0.01108589,0.02299398,-0.02902135,-0.02052809,0.01358595,-0.01933321,-0.07040867,0.06131068,0.04206625,LOVE
0.07753219,0.06259575,-0.05061814,4.184991E-05,0.1169375,0.03667602,-0.01444245,0.02207828,-0.02993158,-0.02304605,0.01262709,-0.01902157,-0.06723504,0.06548956,0.03577524,LOVE
0.08025878,0.07009888,-0.03381407,-0.008370481,0.1098539,0.05067706,-0.01026507,0.02830997,-0.02774245,-0.02014031,0.01802978,-0.01968804,-0.07392941,0.05476019,0.04528937,LOVE
0.07878507,0.05945569,-0.05288535,-0.002656519,0.1184812,0.03135297,-0.01746305,0.02459642,-0.03092197,-0.02515452,0.01397279,-0.01943541,-0.06936708,0.06455603,0.03165892,LOVE
0.0778717,0.06792253,-0.04192278,-0.007530421,0.1135211,0.04008141,-0.009040095,0.02155185,-0.02869543,-0.01864673,0.01277316,-0.01965761,-0.07113266,0.0606156,0.03989109,LOVE
0.07399914,0.05964682,-0.05916336,-0.001725182,0.1195215,0.0267117,-0.01698092,0.0197387,-0.03037018,-0.0244296,0.01093975,-0.01895452,-0.06721292,0.06704825,0.03858584,LOVE
0.07916079,0.05214512,-0.0602659,0.003396295,0.1211325,0.02161935,-0.01876178,0.02059799,-0.03203422,-0.02563886,0.01178119,-0.01980674,-0.06826875,0.0699206,0.02981883,LOVE
0.08005641,0.0487546,-0.06222704,0.004438527,0.1220454,0.01688063,-0.01889569,0.01889402,-0.03263047,-0.02569631,0.01075599,-0.02001718,-0.06368034,0.06293178,9.924173E-06,LOVE
0.08025233,0.04806107,-0.06258872,0.004327014,0.1224622,0.01492879,-0.01847236,0.01784956,-0.033131,-0.02542242,0.01002279,-0.02031741,-0.04819424,0.0356268,-0.01786709,LOVE
0.07945535,0.0568445,-0.05466834,0.002332993,0.1186581,0.03073153,-0.01547495,0.02250078,-0.0321593,-0.02332344,0.01354957,-0.02067187,-0.06511866,0.06732324,0.02399775,LOVE
0.083003,0.06097353,-0.04365116,0.001205221,0.113722,0.04249084,-0.009147912,0.02555916,-0.03053096,-0.01937213,0.01710662,-0.02119207,-0.06719494,0.06433633,0.04336357,LOVE
0.07876614,0.06085235,-0.05100846,0.005457863,0.1154473,0.04042512,-0.01176695,0.02498493,-0.02983636,-0.02110432,0.01624238,-0.01933834,-0.0636747,0.06765881,0.04221821,LOVE
0.07927316,0.05563593,-0.05521828,0.01051676,0.1180938,0.03382146,-0.01418513,0.02246901,-0.03124464,-0.02241518,0.01397359,-0.01964259,-0.06422183,0.07005844,0.02802113,LOVE
0.0836824,0.05673727,-0.04952666,0.007312402,0.1152171,0.04178128,-0.01244363,0.02752581,-0.0314171,-0.02180678,0.01757199,-0.02094376,-0.06570307,0.06792751,0.0433183,LOVE
0.08217701,0.0597553,-0.04803139,0.006497256,0.1139478,0.04447991,-0.01162864,0.02708298,-0.0293819,-0.02111974,0.01762176,-0.01944697,-0.06523842,0.06543949,0.0461188,LOVE
0.08331846,0.06202266,-0.04212803,0.004016884,0.1124513,0.04750544,-0.00940007,0.02732763,-0.02865684,-0.01951142,0.01773414,-0.0194999,-0.0667801,0.06415153,0.04439735,LOVE
0.08401221,0.06509542,-0.03187677,0.003920056,0.1089476,0.05442148,-0.005222179,0.02804756,-0.02719843,-0.01652718,0.01878589,-0.01948562,-0.06676165,0.06459382,0.04037055,LOVE
0.07971269,0.06554455,-0.04269692,-0.0007447451,0.1141373,0.04427847,-0.009213388,0.02453604,-0.02908137,-0.01918551,0.01460955,-0.02036932,-0.06902381,0.0648891,0.03700241,LOVE
0.08429381,0.05594218,-0.04695535,-7.051975E-05,0.120971,0.02499437,-0.01368731,0.01982576,-0.03476197,-0.02223184,0.01122513,-0.02393311,-0.06115966,0.0594185,-0.01380801,LOVE
0.08787907,0.02630621,-0.06780538,0.0002111718,0.1207738,-0.02018723,-0.01569232,0.01355818,-0.04245523,-0.02495894,0.00886035,-0.02885839,-0.06950325,0.07605594,0.00732246,LOVE
0.08608078,0.03351074,-0.0656538,0.0008068159,0.1219442,-0.009886503,-0.01541679,0.01469788,-0.03998557,-0.02421333,0.009623975,-0.02661881,-0.0675312,0.07568079,0.01474035,LOVE
0.08575875,0.0313282,-0.06704363,0.0007097125,0.1214978,-0.01434776,-0.015359,0.01317468,-0.04048076,-0.02425601,0.008715451,-0.02704114,-0.0674845,0.07627791,0.01186833,LOVE
0.08072186,0.03819126,-0.06898713,-0.0003964975,0.1228754,-0.008048534,-0.01685327,0.01473334,-0.04117101,-0.02532879,0.009218812,-0.02782631,-0.07173757,0.07232824,0.01490498,LOVE
0.0860083,0.03358424,-0.06490755,-0.0006982163,0.1218177,-0.01892537,-0.01384974,0.0134221,-0.04532561,-0.02370299,0.008295298,-0.03205484,-0.0746766,0.07338721,0.006029367,LOVE
0.08240066,0.04682013,-0.06097904,-0.006879851,0.1229286,0.001216888,-0.01644623,0.01593184,-0.04110384,-0.02450588,0.008611858,-0.0280607,-0.07538898,0.06692964,0.006732404,LOVE
0.08239357,0.04843557,-0.05945686,-0.008237075,0.1227918,0.002034515,-0.01574673,0.01434901,-0.04023981,-0.02367542,0.007340491,-0.02745757,-0.07531273,0.06534475,0.00407362,LOVE
0.0835141,0.0518122,-0.05363581,-0.00834085,0.1227538,0.00557822,-0.01417455,0.01032877,-0.03506619,-0.0222462,0.004132092,-0.02387378,-0.05350333,0.03820992,-0.02812067,LOVE
0.08975443,0.05100274,-0.04284215,0.001297198,0.1210149,0.02593791,-0.01784882,0.02398294,-0.04127985,-0.02582507,0.01424962,-0.02927476,-0.03397729,0.01515043,-0.01061234,LOVE
0.09460026,0.04848748,0.02413625,0.003063355,0.07389343,0.09912682,-0.01898073,0.07611859,-0.00209868,-0.02267104,0.04570812,-0.01895249,-0.07517762,0.05935383,0.03508174,LOVE
0.0935647,0.04970384,0.02360505,0.00611411,0.07130986,0.1013307,-0.01840867,0.07122576,0.001085937,-0.02222242,0.04213732,-0.01834816,-0.07866741,0.04683381,0.05324358,LOVE
0.09561898,0.05187595,0.01673633,0.006331086,0.0725649,0.1020026,-0.02057951,0.06937754,0.01861382,-0.02340369,0.04166758,-0.01707864,-0.07450976,0.0537765,0.04457587,LOVE
0.09554039,0.05514914,0.01084238,0.008667547,0.07673699,0.09968555,-0.01651444,0.06159246,0.003446281,-0.02340605,0.03911817,-0.01676667,-0.05488063,0.05646747,0.008721471,LOVE
0.09124786,0.06109685,-0.02060163,0.008276388,0.1059994,0.06746781,-0.01317589,0.03278852,-0.027219,-0.0235173,0.02211726,-0.02129972,-0.03379199,0.01746404,-0.01109082,LOVE
0.0937775,0.05611655,-0.02193081,0.004378125,0.1148296,0.0506838,-0.01018646,0.028597,-0.03183633,-0.02196332,0.02031407,-0.02403009,-0.03382153,0.01916155,-0.0128603,LOVE
0.09108429,0.05174372,-0.03777716,0.0026391,0.1215152,0.02374822,-0.01171112,0.01700193,-0.0350734,-0.02181295,0.01081067,-0.0245418,-0.03129619,0.01223087,-0.0126096,LOVE
0.09260991,0.04911652,-0.03966746,0.0002906322,0.1228321,0.0126029,-0.009362139,0.01216328,-0.03464234,-0.01975873,0.006472796,-0.02447712,-0.03077801,0.009035081,-0.01396295,LOVE
0.0938187,0.05056059,-0.03758526,-0.004524782,0.1228062,0.01223838,-0.007295862,0.01184994,-0.03490415,-0.01761989,0.005249143,-0.02518415,-0.03123747,0.01039863,-0.01682875,LOVE
0.08880276,0.05706522,-0.03857452,-0.009164512,0.121961,0.02016088,-0.009550124,0.01282611,-0.03512043,-0.01849456,0.005083233,-0.02435583,-0.03105056,0.003545612,-0.01379251,LOVE
0.09363639,0.05011126,-0.03981885,-0.004979417,0.1229337,0.01167732,-0.009686485,0.01288769,-0.03638673,-0.01867761,0.005894959,-0.02637818,-0.03139046,0.01006803,-0.01735976,LOVE
0.09916441,0.03869954,-0.0445928,0.0005683154,0.1232024,0.00976795,-0.007837415,0.01680657,-0.03913733,-0.01908101,0.01056549,-0.02923176,-0.06979875,0.06750369,-0.005356014,LOVE
0.09631836,0.04533449,-0.04406071,-0.002092831,0.1220573,0.01859072,-0.009496197,0.01813516,-0.03689995,-0.01999842,0.01090318,-0.0270229,-0.06898262,0.06250656,-0.004058897,LOVE
0.08215233,0.05035016,-0.06039634,-0.005942933,0.1223389,0.0115281,-0.01423005,0.01820982,-0.03753376,-0.02324001,0.01001468,-0.02563328,-0.07484256,0.06667972,0.01006728,LOVE
0.07957434,0.04890284,-0.06414685,-0.003534451,0.1227409,0.009053826,-0.015287,0.01718965,-0.03776923,-0.02374507,0.009130329,-0.02506295,-0.07355653,0.0669089,0.009626269,LOVE
0.08041855,0.04893467,-0.0634242,-0.003751658,0.1225199,0.01079905,-0.01550477,0.01888004,-0.03794613,-0.02405719,0.01037496,-0.02525368,-0.07364879,0.06756434,0.01259434,LOVE
0.08183463,0.05012184,-0.06070754,-0.004417852,0.1221687,0.01364037,-0.0149677,0.01938561,-0.03766438,-0.02368572,0.01080546,-0.02536753,-0.07359021,0.06711811,0.01229411,LOVE
0.08233842,0.05164573,-0.0581938,-0.003294967,0.1216838,0.01873687,-0.01626502,0.01860964,-0.03613594,-0.02387334,0.009795845,-0.02380449,-0.04494793,0.02928701,-0.01658145,LOVE
0.08371268,0.04776654,-0.05997577,-0.003121123,0.1227786,0.0117608,-0.01773347,0.0166609,-0.03675959,-0.02503542,0.007501125,-0.02365181,-0.03473336,0.01264092,-0.007909387,LOVE
0.08907936,0.05179897,-0.04697177,-0.00276494,0.1205432,0.02547622,-0.01497934,0.02086055,-0.03621659,-0.02286293,0.01076213,-0.02458996,-0.03251084,0.01047441,-0.01196471,LOVE
0.08623154,0.0535543,-0.04966334,-0.002225086,0.1201281,0.02739793,-0.01664844,0.02116504,-0.03549859,-0.02356078,0.01054007,-0.02366418,-0.0326274,0.01022065,-0.01187494,LOVE
0.08286629,0.05582979,-0.04968092,-0.002378605,0.120578,0.02554885,-0.01633016,0.01811686,-0.03345403,-0.02326382,0.008616954,-0.02166921,-0.03274383,0.01123416,-0.007139474,LOVE
0.07522062,0.04711023,-0.069217,0.003208011,0.1229184,0.01031789,-0.01937117,0.01845688,-0.03640726,-0.02611984,0.009468794,-0.0225302,-0.03830887,0.0212346,-0.005024821,LOVE
0.07055028,0.04463318,-0.07575658,0.004709497,0.1230909,0.006779462,-0.02086092,0.01844314,-0.03609481,-0.02710615,0.009786606,-0.02153391,-0.04642327,0.0341576,-0.00616172,LOVE
0.04470787,0.05253723,-0.08867666,-0.002653405,0.1215385,0.009581417,-0.02575411,0.01446536,-0.02715611,-0.02853834,0.007606834,-0.01209122,-0.06303851,0.06454918,0.03817919,LOVE
0.03191327,0.04531714,-0.09507823,0.005090803,0.122384,-0.004036665,-0.03071484,0.01446578,-0.02259815,-0.03158179,0.008819342,-0.006957412,-0.04996886,0.07430357,0.0454936,LOVE
0.02920499,0.04490456,-0.09578922,0.002330124,0.1222079,-0.00531891,-0.03133251,0.01257479,-0.02138105,-0.03185537,0.00774917,-0.005878597,-0.05149238,0.07191393,0.04352233,LOVE
0.02403448,0.04436487,-0.09629101,0.001898319,0.1214442,-0.01131371,-0.02976367,0.01135042,-0.02069378,-0.03048,0.006552607,-0.004397273,-0.0470947,0.07490611,0.04216397,LOVE
0.0247561,0.04399887,-0.09657618,0.0001839623,0.1214337,-0.01143941,-0.02978465,0.01092404,-0.02101123,-0.03049164,0.006153524,-0.004750997,-0.04914312,0.07417113,0.0421139,LOVE
0.009882227,0.04167177,-0.09938541,0.002045713,0.1206254,-0.01926643,-0.0327371,0.01246276,-0.01587281,-0.03124039,0.008248746,0.0007056296,-0.03582181,0.07964763,0.04829982,LOVE
0.02841112,0.04283723,-0.09686193,-0.006198071,0.1212173,-0.00502336,-0.03375112,0.009832591,-0.02030346,-0.03160973,0.004847974,-0.004782468,-0.03851013,0.0203023,0.01139131,LOVE
0.008404583,0.05364816,-0.09244908,0.003874116,0.1222969,-0.004494071,-0.03335623,0.01356444,-0.009902775,-0.03085149,0.008145481,0.004399449,-0.03300059,0.07317773,0.0573346,LOVE
0.004174553,0.0522109,-0.09474222,0.0009883866,0.1227325,-0.002865791,-0.0339726,0.01339629,-0.01105353,-0.02973021,0.008244246,0.003704727,-0.04575397,0.04389122,0.03161415,LOVE
0.0277012,0.04815835,-0.0917646,0.008177914,0.1220778,-0.004033864,-0.03183402,0.01242954,-0.01733375,-0.03165729,0.007064015,-0.002227247,-0.03314133,0.02608508,0.01692548,LOVE
0.01975479,0.05014083,-0.09194705,0.0006746277,0.1216909,-0.005939662,-0.03024702,0.010869,-0.02014878,-0.03095907,0.0063667,-0.004524916,-0.04887292,0.06894976,0.04618183,LOVE
0.03643786,0.04708746,-0.09238619,0.0060829,0.1219914,-0.0007148385,-0.02750079,0.01067969,-0.0230104,-0.02966186,0.005409569,-0.007389575,-0.05503678,0.06849965,0.03122535,LOVE
0.0559853,0.0412838,-0.08664684,0.01396485,0.1220933,0.0003338456,-0.02409906,0.01265195,-0.0261814,-0.02864605,0.006944418,-0.01115209,-0.04916685,0.05480081,0.01052654,LOVE
0.05735177,0.04294363,-0.08500618,0.0093261,0.122526,0.0007379949,-0.02425605,0.01156855,-0.0266583,-0.02877984,0.005511791,-0.01171613,-0.05208047,0.04782793,0.002170384,LOVE
0.054459,0.04195033,-0.08740498,0.01321805,0.1221107,-0.0001226068,-0.02438679,0.01278692,-0.02626663,-0.02893309,0.006850392,-0.01104522,-0.05370337,0.06720111,0.01692834,LOVE
0.05576848,0.04271553,-0.0865193,0.009686865,0.1220775,0.0002778172,-0.02365189,0.0120987,-0.02685639,-0.02841322,0.006179571,-0.01172104,-0.05671362,0.07125691,0.02158004,LOVE
0.05736757,0.04541183,-0.08361381,0.007242724,0.1224795,0.002558112,-0.02366041,0.01160231,-0.02726263,-0.02873033,0.005267322,-0.0123021,-0.05904916,0.06164429,0.008002847,LOVE
0.05674125,0.04311918,-0.08558272,0.01318807,0.1223282,0.002893746,-0.02419548,0.01273364,-0.02630824,-0.02890617,0.006592482,-0.01156643,-0.05092867,0.05272546,0.00700286,LOVE
0.0509164,0.05281514,-0.08290312,0.003645681,0.1223525,0.01107693,-0.02460781,0.01256007,-0.0261279,-0.02871925,0.005634397,-0.01120728,-0.06066254,0.05526096,0.01163369,LOVE
0.06235558,0.03655979,-0.08640596,0.01491994,0.1220849,7.840991E-05,-0.02338438,0.01211679,-0.02733687,-0.02849184,0.006551951,-0.01259559,-0.05558418,0.06953895,0.01183197,LOVE
0.04807156,0.03425515,-0.096561,0.01591393,0.1215706,-0.007858992,-0.02571435,0.01559046,-0.02934536,-0.02851136,0.008372188,-0.01237077,-0.05265092,0.0772095,0.02715081,LOVE
0.07062756,0.0446246,-0.07559225,0.01104335,0.1217376,0.0113467,-0.01926221,0.01504919,-0.03020945,-0.02632853,0.007715404,-0.01647803,-0.05869966,0.06636798,0.009529322,LOVE
0.07127922,0.04290009,-0.07579246,0.01286207,0.1218035,0.009734988,-0.01863104,0.01521277,-0.03082016,-0.02608933,0.008195609,-0.01702037,-0.05777973,0.06816751,0.01011702,LOVE
0.07139716,0.03842133,-0.07895678,0.01633993,0.1217084,0.007540345,-0.01847268,0.01650125,-0.03154963,-0.02571823,0.009496063,-0.01739031,-0.05691118,0.0745495,0.01880428,LOVE
0.07166671,0.03834088,-0.07851082,0.01692145,0.1216342,0.007318616,-0.01807894,0.01647121,-0.03159478,-0.02546641,0.009627759,-0.01749393,-0.05678127,0.07562551,0.02063072,LOVE
0.07304922,0.03607492,-0.07849231,0.01742695,0.1217391,0.004820734,-0.01769972,0.01564857,-0.0318628,-0.02500907,0.009401977,-0.01782343,-0.0573209,0.07701299,0.01896209,LOVE
0.07240553,0.04087362,-0.07529625,0.0149019,0.1218299,0.007834524,-0.01823541,0.01511165,-0.03155854,-0.02585102,0.008291036,-0.01757231,-0.05807694,0.07278895,0.01051563,LOVE
0.07278207,0.04714909,-0.0681538,0.01382767,0.1214942,0.01330519,-0.01454238,0.01663798,-0.03348553,-0.02388185,0.009613693,-0.02025959,-0.0611842,0.07581821,0.02088645,LOVE
0.07156957,0.04920065,-0.06735829,0.01451261,0.1211492,0.01619461,-0.01433562,0.01746672,-0.03327197,-0.02375543,0.01029101,-0.02016044,-0.06114484,0.07608145,0.02522838,LOVE
0.06897585,0.05257607,-0.06609455,0.01443139,0.1209388,0.01881498,-0.01391372,0.01809588,-0.03314576,-0.0234045,0.01078343,-0.02014214,-0.06152034,0.07594621,0.02882829,LOVE
0.06863548,0.05386737,-0.06486586,0.01390165,0.1209382,0.01955411,-0.01328589,0.01847026,-0.03345028,-0.02289714,0.01104921,-0.02057293,-0.06243635,0.07585359,0.02983603,LOVE
0.06993823,0.05620819,-0.06067988,0.01302205,0.1206027,0.02227759,-0.01137009,0.01967537,-0.03382817,-0.02138782,0.01189673,-0.02148256,-0.06429419,0.07530022,0.03024369,LOVE
0.07613813,0.05692396,-0.05201218,0.01300666,0.1195213,0.02690309,-0.00860459,0.02163345,-0.03375643,-0.01886846,0.01314411,-0.02232921,-0.06507113,0.07491377,0.03028154,LOVE
0.07992199,0.05814058,-0.04468757,0.01084071,0.1193153,0.02806836,-0.00641273,0.02217367,-0.03326213,-0.01713592,0.01382115,-0.02260828,-0.06609339,0.07421818,0.02805346,LOVE
0.07947016,0.05881223,-0.04412901,0.01051968,0.1193413,0.02795589,-0.006234355,0.02213413,-0.03313565,-0.01703023,0.01385194,-0.02256736,-0.06620607,0.07414547,0.02799863,LOVE
0.07842861,0.06055021,-0.04258072,0.009534642,0.1192907,0.0284164,-0.005731214,0.02200243,-0.03282121,-0.01673791,0.01388976,-0.02258229,-0.06673609,0.07388526,0.02771252,LOVE
0.07777384,0.06126651,-0.04241914,0.009139739,0.1192167,0.02878425,-0.005773671,0.02195105,-0.0326449,-0.01679088,0.01384342,-0.02245724,-0.06691359,0.07357222,0.02818698,LOVE
0.07839811,0.06401548,-0.03796116,0.005030781,0.1183305,0.03309429,-0.004975032,0.02181801,-0.0320026,-0.016307,0.01358333,-0.02254719,-0.07059576,0.07049069,0.0276309,LOVE
0.07788056,0.06566855,-0.03692403,0.004340313,0.1170991,0.03723058,-0.005449673,0.02256405,-0.03105259,-0.01673082,0.01412702,-0.0216853,-0.07215387,0.06834528,0.03085998,LOVE
0.07955289,0.06577072,-0.03233361,0.006521573,0.1153559,0.04200652,-0.004749322,0.02397123,-0.02960974,-0.01629957,0.01553115,-0.02087253,-0.07048084,0.06867823,0.03318214,LOVE
0.08071446,0.06470674,-0.03117561,0.007356681,0.1152185,0.04223332,-0.004017172,0.0241048,-0.02967158,-0.01563741,0.01577055,-0.02109227,-0.06918637,0.07001886,0.03244951,LOVE
0.07805277,0.06441942,-0.03559381,0.01076202,0.115504,0.04020631,-0.004980274,0.02439353,-0.02992773,-0.01624022,0.01586878,-0.02069616,-0.06571201,0.07157299,0.03662169,LOVE
0.06478581,0.06277129,-0.06044082,0.01567218,0.1174691,0.03018036,-0.01473062,0.02071893,-0.02754626,-0.02273305,0.01243106,-0.01490399,-0.05559093,0.07169119,0.04877171,LOVE
0.06360029,0.05727538,-0.070986,0.0136226,0.1181167,0.02590838,-0.01835816,0.01932192,-0.02651301,-0.02427039,0.01176244,-0.01355073,-0.05402265,0.07148615,0.04992965,LOVE
0.06035999,0.06083921,-0.06978378,0.01208758,0.1175059,0.0286487,-0.018984,0.0188728,-0.025747,-0.02462419,0.01118776,-0.01299861,-0.05463605,0.06947607,0.05034211,LOVE
0.05747289,0.06145731,-0.07085465,0.01350237,0.1176443,0.02780026,-0.01948848,0.01908639,-0.02531499,-0.02487042,0.01145855,-0.01236001,-0.05230925,0.0700067,0.05254385,LOVE
0.04449278,0.06357595,-0.07492177,0.0142043,0.1194352,0.019182,-0.02222049,0.01893234,-0.02457941,-0.02608006,0.01111707,-0.01076642,-0.04865047,0.07063359,0.05159292,LOVE
0.04378438,0.06701446,-0.06997263,0.0109841,0.1200212,0.01890025,-0.02282686,0.02093157,-0.02460435,-0.02734852,0.01171172,-0.01074994,-0.04924729,0.06918159,0.05276716,LOVE
0.04220449,0.0686325,-0.06834579,0.01196559,0.1196432,0.01949713,-0.02285371,0.02131689,-0.02425554,-0.0270264,0.01218981,-0.01052687,-0.04832429,0.06876671,0.0533537,LOVE
0.04119394,0.06634811,-0.07204428,0.0108834,0.1200132,0.0174523,-0.02312995,0.01953545,-0.0240736,-0.02747264,0.01074672,-0.009856343,-0.04938177,0.06966448,0.05223799,LOVE
0.03747044,0.06637092,-0.07449222,0.01131566,0.1201191,0.01658934,-0.02459887,0.01886424,-0.02286041,-0.02815795,0.01042703,-0.008567661,-0.04777775,0.06948414,0.05449107,LOVE
0.03748996,0.06728598,-0.07205212,0.003317483,0.1201962,0.01539555,-0.02455042,0.01687375,-0.02404219,-0.02731356,0.009339005,-0.009825081,-0.05245029,0.0674786,0.05154398,LOVE
0.04267031,0.06529108,-0.07225335,0.003234573,0.1195156,0.01523358,-0.02296655,0.01600647,-0.02405515,-0.02656634,0.009242862,-0.01002744,-0.05163198,0.06817618,0.04894578,LOVE
0.04202708,0.07156625,-0.06568831,-0.006060377,0.1179059,0.02585882,-0.02266879,0.01479813,-0.02363253,-0.02696973,0.007068425,-0.01064685,-0.05774793,0.06214792,0.05524129,LOVE
0.04614034,0.0638372,-0.0735513,0.004884575,0.1198251,0.0172497,-0.02358662,0.01588735,-0.02150476,-0.0277161,0.008572966,-0.00804618,-0.04990824,0.06779671,0.05819431,LOVE
0.04638789,0.06331977,-0.07291919,0.00264065,0.1199125,0.0140149,-0.02314246,0.01516351,-0.02264076,-0.02699606,0.00843668,-0.009244204,-0.05191536,0.068432,0.05372024,LOVE
0.04532857,0.06404787,-0.07207149,0.0004870556,0.1199564,0.01278487,-0.02326201,0.01511765,-0.02345195,-0.02692182,0.008624196,-0.009947181,-0.05273498,0.06829184,0.05299073,LOVE
0.04072466,0.06412923,-0.07199946,-0.006217293,0.1196081,0.005925775,-0.02412202,0.01401311,-0.02546209,-0.02733378,0.007655412,-0.01114309,-0.05161442,0.07090247,0.05367607,LOVE
0.04069129,0.05912325,-0.07285875,-0.00530123,0.1194272,-0.01079702,-0.02364274,0.01408216,-0.0272488,-0.02774804,0.006969929,-0.01231989,-0.05130241,0.07770082,0.04305482,LOVE
0.04698358,0.0557355,-0.06491792,-0.00458489,0.1144798,-0.03144991,-0.02426338,0.02349761,-0.03358036,-0.02997895,0.01357272,-0.01922524,-0.05168756,0.08276764,0.02230072,LOVE
0.06488542,0.07532635,-0.03722674,9.3624E-05,0.1097939,0.0577513,-0.03228404,0.02908513,-0.02672088,-0.03544642,0.01764476,-0.01629287,-0.03541046,0.005166411,-0.001614392,LOVE
0.07213263,0.06367826,-0.05283564,0.006662697,0.1183116,0.03679299,-0.02291635,0.01810169,-0.02744791,-0.02755464,0.007505983,-0.01575482,-0.0339545,0.004684776,-0.003932118,LOVE
0.06118711,0.06120566,-0.06586295,0.009086184,0.120052,0.026429,-0.02078714,0.0171636,-0.03044567,-0.0261568,0.008598804,-0.01720631,-0.03542788,0.01773927,0.001478672,LOVE
0.06800731,0.06564608,-0.05367163,0.005608127,0.116889,0.03973424,-0.02359819,0.01888713,-0.02812728,-0.0276275,0.009147555,-0.01649934,-0.03380933,0.005963773,-0.003136396,LOVE
0.07305665,0.06083292,-0.05205569,0.01110587,0.1188504,0.03353074,-0.01957948,0.0178028,-0.02914146,-0.02538112,0.009059846,-0.0177401,-0.03342875,0.008001477,-0.005135357,LOVE
0.06760867,0.06015486,-0.06043801,0.01302478,0.1195139,0.02983066,-0.01813196,0.01813188,-0.02928957,-0.02489109,0.01009244,-0.01640776,-0.03398568,0.01382807,-0.001054674,LOVE
0.08136149,0.05489933,-0.04945719,0.01116806,0.1189125,0.03200048,-0.01539996,0.01972547,-0.03206295,-0.02309297,0.01069579,-0.02077851,-0.03178757,0.01248521,-0.008154988,LOVE
0.08286606,0.05148378,-0.0514487,0.01322171,0.1199237,0.02726591,-0.01382824,0.02077004,-0.03387046,-0.02238657,0.01191893,-0.02226284,-0.03360057,0.01975441,-0.008448809,LOVE
0.07904576,0.04620966,-0.0633266,0.01349722,0.1217855,0.01560551,-0.01403628,0.02174342,-0.0360305,-0.02280687,0.01339826,-0.02310061,-0.05516461,0.05931285,-0.003407449,LOVE
0.07781138,0.06254026,-0.04377627,0.005942412,0.1162915,0.04113439,-0.01716612,0.02464208,-0.03345215,-0.0238042,0.01322645,-0.02221808,-0.03101489,0.01010898,-0.009517193,LOVE
0.07964681,0.05040917,-0.05859312,0.009179972,0.1220973,0.017281,-0.01407641,0.0203599,-0.03631732,-0.02284896,0.01146713,-0.02400798,-0.05891267,0.06126538,0.004885674,LOVE
0.08005284,0.04822898,-0.0609183,0.008959509,0.1226115,0.01374355,-0.0136796,0.02002588,-0.03639761,-0.02289492,0.01158881,-0.02412108,-0.06636749,0.07239565,0.0166938,LOVE
0.080749,0.05177563,-0.05728355,0.004021898,0.1224841,0.01659313,-0.01249821,0.02076983,-0.03595892,-0.02240821,0.01205871,-0.02459136,-0.06966399,0.06875697,0.01255944,LOVE
0.08460746,0.04933766,-0.05491021,0.006969705,0.1223682,0.01502967,-0.009601347,0.01923844,-0.03484863,-0.02018257,0.01150084,-0.02418804,-0.06839886,0.0739865,0.01752451,LOVE
0.0844532,0.05041862,-0.05396479,0.005556911,0.1223529,0.0153932,-0.009563595,0.01969507,-0.03499883,-0.02019969,0.01172176,-0.02441224,-0.06924962,0.07335201,0.01740253,LOVE
0.07926597,0.06348136,-0.04398841,0.000516437,0.1170673,0.03773251,-0.01085422,0.02468136,-0.03205478,-0.02092052,0.01481202,-0.02245468,-0.0720725,0.06613675,0.03054836,LOVE
0.08224133,0.05739778,-0.04522836,0.001426421,0.1217324,0.0184167,-0.007937618,0.02079898,-0.03488839,-0.01841102,0.01162797,-0.02445686,-0.06962291,0.07236582,0.01191849,LOVE
0.08661345,0.06461981,-0.01311284,-0.007497733,0.1148975,0.0405587,-0.000440577,0.03093719,-0.03238291,-0.01249509,0.01857808,-0.02535003,-0.08046077,0.06402141,0.02204224,LOVE
0.08688229,0.06416082,-0.01079884,-0.006272756,0.114705,0.0415847,0.0006844923,0.0316959,-0.03238663,-0.01180822,0.01963046,-0.02567747,-0.08040346,0.06465861,0.0220466,LOVE
0.09155519,0.05738091,0.01492295,-0.01116178,0.1144588,0.04099542,0.009605506,0.02766502,-0.02965993,-0.003867459,0.01938939,-0.0280183,-0.07483733,0.07133177,0.0005635023,LOVE
0.09621765,0.03958261,0.03709659,-0.01003528,0.1062867,0.05717739,0.01492167,0.0352807,-0.02856553,0.0009400621,0.02965122,-0.02934381,-0.06701643,0.07478976,0.0100714,LOVE
0.09583991,0.04364556,0.03234285,-0.008968372,0.1100775,0.04892641,0.0152261,0.02974731,-0.02960947,0.0008419119,0.02385566,-0.02895293,-0.06308576,0.07682645,0.001101911,LOVE
0.09393541,0.04082257,0.0409871,-0.01557606,0.1050687,0.05830136,0.0146083,0.03183019,-0.02505001,0.000132937,0.02355611,-0.02584741,-0.06667302,0.07442492,0.005704045,LOVE
0.09633248,0.03531766,0.04125389,-0.01116641,0.1022728,0.06436387,0.01544384,0.03310424,-0.02452067,0.001573898,0.02736729,-0.02619031,-0.06143674,0.07644266,0.008286208,LOVE
0.0871949,0.05851817,-0.03306049,-0.0003552623,0.1210379,0.02394131,-0.003178801,0.01990038,-0.03451443,-0.01500851,0.01351756,-0.02694264,-0.07190695,0.07087442,0.007536232,LOVE
0.07941468,0.06915948,-0.03042877,-0.005153518,0.1146306,0.04485559,-0.006682426,0.02926487,-0.03148162,-0.01760804,0.01730552,-0.02353868,-0.07921244,0.06140903,0.03061044,LOVE
0.08611037,0.05836171,-0.0381026,0.005251445,0.1175857,0.03581396,-0.005057983,0.0260112,-0.03352103,-0.01663697,0.01654926,-0.02472576,-0.0709117,0.07130015,0.02459601,LOVE
0.04968146,0.06720272,-0.06942108,0.01344516,0.1165745,0.03432506,-0.02081653,0.01998159,-0.0239,-0.02609417,0.0115453,-0.01044944,-0.05258636,0.06718943,0.05461881,LOVE
0.03827409,0.05320054,-0.08906886,0.01927634,0.1203865,0.0124003,-0.02372766,0.0172312,-0.02340379,-0.02774984,0.01084524,-0.008347929,-0.04459691,0.07564133,0.05002138,LOVE
0.03637648,0.06061161,-0.08259729,0.01396932,0.1202264,0.02002311,-0.02799571,0.01832941,-0.02204067,-0.03025909,0.01048189,-0.007286191,-0.05282244,0.06489572,0.03927565,LOVE
0.04538291,0.05697861,-0.0801737,0.01739883,0.1203225,0.0185239,-0.02772905,0.01743263,-0.02163967,-0.03075141,0.009575248,-0.007497251,-0.03995003,0.03077355,0.01106504,LOVE
0.03483079,0.04798752,-0.09165695,0.0210466,0.1204935,0.001958936,-0.02600432,0.01584095,-0.02229536,-0.02872147,0.01050019,-0.006603122,-0.03728272,0.08044392,0.0520573,LOVE
0.01527768,0.05810037,-0.08701643,0.01125789,0.121272,0.006274283,-0.03226151,0.01455039,-0.01577902,-0.03022321,0.008711308,-0.001079679,-0.03404911,0.02041146,0.01517063,LOVE
0.02336302,0.05857411,-0.08544114,0.01667149,0.1212043,0.00955084,-0.03245518,0.01481342,-0.01161626,-0.0311225,0.007266402,0.00189659,-0.02817487,0.01020858,0.01884058,LOVE
0.01912377,0.05539116,-0.08670741,0.01328707,0.1221486,-0.0008203685,-0.03211792,0.01305011,-0.01246548,-0.03101025,0.007466525,0.001671851,-0.03517815,0.02918708,0.01873222,LOVE
-0.004839934,0.07697296,-0.04988605,-4.693121E-05,0.1214681,0.01418331,-0.036024,0.01362675,-0.008310258,-0.03025806,0.004934996,0.005257487,-0.02571629,0.001949906,0.02054554,LOVE
-0.006967179,0.07731643,-0.04906669,0.0005354509,0.1218196,0.0142028,-0.03629943,0.01384398,-0.00639993,-0.03015246,0.004841238,0.006862909,-0.02543157,0.001149178,0.02249789,LOVE
-0.004021063,0.0794872,-0.03045624,0.009112723,0.1228653,0.009291828,-0.03538453,0.01930445,-0.005322039,-0.02972354,0.009528488,0.009414911,-0.02420352,0.005087018,0.02560526,LOVE
-0.006681278,0.07808867,-0.02705234,0.008225996,0.1234407,0.003486693,-0.03607429,0.01984626,-0.005280733,-0.02982955,0.01081905,0.009780467,-0.02403755,0.007000655,0.02560157,LOVE
-0.009839486,0.07958093,-0.03870034,0.01873882,0.1229621,0.006054014,-0.0352644,0.01754057,-0.0001873374,-0.02873488,0.008792549,0.01366323,-0.02180612,0.005867839,0.0285674,LOVE
-0.008614894,0.07388487,-0.05836844,0.02165149,0.1220707,0.002031505,-0.03522307,0.01864108,-0.0005304813,-0.02906552,0.009561151,0.01260024,-0.02243019,0.009170622,0.02734733,LOVE
0.01903348,0.06716621,-0.07725361,0.01649858,0.1207644,0.01777264,-0.03219081,0.01563609,-0.01128623,-0.03050077,0.006914914,0.003060758,-0.03036219,0.006979138,0.01877347,LOVE
0.005707581,0.06992722,-0.07398438,0.004174948,0.1217287,0.0165922,-0.03449947,0.01362365,-0.009688497,-0.03019248,0.006553382,0.004185379,-0.02842514,0.009143502,0.02113467,LOVE
0.06234597,0.04971549,-0.07322256,0.0225262,0.1201991,0.009910941,-0.02081232,0.01554677,-0.02703601,-0.02668231,0.008737981,-0.01328409,-0.03818122,0.03476807,0.002641737,LOVE
0.06625898,0.04745081,-0.07209843,0.02247799,0.120057,0.009822488,-0.01904115,0.01513788,-0.02850378,-0.02603737,0.008812279,-0.01470262,-0.04388464,0.04883131,0.002469659,LOVE
0.0679014,0.0568997,-0.06195727,0.02336272,0.117192,0.02989367,-0.0138224,0.02040768,-0.02967697,-0.02330968,0.01293051,-0.01699749,-0.05420423,0.07637024,0.03624395,LOVE
0.06780485,0.05618623,-0.06288522,0.0249103,0.116944,0.02993685,-0.01317434,0.02130699,-0.03007764,-0.02259518,0.01360413,-0.01733068,-0.05303809,0.0775218,0.04421818,LOVE
0.06914677,0.05460009,-0.06364769,0.02538471,0.1171949,0.0288884,-0.0125387,0.02197292,-0.03066751,-0.02176974,0.01402822,-0.01789245,-0.05249503,0.07802826,0.04659417,LOVE
0.07423132,0.04952165,-0.06365719,0.02161326,0.119477,0.02234298,-0.01496761,0.01955476,-0.03096285,-0.02393821,0.01220521,-0.0179874,-0.05383192,0.07406989,0.01267776,LOVE
0.06972346,0.05428609,-0.06321985,0.02323646,0.1181143,0.02730781,-0.01487698,0.02050999,-0.02993172,-0.02377876,0.01275977,-0.01708019,-0.05362393,0.07635593,0.02728805,LOVE
0.048929,0.05531645,-0.07368195,0.01585208,0.1215062,0.008892596,-0.02753698,0.016808,-0.02724594,-0.03058038,0.0107705,-0.01189438,-0.03361657,0.01323295,0.003818899,LOVE
0.0511089,0.05150491,-0.07728848,0.01777659,0.1221683,0.005813658,-0.03064442,0.01827955,-0.02731299,-0.03308989,0.01007682,-0.01306629,-0.03459762,0.0129616,0.003584862,LOVE
0.04960711,0.04703158,-0.0825848,0.01744309,0.1224544,-0.0003129542,-0.02911129,0.01601997,-0.02713898,-0.03157699,0.008635283,-0.01239857,-0.03328289,0.0134545,0.00469622,LOVE
0.04337739,0.03976166,-0.09086058,0.0157891,0.1223032,-0.01068872,-0.02840349,0.01242107,-0.02727506,-0.03103933,0.006785959,-0.01114833,-0.03455422,0.02066168,0.005066991,LOVE
0.01489709,0.02875605,-0.09823054,0.001681857,0.1168159,-0.03919214,-0.03391103,0.008271426,-0.03062677,-0.03390968,0.006653637,-0.01189306,-0.05529395,0.07703787,0.01659599,LOVE
0.01026472,0.03094402,-0.09841326,0.0001326427,0.1176702,-0.0356833,-0.0339628,0.005667865,-0.025094,-0.03367421,0.003798574,-0.00787881,-0.04997359,0.08489379,0.02541205,LOVE
0.006659947,0.03164101,-0.0984984,0.0009449348,0.1183503,-0.03184226,-0.03491574,0.007631212,-0.02410668,-0.03387356,0.005118221,-0.007816046,-0.04955661,0.07622695,0.02232471,LOVE
0.007839844,0.0447883,-0.09130457,0.006809153,0.1213195,-0.01753479,-0.03349856,0.009007514,-0.02198946,-0.03233909,0.006457835,-0.004165918,-0.0310386,0.01132545,0.01253563,LOVE
0.01896321,0.04560566,-0.08970088,0.0050724,0.1216652,-0.01987684,-0.03173585,0.01136711,-0.02835596,-0.03358885,0.007652879,-0.01101282,-0.05433886,0.05402905,0.00853321,LOVE
0.02217682,0.04464012,-0.08922109,0.006139681,0.1212953,-0.02321404,-0.03116518,0.01354191,-0.03120303,-0.03356875,0.008974999,-0.01373541,-0.05632465,0.07575944,0.02260625,LOVE
0.02614421,0.03359365,-0.09955104,0.01448393,0.1202298,-0.02461925,-0.03102775,0.01521957,-0.02748471,-0.031427,0.009948254,-0.009929627,-0.04692824,0.0832406,0.03574878,LOVE
0.02264503,0.036598,-0.1008961,0.01074798,0.1212173,-0.01546359,-0.0304266,0.01211891,-0.0217346,-0.03029361,0.00742808,-0.005333066,-0.04079195,0.08174846,0.04481068,LOVE
0.02295615,0.04334819,-0.09588301,0.004791349,0.1215295,-0.008262545,-0.02892517,0.01017988,-0.02265051,-0.02984452,0.006470144,-0.006244928,-0.04302701,0.08009365,0.04996744,LOVE
0.01930211,0.0644576,-0.08143267,0.007861368,0.1206577,0.01949823,-0.03079863,0.01450494,-0.0181163,-0.03007866,0.00673303,-0.002497494,-0.05373963,0.05395725,0.02857006,LOVE
0.0194142,0.06366014,-0.08229166,0.006615274,0.1212074,0.01749128,-0.03125922,0.01447517,-0.0185588,-0.03068496,0.00534755,-0.001992196,-0.05421927,0.04766119,0.01848155,LOVE
0.0184258,0.06339407,-0.08273578,0.006566323,0.1213443,0.01671433,-0.03160951,0.01437986,-0.01810861,-0.03089905,0.005056679,-0.001543522,-0.05393287,0.0455735,0.01634726,LOVE