-0.03905921,0.06642938,-0.02447918,-0.006524853,0.1158356,0.01187131,-0.01556596,0.1135096,0.03849366,-0.03319215,0.01169908,-0.004895478,-0.03374799,0.005731881,0.009862185,TWO
-0.03837524,0.06640247,-0.02294001,-0.006347075,0.1156209,0.01318488,-0.01656292,0.1130252,0.03874362,-0.0334758,0.01113412,-0.007111818,-0.03358924,0.00570339,0.008896708,TWO
-0.0384729,0.06556746,-0.02172256,-0.006238967,0.11566,0.01216483,-0.01773231,0.1132545,0.03640556,-0.0328262,0.01059574,-0.007906497,-0.0330735,0.005361736,0.008283794,TWO
-0.03676426,0.06628329,-0.02203354,-0.005160697,0.1156337,0.01299763,-0.01783715,0.1133257,0.03563908,-0.03159171,0.01027557,-0.008705765,-0.03282084,0.005079895,0.00739345,TWO
-0.03528234,0.06651092,-0.02021205,-0.001926586,0.1155919,0.01569808,-0.01696806,0.1128927,0.03700459,-0.03070201,0.01142967,-0.00959599,-0.03299627,0.005867928,0.006206572,TWO
-0.03517042,0.06514868,-0.02013275,0.0006728619,0.1158861,0.01629385,-0.01672554,0.1128072,0.0386171,-0.03017329,0.0127396,-0.01091954,-0.03336598,0.006990045,0.004832298,TWO
-0.03436039,0.06547326,-0.0203048,0.003314286,0.1161259,0.01550981,-0.01428793,0.1133153,0.03855208,-0.0300149,0.01307884,-0.01061738,-0.03320883,0.007479072,0.005127937,TWO
-0.02691858,0.06476328,-0.01856458,0.03109327,0.1122615,0.01705185,0.01103173,0.1142963,0.04248798,-0.02873281,0.02866867,-0.01390237,-0.03384387,0.02197638,0.0001938343,TWO
-0.03092512,0.06407672,-0.01667079,0.02446674,0.1126258,0.02332842,0.004604138,0.112387,0.04847085,-0.03105404,0.02972847,-0.0165036,-0.03597372,0.02239588,-0.002828687,TWO
-0.0258007,0.06561378,-0.02410537,0.01659868,0.1151082,0.0209893,-0.008446552,0.1141648,0.04398176,-0.03293731,0.02850497,-0.02421498,-0.03777399,0.02108613,-0.0102731,TWO
-0.02727662,0.06738883,-0.01954278,0.01404574,0.1119465,0.03726351,-0.01665084,0.1073565,0.05723014,-0.03733985,0.03891701,-0.03004569,-0.04080082,0.02769047,-0.01751018,TWO
-0.0269167,0.06735072,-0.01890326,0.01554374,0.1116967,0.03703666,-0.01527406,0.1080633,0.05596533,-0.03651335,0.04038742,-0.02905858,-0.04019633,0.02867925,-0.01708221,TWO
-0.02699466,0.06803694,-0.01763278,0.01152766,0.1108144,0.03991818,-0.02444557,0.1076464,0.05110854,-0.03867954,0.04371512,-0.02598238,-0.03979412,0.02575704,-0.01693615,TWO
-0.02233624,0.06875673,-0.02205563,0.01611072,0.1134727,0.02975979,-0.008372858,0.1114379,0.05153847,-0.03492162,0.03647149,-0.02493429,-0.03922801,0.02500424,-0.01287836,TWO
-0.02184288,0.06889313,-0.0207819,0.01501939,0.1132966,0.03091326,-0.01029494,0.110668,0.05277798,-0.03337948,0.03482658,-0.0242438,-0.03842074,0.02419662,-0.01246467,TWO
-0.02603316,0.06853309,-0.02057397,0.004133046,0.1146815,0.02942282,-0.02503316,0.1077659,0.05254519,-0.03765386,0.0310047,-0.02438551,-0.04151834,0.02048188,-0.01190776,TWO
-0.02597576,0.06959769,-0.01858455,0.01245816,0.1154184,0.02363274,-0.01245277,0.1091491,0.05491108,-0.03238107,0.02563483,-0.0258384,-0.03739989,0.01767063,-0.01352561,TWO
-0.0284972,0.068371,-0.01975515,0.007645443,0.1156912,0.02241239,-0.01259556,0.110552,0.05207255,-0.03431198,0.02520213,-0.02275458,-0.03865907,0.01761523,-0.01014516,TWO
-0.03766165,0.0632309,-0.01736897,-0.006745055,0.1159704,0.01249272,-0.01954728,0.1131922,0.04079515,-0.03504819,0.01533273,-0.01326054,-0.03754342,0.009386897,-1.645088E-05,TWO
-0.0451407,0.05675325,-0.02094454,-0.01394103,0.1162282,0.005044997,-0.02762561,0.1146275,0.02892864,-0.03639656,0.008798718,-0.01170546,-0.03680565,0.0056431,0.003881544,TWO
-0.03216618,0.07365796,-0.01539308,0.006525576,0.111378,0.03846568,-0.002565488,0.1030291,0.06719905,-0.04686594,0.02989256,0.005613983,-0.03546147,0.02661538,0.04616702,TWO
-0.03578263,0.06728661,-0.02407199,-0.005576625,0.1158799,0.01506928,-0.01239847,0.1161475,0.03383443,-0.04239977,0.02205572,-0.008730888,-0.04326206,0.009121358,-0.0001057982,TWO
-0.03868727,0.06336156,-0.02410924,-0.007057317,0.1163422,0.008988172,-0.01539406,0.1170916,0.02752823,-0.03609636,0.01341769,-0.01076531,-0.039464,0.006435096,-0.001075774,TWO
-0.04255237,0.05877176,-0.02318212,-0.007026188,0.1167755,0.002171189,-0.01855356,0.1172796,0.02181223,-0.03339826,0.008453459,-0.011282,-0.03657302,0.0052194,-0.0003721118,TWO
-0.04439477,0.05456957,-0.02552199,-0.005925544,0.1171029,-0.004262865,-0.02426337,0.116654,0.01488155,-0.03182358,0.005818874,-0.01370651,-0.03450445,0.0050551,-2.390146E-05,TWO
-0.02596424,0.07420063,-0.01898897,-0.008539476,0.111288,0.03305888,-0.01504152,0.1063893,0.05925024,-0.04950049,0.0283767,-0.00822565,-0.04610147,0.0159682,0.004119873,TWO
-0.02281389,0.07719728,-0.02530086,-0.01448008,0.1096685,0.03574854,-0.02043048,0.1052584,0.05938786,-0.05194809,0.03041357,0.004669249,-0.05013166,0.01771355,0.01259911,TWO
-0.04410936,0.07118395,-0.04513782,-0.02731983,0.104441,0.04137421,-0.009917982,0.1063883,0.06004918,-0.04907902,0.02362835,0.04909784,-0.01737675,0.01876915,0.05446184,TWO
-0.04236925,0.07032794,-0.05205637,-0.03174228,0.1010897,0.04610121,-0.008566439,0.1029755,0.06559891,-0.03514824,0.0317207,0.05630749,-0.003117017,0.0374251,0.07479042,TWO
-0.0385532,0.06789511,-0.0305301,-0.0397065,0.09656358,0.04664874,-0.01755609,0.1048743,0.05950004,-0.01280793,0.06379038,0.06106234,0.02274678,0.06239504,0.07346725,TWO
-0.01929042,0.03339976,0.04793021,-0.03132243,0.0004204214,0.03867462,-0.01495243,0.1115406,0.04142979,0.007662907,0.1024057,0.0473665,0.02236998,0.07727849,0.05004159,TWO
-0.02132452,0.05591157,-0.03836554,0.012105,0.117069,0.01386976,-0.02553999,0.1182392,0.01729405,-0.02168229,0.04075474,-0.03832194,-0.03140057,0.02995676,-0.03117466,TWO
-0.02448381,0.05504039,-0.03764242,0.01270722,0.1167786,0.0144698,-0.02390642,0.1183442,0.01960754,-0.02498473,0.04355556,-0.03902233,-0.03376295,0.03228751,-0.03072166,TWO
-0.03752445,0.05441576,-0.03080249,0.004927307,0.1175259,0.005071491,-0.02272799,0.117218,0.02507618,-0.03746055,0.03140789,-0.02701896,-0.04161809,0.02153334,-0.0152663,TWO
-0.04215808,0.05846033,-0.02536377,-0.0108989,0.116312,0.008313596,-0.0278251,0.113894,0.02942953,-0.03619,0.01155719,-0.01648384,-0.03742951,0.00657019,-0.001620382,TWO
-0.03905186,0.06160018,-0.02551579,-0.01304791,0.1154798,0.01346549,-0.0281143,0.1125762,0.03471088,-0.03258235,0.008554518,-0.01648447,-0.03634187,0.004702896,-0.002760798,TWO
-0.03649573,0.06364599,-0.02761215,-0.01056986,0.1158905,0.01347056,-0.02488121,0.114444,0.03043079,-0.03345556,0.00800091,-0.01680902,-0.03941479,0.007366747,-0.005222619,TWO
-0.0401333,0.06039342,-0.02161849,-0.003537603,0.1167411,0.01584607,-0.03081989,0.1113197,0.03104052,-0.0315224,0.009916276,-0.01902753,-0.03698742,0.007044524,-0.005800247,TWO
-0.04284676,0.04936993,-0.03117791,0.003404789,0.1180776,-0.001699328,-0.02603195,0.1167274,0.0225625,-0.03959859,0.02532205,-0.02569085,-0.04081775,0.01680675,-0.009278715,TWO
-0.03295996,0.05539647,-0.0345962,0.01309662,0.1167679,0.0004222691,-0.01370575,0.1197971,0.02034211,-0.03396354,0.03082374,-0.02871364,-0.0385808,0.02154168,-0.01437515,TWO
-0.03314225,0.05648205,-0.03254086,0.01497169,0.1165207,0.001295209,-0.01064555,0.1197983,0.02248475,-0.0342268,0.03151575,-0.02710176,-0.03862865,0.0223909,-0.01249164,TWO
-0.02998033,0.06412089,-0.02172005,0.01934782,0.1156116,0.01225814,-0.002899155,0.1151015,0.0416196,-0.03387401,0.02726299,-0.01893282,-0.03745536,0.01923734,-0.004001528,TWO
-0.02800577,0.06554672,-0.02318871,0.01667669,0.1163013,0.01265144,-0.007469729,0.1150476,0.04139668,-0.03475171,0.02805993,-0.02099609,-0.03828406,0.01889366,-0.007285893,TWO
-0.02734893,0.06578925,-0.02318048,0.01688991,0.1161709,0.01377955,-0.007866621,0.1148336,0.04200086,-0.03439943,0.02860352,-0.0218583,-0.03821532,0.0191842,-0.008464038,TWO
-0.02779518,0.06629789,-0.02122393,0.0142082,0.116137,0.01704854,-0.01106274,0.1134325,0.0448963,-0.03432864,0.02736866,-0.02174002,-0.03840779,0.01837915,-0.008662492,TWO
-0.02865764,0.06618783,-0.02121526,0.008476108,0.1164401,0.01894575,-0.0180191,0.1118791,0.04633713,-0.03465542,0.02531239,-0.02288634,-0.03891642,0.01710576,-0.009714454,TWO
-0.02665763,0.06905919,-0.02100435,0.005336702,0.1142024,0.0316962,-0.03243587,0.1049775,0.05202681,-0.03336449,0.02633971,-0.02958429,-0.03913957,0.01834536,-0.01775461,TWO
-0.0264157,0.06977382,-0.020818,0.007952966,0.113024,0.03555804,-0.03279378,0.103397,0.0544759,-0.03350601,0.02830514,-0.03000361,-0.0394049,0.01977694,-0.01880014,TWO
-0.02788305,0.0702368,-0.01774931,0.009984538,0.1117488,0.04040921,-0.03244855,0.1016495,0.05838609,-0.03601983,0.02916104,-0.03112695,-0.0405236,0.02012441,-0.019768,TWO
-0.02576734,0.07262293,-0.02124652,0.01033515,0.1131085,0.03686804,-0.03385421,0.1035476,0.05232149,-0.04144523,0.03278708,-0.02996099,-0.04364294,0.02272132,-0.01742488,TWO
-0.02537543,0.07288551,-0.02149379,0.01000337,0.1131698,0.03669184,-0.03400202,0.103655,0.05182475,-0.04167089,0.03314409,-0.02973276,-0.04380239,0.02293214,-0.01718223,TWO
-0.02425244,0.07368237,-0.02163678,0.008455932,0.1131694,0.03636533,-0.03406104,0.1033843,0.05222243,-0.04140726,0.03325522,-0.02872804,-0.04321292,0.02199486,-0.01678479,TWO
-0.02558149,0.07158762,-0.02211249,0.009018645,0.1125324,0.03743595,-0.0331265,0.1039538,0.05236721,-0.03771075,0.03454274,-0.03078181,-0.04002503,0.02116659,-0.01971486,TWO
-0.03120279,0.06663826,-0.01796228,0.009109706,0.1125198,0.03722,-0.03059185,0.1051049,0.05308628,-0.03494111,0.03423247,-0.03082156,-0.0389742,0.02385554,-0.02060038,TWO
-0.03107373,0.06129679,-0.02856886,0.005897626,0.1174607,0.01515985,-0.02640956,0.1135788,0.03771797,-0.03508964,0.03129452,-0.03088337,-0.03862899,0.0190202,-0.01845944,TWO
-0.04310449,0.06092116,-0.02857763,-0.01297682,0.1159685,-0.001058489,-0.0194335,0.1170059,0.02459911,-0.04092475,0.01234153,-0.005094767,-0.03801267,0.01058149,0.01113316,TWO
-0.04245496,0.06193087,-0.02860364,-0.01067216,0.116495,-0.0008103251,-0.01840926,0.1167888,0.02584282,-0.04189122,0.01404968,-0.004457563,-0.03818782,0.01100296,0.01162758,TWO
-0.03955641,0.06422898,-0.031901,-0.01167621,0.1164077,-0.0008505583,-0.02075563,0.1164171,0.02475771,-0.04211371,0.01484752,-0.003918827,-0.03895024,0.01152581,0.01182047,TWO
-0.04054668,0.06291774,-0.03042147,-0.01194521,0.1163188,-0.0007747412,-0.02224883,0.1161414,0.02464575,-0.04137642,0.01378253,-0.005044311,-0.03816014,0.009774894,0.0108552,TWO
-0.04264096,0.0612635,-0.02748454,-0.01120792,0.1165039,-0.0001995265,-0.02206495,0.1159455,0.02583471,-0.04030908,0.01262298,-0.005575716,-0.03720019,0.008147061,0.01025721,TWO
-0.03921106,0.06272706,-0.02611667,-0.008119822,0.1166116,0.0006779432,-0.02101734,0.1159434,0.02474588,-0.03444991,0.009850621,-0.005958378,-0.03441051,0.005912691,0.008657098,TWO
-0.03901536,0.06503883,-0.03091782,-0.006511815,0.1167903,-0.0009238124,-0.01620583,0.1166415,0.02517658,-0.03923636,0.01371515,-0.003380686,-0.03579538,0.009519666,0.01234058,TWO
-0.04145748,0.06412134,-0.02777922,-0.005197093,0.1168349,-0.00358659,-0.01203229,0.1177367,0.02362871,-0.03735274,0.01364335,-0.001691937,-0.03500102,0.009995461,0.01322883,TWO
-0.03488174,0.06730929,-0.0273855,-0.004155159,0.116091,0.002939254,-0.01507298,0.1158175,0.0251407,-0.03369054,0.01154053,-0.005479902,-0.03277939,0.00702104,0.01060385,TWO
-0.04095832,0.066762,-0.02254134,-0.00611145,0.1163319,-0.002141982,-0.01031128,0.1170196,0.02456179,-0.0337299,0.01159689,0.002302289,-0.03004149,0.007211715,0.01726803,TWO
-0.04348268,0.06448504,0.00134787,-0.00463824,0.1168771,0.00310114,-0.003895812,0.116187,0.03064737,-0.0323215,0.01753509,0.01637635,-0.02647374,0.00722003,0.02628908,TWO
-0.04455497,0.06004959,0.005484849,-0.00565929,0.1168537,0.002308398,-0.005476125,0.1164822,0.02944377,-0.03362059,0.01618114,0.01493341,-0.02692328,0.006538898,0.02545923,TWO
-0.04204981,0.06503931,-0.01150894,-0.005185351,0.1166519,0.003560483,-0.0103241,0.1156013,0.02969456,-0.03664613,0.02181175,0.01222482,-0.03114756,0.00867179,0.02106968,TWO
-0.04264013,0.06190005,0.002577662,-0.003522888,0.1173491,0.000328362,-0.002690181,0.1174048,0.02990559,-0.03394731,0.0821901,0.03948972,-0.03107079,0.01295277,0.02462775,TWO
-0.03764198,0.07045001,-0.01832187,-0.00235261,0.116784,0.005399585,-0.006365314,0.1158243,0.03215867,-0.03647012,0.02476901,0.01437366,-0.03100172,0.01203281,0.02321512,TWO
-0.02488828,0.0665141,-0.03200886,0.000412032,0.1161405,0.01372182,-0.0201227,0.1150003,0.03037035,-0.03277085,0.02316344,-0.01298168,-0.03706226,0.01169556,-0.00282681,TWO
-0.02244028,0.05540311,-0.03548458,0.009941563,0.1143049,0.02608287,-0.02491733,0.1169993,0.02599642,-0.03428855,0.0887841,-0.02582216,-0.03528912,0.05145115,-0.0326671,TWO
-0.0222301,0.0573512,-0.03320229,0.009287104,0.1134298,0.02855438,-0.02345287,0.1164156,0.02945364,-0.03083025,0.08110404,-0.02870357,-0.03317226,0.04693726,-0.03137594,TWO
-0.03451379,0.05682656,-0.03008026,-0.0002155229,0.1161962,0.01384881,-0.02756763,0.1145037,0.02601734,-0.02750284,0.02257732,-0.02468142,-0.03550065,0.01484969,-0.01283595,TWO
-0.02194031,0.05690849,-0.03709725,0.004047289,0.1157768,0.01562983,-0.02634589,0.1172857,0.01765445,-0.03149289,0.05934662,-0.03486368,-0.0339419,0.03071958,-0.02768728,TWO
-0.01131626,0.06330827,-0.02842566,0.01324328,0.1093983,0.04353014,-0.0244728,0.1133015,0.04059091,-0.02392168,0.08705148,-0.02310574,-0.02674189,0.05577859,-0.03223684,TWO
-0.007720649,0.06379071,-0.02941906,0.01329184,0.1103322,0.04220235,-0.02416602,0.1144823,0.03749478,-0.01740626,0.07694763,-0.03126428,-0.02369224,0.05373189,-0.03523016,TWO
-0.004502244,0.06440857,-0.02910918,0.01542827,0.110117,0.04273114,-0.02156286,0.115069,0.03741303,-0.009117223,0.06487378,-0.03645223,-0.02072853,0.05243722,-0.03567344,TWO
-0.009167895,0.05973989,-0.03216058,0.01624388,0.112631,0.0321615,-0.01726124,0.1176744,0.02875087,-0.004624784,0.03246021,-0.03374171,-0.01944423,0.02866325,-0.02953303,TWO
-0.01068202,0.06062376,-0.0336799,0.01572099,0.1144103,0.02501979,-0.01799044,0.1185934,0.02326086,-0.01001212,0.03543171,-0.03419948,-0.02287572,0.02994657,-0.03061751,TWO
-0.02769024,0.0680145,-0.02250561,-0.004619986,0.1141896,0.0270052,-0.03377918,0.1079256,0.04363626,-0.04174072,0.03810418,-0.03459358,-0.04247802,0.02456197,-0.02177405,TWO
-0.02228063,0.07044414,-0.0172469,0.005542479,0.1102756,0.04171467,-0.03471553,0.108373,0.03800553,-0.03803135,0.05528373,-0.03039694,-0.03577878,0.02879974,-0.02536914,TWO
-0.02057102,0.07112947,-0.01756993,0.005286686,0.1092763,0.04451114,-0.03441325,0.1083327,0.0392783,-0.03723778,0.0548549,-0.02911359,-0.03528374,0.02849838,-0.02547452,TWO
-0.02964922,0.06812307,-0.01659185,0.006956965,0.1127349,0.03351557,-0.03794567,0.1037848,0.003640383,-0.04250382,0.05196375,-0.03116798,-0.03805071,0.02530682,-0.02235192,TWO
-0.02885398,0.0673084,-0.01835832,0.00773517,0.1131108,0.03228602,-0.03541926,0.1008247,-0.00662753,-0.04121995,0.05578592,-0.03254631,-0.03732275,0.02790657,-0.02469257,TWO
-0.02919788,0.06711265,-0.02038756,0.006100789,0.1132052,0.03306791,-0.02791148,0.1091444,0.04369685,-0.04128835,0.04527178,-0.02692494,-0.03854013,0.02038831,-0.01850322,TWO
-0.02761354,0.06751254,-0.02059275,0.008502774,0.1127001,0.03491732,-0.02908996,0.1099345,0.04020867,-0.0381711,0.04261747,-0.02818665,-0.03750196,0.02084088,-0.01895136,TWO
-0.02516598,0.06522605,-0.03006738,0.009152792,0.1172883,0.01657242,-0.02140938,0.1142575,0.03934246,-0.03376793,0.02583155,-0.03093871,-0.03887206,0.01805308,-0.01841745,TWO
-0.0215113,0.06593516,-0.03265211,0.007994428,0.1169778,0.01811108,-0.02583584,0.1132492,0.03932258,-0.02986632,0.02619714,-0.03523868,-0.03557939,0.01654783,-0.02328631,TWO
-0.02225918,0.06621891,-0.03163034,0.008085221,0.1167913,0.01921958,-0.02599393,0.1124607,0.04132399,-0.03115397,0.02749059,-0.03487766,-0.03636773,0.01730031,-0.02323112,TWO
-0.02201719,0.06790429,-0.02852803,0.009183392,0.1160664,0.0225735,-0.02473228,0.1112877,0.04478541,-0.03356893,0.0290812,-0.03331321,-0.03810463,0.01917517,-0.02175236,TWO
-0.02185061,0.06828287,-0.02797645,0.009096265,0.1159565,0.02316156,-0.02464887,0.1110671,0.04533574,-0.03384362,0.02871633,-0.03280744,-0.03837962,0.01914501,-0.02110109,TWO
-0.02156286,0.06763729,-0.02882797,0.009013936,0.1161352,0.0221245,-0.02493361,0.1121846,0.04233679,-0.03204437,0.02798638,-0.03347206,-0.03733089,0.01876196,-0.02179176,TWO
-0.03114703,0.0653944,-0.02196229,-0.002202481,0.1166493,0.01056093,-0.01858544,0.1130444,0.04265299,-0.03183454,0.01446658,-0.0188356,-0.03639967,0.009391189,-0.003980845,TWO
-0.03172211,0.06492573,-0.02099067,0.002676606,0.1168694,0.009476483,-0.01573412,0.1141407,0.04044712,-0.03434101,0.01913565,-0.01793671,-0.03775594,0.01281923,-0.003565848,TWO
-0.0341392,0.06304252,-0.02304459,-0.004374504,0.1163048,0.008478314,-0.01980111,0.1154817,0.03343993,-0.0321288,0.01278317,-0.01813418,-0.03623434,0.008843124,-0.003968477,TWO
-0.03502096,0.06187132,-0.02462387,-0.006623685,0.1163286,0.008310288,-0.02371826,0.1149989,0.0325118,-0.03171461,0.01218271,-0.01929602,-0.03623867,0.00815621,-0.00536406,TWO
-0.03468534,0.06342366,-0.02542618,-0.01284592,0.1161965,0.007991672,-0.03483038,0.1112405,0.03253898,-0.03193907,0.009755552,-0.01990467,-0.03648885,0.005890876,-0.006321758,TWO
-0.03459033,0.06325886,-0.02557543,-0.01231822,0.1160662,0.007068723,-0.03283843,0.1125087,0.02960652,-0.03111773,0.008859783,-0.01932997,-0.03592265,0.00556764,-0.005865157,TWO
-0.06049483,0.0421277,-0.02904233,-0.07080761,0.08922195,0.001793563,-0.0777436,0.08731046,0.02534518,-0.03508504,-0.006859034,-0.01599517,-0.04032589,-0.01024631,-0.004073501,TWO
-0.04745135,0.0546864,-0.0310137,-0.03976925,0.1087975,0.004534423,-0.05460266,0.1039273,0.02515566,-0.03312501,0.001827598,-0.01862103,-0.03836372,-0.002155393,-0.006257772,TWO
-0.04233215,0.05673292,-0.03198835,-0.02347063,0.1140903,0.0002107024,-0.0412808,0.1110058,0.01981589,-0.03178909,0.004737437,-0.0188289,-0.03675939,0.00162822,-0.005309939,TWO
-0.03599321,0.05865267,-0.02785137,0.002208903,0.1174162,0.00141871,-0.01624719,0.118481,0.02342638,-0.03128231,0.01280674,-0.01999173,-0.03586853,0.00949049,-0.004985809,TWO
-0.03097728,0.06303242,-0.0272164,0.007253647,0.11752,-5.954504E-05,-0.01160939,0.1179964,0.02894476,-0.03226602,0.01604059,-0.01914859,-0.03620661,0.01175568,-0.004088342,TWO
-0.01905703,0.06997111,-0.02323169,0.0214978,0.1150994,0.003513664,0.0131758,0.1159863,0.0371455,-0.03207029,0.0197024,-0.01339343,-0.03414364,0.0157676,0.00202018,TWO
-0.03156178,0.05739528,0.01561296,0.01651382,0.1142826,0.01507422,0.01124571,0.1142533,0.0359391,-0.03134744,0.01879573,0.008561313,-0.02823547,0.01397696,0.0223884,TWO
-0.04121229,0.05204082,-0.03475744,-0.01363854,0.1175408,0.004855633,-0.04894757,0.1087061,0.02141657,-0.0328099,0.01315328,-0.03524342,-0.03695782,0.006967247,-0.02131316,TWO
-0.03937487,0.05063012,-0.03882733,-0.01574454,0.1173339,-7.501245E-05,-0.05230127,0.1080276,0.01402575,-0.03282174,0.0138337,-0.03800219,-0.03705479,0.0072698,-0.0236336,TWO
-0.0349056,0.04866505,-0.04350975,-0.01426484,0.1174477,-0.001126468,-0.05095934,0.1099722,0.009108782,-0.03645144,0.02510536,-0.04407838,-0.04046877,0.01497751,-0.03015944,TWO
-0.02641276,0.05007416,-0.04653972,-0.008690655,0.1181795,0.002382606,-0.04733654,0.1121176,0.00689742,-0.03010706,0.0327037,-0.04891297,-0.03577205,0.02038398,-0.0370757,TWO
-0.02316147,0.05021968,-0.0475128,-0.00720156,0.1182944,0.002502769,-0.04624689,0.1127492,0.004730225,-0.02528225,0.0329791,-0.0501838,-0.03245717,0.0211657,-0.03914395,TWO
-0.04561941,0.04487684,-0.03666449,-0.02026668,0.1158258,-0.00588131,-0.04982402,0.109608,0.01390976,-0.0356193,0.01358551,-0.03132954,-0.03911074,0.006515205,-0.01602885,TWO
-0.04957135,0.04521418,-0.03152642,-0.02540735,0.1141505,-0.006152183,-0.04810528,0.1095616,0.01536584,-0.0340482,0.007665724,-0.02305484,-0.03759065,0.00294441,-0.007458389,TWO
-0.05290129,0.05115232,-0.01858309,-0.02927724,0.1120299,-0.003152698,-0.03472336,0.1133689,0.02000847,-0.03199217,0.002918452,-0.00606066,-0.0329135,0.0004910529,0.00980252,TWO
-0.05303805,0.05361363,-0.009434521,-0.02963789,0.1117719,-0.001326501,-0.02578962,0.1158989,0.02234727,-0.03034897,0.003929406,0.002567828,-0.02920547,0.001433939,0.0186044,TWO
-0.03109045,0.06889561,-0.00535208,-0.003954574,0.1167457,-0.002007395,0.003061615,0.1174382,0.02827883,-0.02989773,0.008740544,0.01108849,-0.02635507,0.008543342,0.02468669,TWO
-0.03363754,0.06324255,-0.02437371,0.0008469224,0.1170138,0.006866157,-0.01518602,0.1166579,0.03108642,-0.03418224,0.01540646,-0.01679096,-0.03691461,0.01094419,-0.002147108,TWO
-0.03012352,0.06291997,-0.02717131,0.009264141,0.1172032,0.01385307,-0.02097964,0.1146817,0.0364897,-0.03276673,0.02170029,-0.02717835,-0.03708713,0.01447409,-0.01297769,TWO
-0.02665736,0.06342593,-0.02968374,0.01474923,0.1163609,0.02087665,-0.02287108,0.1130655,0.04177544,-0.03261991,0.0299179,-0.032006,-0.03680807,0.01839492,-0.01947862,TWO
-0.02433009,0.06394449,-0.03043666,0.01634813,0.1156843,0.02411869,-0.02296008,0.1125596,0.04363394,-0.03215231,0.03439671,-0.0341509,-0.03614742,0.02074841,-0.02271569,TWO
-0.02256098,0.06435767,-0.03062892,0.01734269,0.11525,0.02580121,-0.02255419,0.1124678,0.04439101,-0.03203944,0.03852478,-0.03559718,-0.03564125,0.02293095,-0.0251855,TWO
-0.02016512,0.06409061,-0.03219342,0.0169745,0.1154585,0.02521497,-0.0233759,0.1135955,0.04114771,-0.03165536,0.04374403,-0.03853795,-0.03473148,0.02560928,-0.029118,TWO
-0.01439403,0.06236094,-0.03465256,0.01531303,0.1156,0.02518213,-0.02528424,0.1164517,0.03009114,-0.02469143,0.05495846,-0.04283538,-0.03083791,0.03636289,-0.03718394,TWO
-0.0275452,0.06479418,-0.02431324,0.01315647,0.1155055,0.02522641,-0.01743773,0.1124006,0.0469259,-0.03717808,0.04026529,-0.02947223,-0.0396319,0.02465591,-0.01966292,TWO
-0.03182171,0.06560937,-0.01701856,-0.006485343,0.115286,0.01377177,-0.02224572,0.1113028,0.04256797,-0.0299449,0.01077315,-0.01536268,-0.03456768,0.006868005,-0.001584053,TWO
-0.0340048,0.06417868,-0.01748437,-0.00671088,0.1152749,0.0122568,-0.02183697,0.1129169,0.03737035,-0.03127955,0.01139808,-0.0160484,-0.03494454,0.007479876,-0.002205014,TWO
-0.03561334,0.06314886,-0.01843497,-0.007231466,0.1154285,0.0109714,-0.02177191,0.1136652,0.0353272,-0.03231595,0.01162624,-0.01649722,-0.03561965,0.007726938,-0.00260064,TWO
-0.03692208,0.06265727,-0.01957116,-0.00806319,0.1156066,0.01074189,-0.02152157,0.1140705,0.03479651,-0.0334669,0.01100144,-0.01608363,-0.03640886,0.007319242,-0.002208918,TWO
-0.03492608,0.06366056,-0.02063748,-0.005264275,0.1160379,0.01210758,-0.02073555,0.1142584,0.03515542,-0.03344505,0.0118258,-0.01691797,-0.03671219,0.008037806,-0.002945542,TWO
-0.03433469,0.06374881,-0.02044994,-0.004449695,0.1160562,0.01262814,-0.02058824,0.1142948,0.03512278,-0.03299052,0.01219353,-0.01727632,-0.03647871,0.008324981,-0.003252983,TWO
-0.03410384,0.063732,-0.0201239,-0.004244603,0.1160547,0.012739,-0.02061567,0.1143248,0.03502131,-0.03273869,0.01234359,-0.01738447,-0.03628989,0.008411139,-0.00329265,TWO
-0.03347773,0.06345356,-0.01984674,-0.003193326,0.1159969,0.01341733,-0.02103794,0.1142834,0.03484958,-0.03179301,0.01341417,-0.01883435,-0.03591944,0.009229422,-0.00488469,TWO
-0.03370773,0.0634177,-0.02102154,-0.002503373,0.1161579,0.01415399,-0.02281301,0.1136524,0.03620124,-0.03217191,0.0139229,-0.02067667,-0.03643101,0.009714544,-0.006856292,TWO
-0.02806239,0.06732029,-0.020594,0.01080814,0.1154288,0.02363747,-0.01451607,0.1099583,0.0523231,-0.03697148,0.03063545,-0.02308235,-0.04070843,0.02092499,-0.01157302,TWO
-0.02929923,0.06792223,-0.01613042,0.002854005,0.1157167,0.01339772,-0.006418169,0.1137622,0.04278141,-0.03122152,0.01217648,-0.009451807,-0.03465767,0.009601206,0.004843473,TWO
-0.02854943,0.06807458,-0.01651761,0.003810048,0.1157702,0.01243266,-0.005526423,0.1144315,0.04078898,-0.03087044,0.01160023,-0.008485585,-0.03399795,0.009099633,0.005860567,TWO
-0.02922158,0.06576493,-0.02051014,-0.001270719,0.1159447,0.01067108,-0.01196783,0.1148363,0.04029858,-0.03269942,0.01666933,-0.01832545,-0.03593027,0.01112619,-0.003682226,TWO
-0.02872339,0.06723002,-0.01800025,0.0001133382,0.1161703,0.01304764,-0.0119169,0.112931,0.04524598,-0.03456153,0.0179272,-0.01645941,-0.03696544,0.0115656,-0.001841128,TWO
-0.027672,0.067435,-0.0198949,-0.0006830022,0.1163333,0.01181832,-0.01322689,0.1133562,0.0438379,-0.03344411,0.01655051,-0.01734298,-0.03645859,0.01064685,-0.002750337,TWO
-0.02674969,0.06783769,-0.02063045,-0.0005314276,0.1163661,0.01138914,-0.01296045,0.1135301,0.04353076,-0.03288629,0.01616737,-0.01763681,-0.03626478,0.01045063,-0.00317508,TWO
-0.03387398,0.06613228,-0.01538691,0.004877627,0.1165893,0.00384447,-0.0003029406,0.1167336,0.03506482,-0.03483465,0.01339254,-0.006574243,-0.03484038,0.009945571,0.008481503,TWO
-0.03555634,0.06105274,-0.0241009,-0.002529092,0.1169051,0.0151484,-0.0266002,0.112712,0.0381014,-0.034271,0.01489207,-0.02472618,-0.03855966,0.01046056,-0.01058233,TWO
-0.02731565,0.06588942,-0.02495164,0.01079392,0.1170639,0.0119347,-0.01304444,0.1149772,0.04014674,-0.03445938,0.02275205,-0.02412087,-0.03823216,0.01538652,-0.01022965,TWO
-0.02464671,0.06553173,-0.0277859,0.01826018,0.1163296,0.0109368,-0.006171837,0.116163,0.03938678,-0.0339554,0.0280568,-0.02520642,-0.03825951,0.01865494,-0.01190543,TWO
-0.02386802,0.06474736,-0.02901614,0.02294686,0.1150969,0.01450431,-0.003520936,0.1160276,0.04046211,-0.03275102,0.03309834,-0.0275867,-0.03747321,0.02162981,-0.01529801,TWO
-0.02211779,0.06462571,-0.02967471,0.02450231,0.1143237,0.01782078,-0.004350364,0.1158819,0.04073668,-0.0304537,0.03565091,-0.02942485,-0.03609411,0.023265,-0.01815185,TWO
-0.01342642,0.06465068,-0.03184074,0.03036602,0.112371,0.02115473,-0.001088098,0.117871,0.03477675,-0.02319793,0.04790479,-0.03345665,-0.0311162,0.03279468,-0.02671382,TWO
-0.01159742,0.0624122,-0.03296176,0.04197353,0.1088813,0.01471296,0.01582579,0.1190377,0.02461705,-0.01398048,0.04026464,-0.02995867,-0.02561744,0.03455973,-0.02280304,TWO
-0.01292665,0.06267488,-0.03244001,0.03880411,0.1099554,0.01396829,0.01351048,0.1193376,0.02465057,-0.01538552,0.04049942,-0.02873674,-0.02683152,0.03375483,-0.02159506,TWO
-0.04406544,0.05871627,-0.0179314,-0.02727231,0.1094379,0.03438875,-0.05646749,0.0918043,0.05638734,-0.03502487,0.01412031,-0.02704,-0.03761661,0.003963739,-0.0140245,TWO
-0.05301956,0.05218223,-0.0132587,-0.04774413,0.09854043,0.04069686,-0.0805181,0.07610679,0.03314751,-0.03531294,0.01302662,-0.03041303,-0.03624657,-0.0006885827,-0.01906615,TWO
-0.05272976,0.05126184,-0.01981729,-0.04872315,0.1021883,0.02833343,-0.08048551,0.07870096,0.01901275,-0.03862197,0.01300502,-0.03313601,-0.03734934,-0.0009149611,-0.02021065,TWO
-0.05078718,0.05193874,-0.02384067,-0.04362083,0.1063058,0.02377421,-0.0767701,0.08455902,0.02324855,-0.03732016,0.01101339,-0.0329746,-0.0376621,-0.001339704,-0.01954907,TWO
-0.04295979,0.05351707,-0.03262478,-0.02748032,0.1140012,0.01157263,-0.0587345,0.1023594,0.02177134,-0.03030346,0.00851512,-0.03181794,-0.0349666,0.0002368391,-0.01824647,TWO
-0.04149923,0.04721004,-0.03994334,-0.01428748,0.116396,-0.009511888,-0.05131238,0.1075978,0.007148445,-0.02654126,0.0095236,-0.02880937,-0.03271072,0.002654731,-0.01418659,TWO
-0.0318113,0.05820435,-0.02787501,0.01968269,0.1154427,0.002516627,-0.00171721,0.120657,0.02159351,-0.03340289,0.03726259,-0.02480772,-0.03829142,0.02825889,-0.01053306,TWO
-0.02318802,0.0687775,-0.01191148,0.03722343,0.1108108,0.006259561,0.03282225,0.1129556,0.03550375,-0.03065656,0.02841419,-0.007266253,-0.03147908,0.02295634,0.008405298,TWO
-0.01588105,0.07335055,-0.01507244,0.03003463,0.1118526,0.01397157,0.02698389,0.1103586,0.0459626,-0.0307046,0.02673626,-0.0055255,-0.03170924,0.01994863,0.00872913,TWO
-0.01647849,0.07343221,-0.01481885,0.02786718,0.1122669,0.01684517,0.0220791,0.1100952,0.04894608,-0.03127871,0.02706033,-0.006358802,-0.03291765,0.02002317,0.007695019,TWO
-0.02074289,0.07253757,-0.01384217,0.01971319,0.1136604,0.02053177,0.01041269,0.1098224,0.05312866,-0.03336874,0.0253967,-0.007435441,-0.03525869,0.01812875,0.006397426,TWO
-0.04585788,0.05005354,-0.03558066,-0.0335407,0.1126895,0.006232113,-0.06754883,0.09609759,0.0132114,-0.03455313,0.009287953,-0.03290686,-0.03633998,0.00103128,-0.01733604,TWO
-0.03454982,0.05478725,-0.03829804,-0.008691907,0.1174638,0.004870176,-0.04000577,0.1131229,0.01883861,-0.03395466,0.01987159,-0.03461432,-0.03835942,0.01153472,-0.02023724,TWO
-0.0381333,0.05647641,-0.03090006,-0.005547181,0.1171476,0.00730598,-0.0286598,0.1152567,0.02685511,-0.03620761,0.01939127,-0.02658594,-0.03965092,0.01167926,-0.01179135,TWO
-0.0428514,0.05986232,-0.01910537,-0.008837678,0.115981,0.004684836,-0.01614075,0.1169186,0.02646124,-0.03305209,0.008264035,-0.007151395,-0.03426704,0.005181193,0.008175045,TWO
-0.0415227,0.06186175,-0.02019334,-0.009783708,0.1157467,0.004245579,-0.01577293,0.1167823,0.02631146,-0.03175441,0.006834626,-0.005279273,-0.03314733,0.004071623,0.009866953,TWO
-0.03981277,0.06337389,-0.02244467,-0.009680875,0.1158562,0.003604174,-0.01626061,0.1166719,0.02610368,-0.03131936,0.006332278,-0.005341321,-0.03310597,0.00357914,0.00977391,TWO
-0.04041827,0.06181479,-0.02434534,-0.005858853,0.116876,-0.00076437,-0.01638538,0.1175578,0.02295172,-0.0327407,0.008038133,-0.007161617,-0.03338991,0.00475654,0.008739948,TWO
-0.04299696,0.0602645,-0.02156359,-0.005395241,0.1169897,-0.00244391,-0.01484773,0.1180565,0.02247819,-0.03296005,0.008188188,-0.005848169,-0.03293072,0.005269021,0.01020828,TWO
-0.04899996,0.05586216,-0.002499014,-0.0005317777,0.1176799,-0.000960499,-0.005284078,0.1184295,0.02814722,-0.03676308,0.01158631,0.001068294,-0.03473641,0.0103865,0.01620623,TWO
-0.04789192,0.05795416,-0.004925072,0.001683198,0.1177244,0.00428158,-0.003649555,0.1173489,0.03355321,-0.03738143,0.01248634,0.001102,-0.03625196,0.01052153,0.01571882,TWO
-0.04956092,0.0622066,-0.01424748,-0.003279954,0.1168884,0.01036945,-0.0001750886,0.1173415,0.03560916,-0.03809961,0.01573351,0.006126255,-0.03749227,0.01069355,0.01862282,TWO
-0.05279525,0.06304541,-0.01744881,-0.006323136,0.1162557,0.01343444,-0.001345016,0.1163327,0.03804088,-0.03885768,0.01654398,0.01297253,-0.03648359,0.01151514,0.02445465,TWO
-0.04080312,0.07227239,-0.02730983,-0.005828135,0.1115491,0.02945673,-0.002235085,0.1107574,0.0518221,-0.03816805,0.02080247,0.01564601,-0.04060594,0.02262983,0.0320217,TWO
-0.04785927,0.06590986,-0.006933302,-0.01651353,0.1130083,0.02397591,-0.006620608,0.1127429,0.04669341,-0.05335974,0.04568946,0.04095072,-0.04088364,0.01828325,0.03751782,TWO
-0.04049372,0.0701206,-0.006184548,-0.01544261,0.1115562,0.0288561,-0.004508793,0.1122674,0.04901022,-0.04779218,0.0518336,0.04324901,-0.03788623,0.02444479,0.04125941,TWO
-0.05450666,0.06314915,-0.002540916,-0.05336349,0.08030263,0.04073527,-0.005809478,0.1155148,0.04004464,0.008440062,0.09693468,0.05948648,0.01943045,0.06766742,0.06588838,TWO
-0.0526057,0.06340596,-0.003445715,-0.06039052,0.05344692,0.03079322,-0.00745637,0.114555,0.04176965,0.002829656,0.09628195,0.0606918,0.0113844,0.06583771,0.06936562,TWO
-0.03231655,0.06257847,-0.02097777,0.001960702,0.1162294,0.0160704,-0.01415438,0.1152746,0.03735524,-0.05525671,0.07096466,-0.002503067,-0.04490602,0.02561164,-0.001227915,TWO
-0.03427153,0.04939246,-0.03647876,0.005079798,0.1160614,0.01096511,-0.01949444,0.1195147,0.01726931,-0.04129943,0.07284883,-0.0362432,-0.03501187,0.02545294,-0.02701598,TWO
-0.03046232,0.04973805,-0.03815162,0.005273841,0.1165947,0.0111306,-0.02073108,0.1195643,0.01747179,-0.02411412,0.03260788,-0.02935317,-0.03741211,0.03358302,-0.02778873,TWO
-0.02973663,0.05145076,-0.03685731,0.005900577,0.1164588,0.01200509,-0.01871996,0.1197131,0.018489,-0.02614709,0.03978938,-0.03576839,-0.0364186,0.03366938,-0.02824354,TWO
-0.03138997,0.05101585,-0.03615373,0.004929364,0.1165225,0.01092011,-0.01914845,0.1195958,0.01863354,-0.02757368,0.03842938,-0.03468981,-0.03740778,0.03213674,-0.02704051,TWO
-0.04046876,0.05605936,-0.02641147,-0.006300732,0.1169033,0.005608559,-0.02151523,0.1169402,0.02605647,-0.03246545,0.01111892,-0.01940739,-0.03625353,0.00776422,-0.004017889,TWO
-0.04508439,0.04730225,-0.03820485,-0.03314672,0.1115584,-0.009033978,-0.05505275,0.1063192,0.006798536,-0.03096002,0.004751951,-0.02495152,-0.03592093,-0.0003699362,-0.01056212,TWO
-0.04520917,0.04603136,-0.04011244,-0.03529311,0.1104496,-0.01262456,-0.05830395,0.1042047,0.002831697,-0.03035051,0.003504843,-0.02513295,-0.03536962,-0.001325876,-0.01026821,TWO
-0.03406899,0.04912344,-0.04254866,-0.005465537,0.1167634,-0.01056668,-0.03338785,0.1161139,0.002371848,-0.02263494,0.009585828,-0.0289064,-0.03218863,0.005687207,-0.01618665,TWO
-0.03083108,0.0478116,-0.04373947,0.002883404,0.1171272,-0.008429646,-0.02552935,0.1188061,0.00253889,-0.02019911,0.01464877,-0.03307748,-0.03123084,0.01031259,-0.02119359,TWO
-0.0266392,0.04967773,-0.04093128,0.01171163,0.1164725,0.001361251,-0.01363021,0.1214702,0.006771445,-0.02109732,0.04044956,-0.03858793,-0.03225391,0.03302497,-0.02784821,TWO
-0.02839072,0.04996935,-0.04002023,0.009167269,0.1164491,0.0003510118,-0.01500779,0.1211179,0.006294817,-0.0225791,0.03512809,-0.03503755,-0.03365086,0.02880523,-0.02402675,TWO
-0.02995645,0.0495424,-0.04026002,0.00706473,0.1163338,-0.00241667,-0.01511787,0.1209872,0.004291028,-0.0240679,0.03103411,-0.03338918,-0.03408123,0.02365568,-0.02173471,TWO
-0.03887612,0.06691211,-0.01040298,-0.01348824,0.1132473,0.02130902,-0.01004432,0.1128042,0.04471487,-0.03231435,0.00724107,-0.003979743,-0.03429152,0.004134744,0.009965777,TWO
-0.03939975,0.06493104,-0.01333168,-0.004953846,0.1155475,0.01743802,-0.007682994,0.1153535,0.03869376,-0.03449375,0.01009783,-0.005104184,-0.03739377,0.007597059,0.009599566,TWO
-0.01545881,0.07286388,-0.01470101,0.02698116,0.1123301,0.01721886,0.02482049,0.1123034,0.04279783,-0.02892072,0.02142456,-0.009203374,-0.03219973,0.01680756,0.004411578,TWO
-0.03602055,0.06458044,-0.01835278,-0.006001577,0.1150042,0.01724976,-0.01310488,0.1152742,0.03652263,-0.03220645,0.009809971,-0.01189637,-0.03583299,0.006644756,0.002209783,TWO
-0.03136789,0.06867912,-0.01237595,-0.0002833903,0.1145832,0.02221987,-0.005300194,0.112605,0.04732803,-0.03430621,0.01338187,-0.009629548,-0.03705169,0.009825587,0.004022449,TWO
-0.05027849,0.04129118,0.01619351,-0.00845537,0.1119613,0.0289017,-0.02073663,0.1059365,0.05070513,-0.03036648,0.0158076,0.003771842,-0.03299582,0.003943235,0.01069671,TWO
-0.03132894,0.0688988,-0.01429257,0.007033288,0.1138283,0.0222981,-0.007303253,0.113112,0.03511274,-0.0283801,0.01260844,-0.009068906,-0.03263821,0.007253528,0.007006437,TWO
-0.03062123,0.06654981,-0.01810235,0.009827919,0.1135787,0.02660662,-0.006384932,0.1133755,0.04128039,-0.02793117,0.01237184,-0.01136151,-0.033453,0.008329958,0.002194971,TWO
-0.03292857,0.06589791,-0.01581582,0.008139797,0.1140175,0.02335587,-0.003391653,0.1133206,0.0416415,-0.02920146,0.01504767,-0.01008293,-0.03357296,0.009864509,0.004383743,TWO
-0.02602824,0.07714984,-0.02025285,0.003038038,0.112265,0.03092784,-0.006093387,0.1075202,0.05379191,-0.03142604,0.01361313,-0.003944129,-0.03163236,0.00577724,0.01145935,TWO