44.27425,13.51736,13.18268,20.2763,OPEN
44.14256,13.4575,13.31202,20.29981,OPEN
43.86236,13.45414,13.30719,20.19658,OPEN
43.93159,13.56951,13.48017,20.3815,OPEN
43.92436,13.56269,13.50765,20.4087,OPEN
44.05994,13.20959,13.19099,20.13072,OPEN
44.15888,12.93634,13.05965,19.95711,OPEN
44.08613,13.01305,13.23988,19.86065,OPEN
44.17346,13.3588,13.85549,20.27653,OPEN
44.42615,13.29105,13.62472,20.16804,OPEN
44.33735,13.27235,13.72729,20.18373,OPEN
47.38164,13.43174,13.88179,20.46454,OPEN
70.18883,13.90836,13.12025,20.64929,OPEN
70.87628,13.84092,13.12267,20.28184,OPEN
70.09732,14.36479,13.10826,20.61592,OPEN
59.75723,14.45414,12.80662,21.23026,OPEN
51.248,14.37263,13.21894,21.01074,OPEN
46.04001,14.8003,13.44373,20.84053,OPEN
42.72111,14.61141,13.21339,20.57749,OPEN
40.52054,14.54781,12.90081,20.4661,OPEN
33.68156,14.49389,11.49081,20.00767,OPEN
47.51097,13.22089,12.59957,19.98433,OPEN
47.60861,13.25921,12.5436,19.90048,OPEN
51.73867,13.35674,12.88917,19.80473,OPEN
53.72377,13.90752,11.17713,18.3798,OPEN
46.35716,11.9332,12.37121,18.53939,OPEN
59.37319,15.71185,12.13897,15.65144,OPEN
57.80423,14.73065,11.76822,16.37249,OPEN
45.33307,14.20752,13.67196,18.57505,OPEN
42.04738,13.56789,14.5729,19.73482,OPEN
46.97956,12.75407,13.21171,18.87145,OPEN
48.54009,12.17827,12.49842,18.23806,OPEN
48.21849,12.4184,12.08457,18.56793,OPEN
48.49134,13.07479,11.75046,19.68086,OPEN
51.706,14.28891,13.32763,22.32728,OPEN
52.5739,13.95189,12.03873,20.47998,OPEN
54.55602,14.28665,13.94586,21.32232,OPEN
50.81392,12.7489,13.70879,24.01571,OPEN
52.78535,13.38874,13.37222,22.35657,OPEN
50.45791,16.4434,12.89286,20.48176,OPEN
51.61868,15.28418,13.36657,23.12947,OPEN
59.64888,16.18795,13.6641,23.54454,OPEN
58.52695,16.60407,13.79765,23.46405,OPEN
56.95568,16.80217,13.69192,23.42168,OPEN
56.77818,16.24217,13.60061,23.31664,OPEN
62.40496,14.68004,12.25408,16.96762,OPEN
62.37544,14.63192,12.66905,18.00495,OPEN
60.34701,14.79722,12.40025,17.61252,OPEN
48.16946,14.35823,13.30446,17.75362,OPEN
35.13383,8.688036,8.11462,12.0803,OPEN
33.70361,9.729812,8.641997,12.66677,OPEN
35.12265,9.473076,8.567839,12.73877,OPEN
47.31342,11.30571,10.43128,17.37945,OPEN
56.65048,18.48716,14.18794,23.71653,OPEN
58.38249,20.50777,14.2722,22.53464,OPEN
57.93694,20.90998,14.31431,22.29716,OPEN
57.83017,20.78633,14.33146,22.33607,OPEN
58.2332,17.92631,13.87858,22.64999,OPEN
54.42373,13.01009,11.8058,21.89992,OPEN
43.99965,10.85433,11.27915,16.48583,OPEN
39.54803,9.351707,8.889599,13.85447,OPEN
36.13109,9.002088,8.70624,12.91932,OPEN
34.13516,10.2557,9.518865,13.12267,OPEN
55.54035,15.89879,14.96539,19.89383,OPEN
65.2584,18.79938,15.34881,19.02743,OPEN
66.85299,16.04624,16.5873,19.29008,OPEN
67.66151,16.22491,16.63078,19.32351,OPEN
49.03781,14.98796,15.03218,19.7861,OPEN
45.28403,14.51417,15.37241,19.96506,OPEN
39.41653,12.51884,12.93151,18.08776,OPEN
63.09318,16.90057,13.17368,23.11576,OPEN
58.9543,15.46298,12.62458,22.92396,OPEN
44.7404,9.391261,8.070395,14.4629,OPEN
52.9324,15.74245,16.53826,22.69776,OPEN
47.60781,15.51592,16.78085,19.24488,OPEN
50.06479,17.06445,16.67254,19.68088,OPEN
49.08097,19.05483,18.85939,25.42934,OPEN
57.63734,16.63539,15.57548,28.46239,OPEN
55.38092,16.56945,15.09037,26.91151,OPEN
51.95229,11.40431,10.09409,18.5844,OPEN
41.14684,14.52344,13.35091,18.54468,OPEN
57.29058,16.27653,16.35714,22.69367,OPEN
58.9063,16.31786,15.73582,20.98183,OPEN
58.33618,16.81891,15.47106,19.50627,OPEN
55.18007,17.81079,15.26189,19.73012,OPEN
53.05349,15.5334,13.96084,19.50976,OPEN
41.28914,14.40518,14.82551,18.76101,OPEN
26.64736,15.47311,14.39695,21.11357,OPEN
30.80126,15.70716,13.09688,22.75927,OPEN
34.96829,16.02527,13.38179,23.09498,OPEN
47.69261,17.70792,13.37612,22.92189,OPEN
65.15099,18.66367,13.26754,21.81709,OPEN
72.28166,20.28326,14.81599,20.47048,OPEN
67.08137,21.04013,14.80728,20.94869,OPEN
73.95707,20.43969,15.43068,21.18409,OPEN
68.28292,17.22789,18.08391,23.07408,OPEN
60.5258,19.02716,18.88198,23.71295,OPEN
56.48516,19.39201,19.41543,23.64995,OPEN
52.45672,17.16974,18.14544,23.17007,OPEN
50.95104,16.61735,16.8078,21.32009,OPEN
54.89527,17.01441,18.43984,23.70404,OPEN
62.42981,17.35651,17.18013,24.82018,OPEN
64.19643,17.83716,16.65582,24.94676,OPEN
71.37569,18.93889,14.25981,20.89116,OPEN
71.53733,19.24833,14.62388,21.06921,OPEN
71.02306,19.30185,14.81962,21.56865,OPEN
69.74952,17.68428,14.94711,22.78964,OPEN
54.76192,18.23674,17.78745,22.74904,OPEN
43.5691,13.75094,15.01518,19.60821,OPEN
41.98122,13.94342,11.94486,20.49081,OPEN
34.35689,13.89757,11.16377,17.65558,OPEN
35.22858,13.83364,11.41863,18.53217,OPEN
42.35162,15.83292,12.88203,21.65286,OPEN
61.41342,17.39875,13.66471,23.04746,OPEN
78.16965,18.35834,14.79572,22.42938,OPEN
75.84731,19.19453,15.61341,21.09912,OPEN
77.7739,18.55706,14.90879,20.74617,OPEN
78.37818,18.30997,14.8561,20.75055,OPEN
49.9955,16.97348,12.50724,21.85872,OPEN
44.80013,16.20395,12.00638,19.60787,OPEN
43.39214,15.3254,11.21918,18.5314,OPEN
41.14631,12.70644,9.323776,16.37292,OPEN
59.16256,15.69888,12.71309,23.00128,OPEN
59.91211,15.9918,14.55825,23.7901,OPEN
56.67458,15.22382,15.31454,22.30187,OPEN
55.00463,14.20096,15.08915,20.67195,OPEN
55.45226,13.9925,15.04192,20.15768,OPEN
64.26431,14.51577,15.40078,20.75546,OPEN
67.27708,15.15678,15.56791,22.2628,OPEN
63.57532,18.22426,17.4758,22.98548,OPEN
59.8499,19.12387,13.98899,22.40845,OPEN
59.95496,14.1738,13.54513,20.71346,OPEN
48.8149,13.11386,13.05841,19.49838,OPEN
50.23861,13.15394,12.37554,20.06541,OPEN
53.17833,15.16913,13.00199,20.62805,OPEN
53.95145,14.92534,14.56511,20.37241,OPEN
53.72784,15.27661,14.69029,20.54067,OPEN
49.26989,15.93866,14.05787,21.84326,OPEN
45.34548,13.65907,13.98289,19.67646,OPEN
46.88773,13.3629,13.51404,20.05085,OPEN
55.37259,13.44142,12.51383,21.61471,OPEN
58.103,14.60371,14.75688,21.7615,OPEN
53.66244,15.33874,13.19268,21.66742,OPEN
50.86659,14.35708,13.75971,22.4379,OPEN
52.51276,15.17709,13.80154,22.03488,OPEN
53.12473,14.83293,13.57106,21.76571,OPEN
55.20552,13.59726,13.05707,22.14951,OPEN
56.14728,15.71896,13.96632,21.12619,OPEN
56.61107,15.94659,13.94808,20.9635,OPEN
48.68248,12.89217,12.42342,19.5212,OPEN
52.96193,17.14273,13.74518,19.65043,OPEN
52.3647,16.42596,14.48356,19.36847,OPEN
49.112,15.6167,14.68089,20.52575,OPEN
47.77034,18.22932,13.93891,19.944,OPEN
51.02228,16.40069,14.63621,20.12773,OPEN
63.26439,15.57008,14.94391,21.63588,OPEN
60.77635,15.11842,14.68473,21.77592,OPEN
60.20735,14.9683,14.5073,20.74929,OPEN
62.63425,15.05008,14.05149,20.15227,OPEN
62.79322,15.05598,14.02578,20.05498,OPEN
63.49426,14.98868,13.91199,19.618,OPEN
64.20012,14.90385,13.52568,19.30596,OPEN
63.17273,14.95709,13.38507,19.66247,OPEN
41.18176,9.326811,12.94526,18.12015,OPEN
50.79706,12.71057,16.13686,20.42771,OPEN
52.14446,13.38235,15.82495,20.66637,OPEN
53.12841,12.47253,16.26184,20.70813,OPEN
54.39359,10.48014,18.55396,21.13742,OPEN
53.63005,11.23449,19.35272,21.53484,OPEN
40.00244,9.926858,43.62983,21.67616,OPEN
41.19324,8.535779,42.39482,20.1344,OPEN
39.22019,24.07219,14.56169,17.13716,OPEN
47.62118,13.16858,20.57123,21.86638,OPEN
43.40598,7.371821,12.51374,19.00342,OPEN
46.32915,15.7738,16.12662,22.14505,OPEN
45.91583,16.00919,14.0317,21.52075,OPEN
60.39619,17.8917,14.56506,20.09638,OPEN
54.9961,13.85917,11.81802,21.49561,OPEN
52.78964,13.9275,11.96151,20.76527,OPEN
51.06407,14.15682,13.16266,20.72474,OPEN
54.83513,14.22081,12.18667,21.75673,OPEN
65.50441,15.56891,13.00886,18.51209,OPEN
62.78999,14.9269,14.04579,17.84232,OPEN
61.36282,14.65666,14.43828,18.37151,OPEN
61.37595,14.60145,14.29612,18.87783,OPEN
60.62814,14.90294,14.04879,18.63177,OPEN
59.86934,14.87963,13.67159,17.96597,OPEN
60.41735,14.53221,11.74435,16.91993,OPEN
36.62342,12.48099,11.02218,16.77032,OPEN
47.84089,16.27957,12.23585,21.59872,OPEN
50.75178,15.47532,13.16635,23.19915,OPEN
53.97171,14.2777,13.24929,22.82701,OPEN
42.28903,14.07254,11.6767,20.90895,OPEN
50.84644,13.27215,13.55558,19.89225,OPEN
51.16365,13.3299,11.37077,19.25733,OPEN
48.72108,14.65405,11.74757,20.56108,OPEN
53.25194,15.08177,12.03169,21.52842,OPEN
56.21448,15.57585,12.53531,21.50222,OPEN
56.66122,15.50694,13.41736,21.5343,OPEN
44.72881,13.22154,10.44499,18.89906,OPEN