34.55165,9.97981,9.871276,14.58073,FOUR
37.37379,9.869283,10.57272,14.63787,FOUR
38.31662,10.06474,10.87734,15.00437,FOUR
38.19585,10.20912,11.01823,15.24572,FOUR
37.34568,10.21612,10.7534,15.52649,FOUR
37.90387,10.33731,10.89941,15.73727,FOUR
36.55282,12.62175,13.02641,17.91501,FOUR
37.47691,12.70551,13.07868,18.08427,FOUR
36.4871,12.92491,13.59616,17.89259,FOUR
36.94243,12.92891,13.79898,17.75521,FOUR
37.42948,13.09548,13.68369,18.0631,FOUR
37.80664,13.04117,13.56843,18.10883,FOUR
37.98293,12.34017,12.73521,17.37873,FOUR
36.78947,12.9828,13.75109,18.8173,FOUR
36.28481,12.93238,13.30288,18.51154,FOUR
38.08854,11.94662,12.37836,17.7297,FOUR
34.43459,13.17621,14.0604,18.16862,FOUR
71.56808,13.55037,15.19381,19.55275,FOUR
66.03785,14.40929,15.0152,22.66801,FOUR
66.74631,14.2628,15.26414,22.24895,FOUR
68.73,14.41231,15.07615,23.06353,FOUR
71.36761,14.10055,14.99965,23.90918,FOUR
61.19575,14.40486,14.74419,21.942,FOUR
64.4921,13.21195,14.51429,17.89178,FOUR
25.03535,12.96843,12.47897,16.57818,FOUR
48.04671,11.39798,11.89648,16.30607,FOUR
47.52284,11.13206,11.7906,16.52983,FOUR
47.14117,10.63375,10.97562,16.53133,FOUR
45.19186,10.28645,10.11945,15.72797,FOUR
44.51136,10.23529,9.743219,14.94315,FOUR
44.39044,10.25523,9.58148,14.64094,FOUR
44.25435,10.86897,10.34102,14.49583,FOUR
43.16379,11.0758,10.66673,14.90133,FOUR
41.60217,11.21619,11.05537,15.50674,FOUR
44.2939,9.60175,8.422684,13.06169,FOUR
36.69482,12.69148,14.0877,18.62959,FOUR
38.89389,12.33473,13.44089,18.11214,FOUR
53.13442,14.61355,14.84232,20.28328,FOUR
54.75859,16.31385,16.83566,22.60117,FOUR
54.241,16.29586,16.74113,22.44584,FOUR
40.73585,15.33254,16.20934,20.45484,FOUR
41.60331,15.57282,16.38429,20.60032,FOUR
42.65607,15.84572,16.62192,20.77381,FOUR
45.04612,16.78793,17.19609,21.14832,FOUR
33.59441,14.66738,15.02861,18.89222,FOUR
53.17861,12.69617,13.61438,16.97927,FOUR
53.95393,19.43638,14.60294,17.52311,FOUR
54.94078,21.85824,14.67009,17.42533,FOUR
53.95839,21.88109,14.91949,19.62641,FOUR
62.8833,18.78784,16.41591,21.2151,FOUR
62.12214,18.54862,17.24836,21.71133,FOUR
51.16249,20.25232,17.37759,22.88494,FOUR
45.71523,20.16164,16.99199,23.03811,FOUR
48.34541,20.12928,17.06891,22.68517,FOUR
46.89405,24.83602,15.09951,20.05695,FOUR
39.04321,20.45867,14.42537,19.38853,FOUR
47.7703,19.92432,14.06704,18.39255,FOUR
70.51519,12.7696,15.09133,17.71426,FOUR
30.21662,13.68412,14.9205,19.46323,FOUR
50.99998,16.72798,16.75881,22.81689,FOUR
49.41966,16.6232,16.71099,22.39195,FOUR
47.33142,16.53871,16.61348,21.88603,FOUR
44.43268,16.34049,16.38005,21.26498,FOUR
20.39141,12.78075,14.64583,19.4189,FOUR
21.1343,12.88869,14.72007,20.68423,FOUR
47.25416,17.23516,13.68549,20.23038,FOUR
33.35873,14.34156,15.97368,20.03663,FOUR
38.23863,16.13946,16.65713,20.90408,FOUR
60.72143,17.13048,15.4666,19.30239,FOUR
45.27602,17.4681,16.83316,21.55643,FOUR
37.34803,18.71509,17.30385,20.37538,FOUR
36.06261,17.66607,16.76375,21.75214,FOUR
38.34261,17.4879,17.60303,23.17705,FOUR
53.92649,18.9804,18.69235,21.0025,FOUR
49.77189,20.00297,18.28736,20.06519,FOUR
54.43708,16.74553,17.40987,21.36675,FOUR
39.82456,15.43405,16.19982,19.74516,FOUR
38.47321,16.50606,16.28757,20.66504,FOUR
54.60297,18.2058,18.58164,24.26077,FOUR
52.88934,18.61256,19.22423,24.05218,FOUR
51.04763,17.48729,18.18795,21.14663,FOUR
51.53497,15.95244,15.60493,19.74346,FOUR
39.3974,16.86712,16.01038,19.71794,FOUR
39.01191,16.41951,16.04699,19.19611,FOUR
48.88496,16.89838,15.8131,20.38703,FOUR
50.61017,16.84764,16.00489,21.08932,FOUR
42.68816,16.402,17.31286,23.05273,FOUR
37.02596,16.5758,16.4567,21.77635,FOUR
8.27671,13.02813,12.64155,17.69117,FOUR
27.96456,12.42494,12.83495,16.32741,FOUR
12.32792,18.6498,12.74252,19.08538,FOUR
46.83429,14.6867,16.29781,19.52916,FOUR
58.58384,17.51385,15.68252,19.76173,FOUR
13.18873,24.1793,13.95907,24.15692,FOUR
48.69736,17.4062,15.34086,20.06086,FOUR
41.52246,23.7648,16.66007,21.25561,FOUR
51.30111,21.76232,16.11677,20.14147,FOUR
60.31809,18.86604,15.25368,19.45106,FOUR
67.45315,13.33036,14.51137,17.83454,FOUR
69.87601,12.74653,15.33214,17.37449,FOUR
39.57339,7.747219,5.984745,11.19306,FOUR
40.90077,8.229342,5.939108,11.18245,FOUR
40.69675,7.468921,6.091557,10.80777,FOUR
39.50255,7.685565,6.636844,11.45631,FOUR
37.14334,8.311275,7.812409,12.65936,FOUR
34.7191,8.549113,8.489822,13.2034,FOUR
65.43924,12.20122,12.44925,20.59395,FOUR
45.46115,9.92773,9.370812,21.89909,FOUR
50.44386,7.718411,8.204993,16.37854,FOUR
54.2496,7.684748,9.001171,15.34872,FOUR
57.44826,9.036746,8.86838,16.36784,FOUR
67.7767,14.00198,14.78558,19.12651,FOUR
58.47945,12.78751,14.88233,15.2849,FOUR
39.80368,12.23682,12.14593,15.26361,FOUR
11.46704,10.50105,10.34448,13.31394,FOUR
7.957739,8.98966,8.82835,10.49243,FOUR
42.73085,7.419763,5.52219,11.5112,FOUR
45.66609,7.667823,4.565316,11.4306,FOUR
49.49419,7.384295,5.801066,11.35688,FOUR
53.26931,8.101206,6.832624,10.79877,FOUR
53.38086,8.549343,7.262959,10.85447,FOUR
52.59368,8.722537,7.472152,10.76362,FOUR
49.58231,7.409653,5.682893,10.11455,FOUR
40.59776,6.376859,4.928355,11.3994,FOUR
32.92957,8.574553,8.36046,13.18536,FOUR
73.43861,14.07103,16.32238,19.2953,FOUR
56.75723,12.13398,13.58622,17.80431,FOUR
53.87898,10.79436,11.47119,17.51161,FOUR
56.35361,12.72652,12.16802,27.63258,FOUR
57.53954,13.51155,12.64197,25.18964,FOUR
50.61084,12.04086,12.67314,21.41075,FOUR
59.32281,12.41618,13.56515,16.80594,FOUR
25.4272,11.02289,11.18879,16.45916,FOUR
31.50474,8.675774,8.645792,14.13807,FOUR
37.12762,7.722835,7.308578,12.53865,FOUR
36.5703,7.918495,7.41762,12.43825,FOUR
36.21957,8.156683,7.56364,12.32989,FOUR
36.04545,8.249693,7.583617,12.20899,FOUR
43.60106,6.988899,5.617613,11.91193,FOUR
36.28464,7.364471,6.526513,11.16221,FOUR
43.74364,7.572508,6.883132,10.60064,FOUR
51.10333,8.812515,8.424152,10.84515,FOUR
32.33862,10.94179,9.816442,11.09494,FOUR
33.11269,9.894376,9.571853,11.3496,FOUR
50.93567,8.248503,5.887395,11.85724,FOUR
37.06547,7.844302,7.422406,10.62953,FOUR
36.18705,8.203629,6.608743,11.67179,FOUR
29.44732,9.085796,9.129679,13.86692,FOUR
63.28251,12.47048,13.23004,16.19422,FOUR
68.22517,13.28638,14.77844,17.37326,FOUR
54.25763,13.54478,14.24161,16.32838,FOUR
22.15657,15.61138,11.91702,17.97659,FOUR
39.11839,8.535273,7.750157,12.2104,FOUR
35.29292,7.1878,7.676495,11.72205,FOUR
33.89772,7.143694,7.654861,11.7395,FOUR
33.7558,7.318208,7.704973,11.87642,FOUR
33.49381,8.097861,8.354893,12.03016,FOUR
33.475,8.441595,8.795312,12.37048,FOUR
30.20572,8.247383,7.861198,12.16431,FOUR
7.918346,14.39415,13.57624,16.2594,FOUR
19.47022,9.439901,12.30975,10.70188,FOUR
36.94347,13.04121,13.93472,9.876553,FOUR
49.9103,15.67305,12.41284,14.94141,FOUR
47.94704,16.24496,13.91675,17.53854,FOUR
31.02716,12.42426,9.027783,65.96983,FOUR
25.54828,14.49386,8.654058,52.54711,FOUR
34.24389,6.236147,5.777163,11.3509,FOUR
34.59157,6.18542,5.870458,11.33127,FOUR
29.08199,8.735656,8.846244,12.9918,FOUR
63.47025,12.22648,13.89187,17.26614,FOUR
60.08822,11.62691,13.0213,16.63738,FOUR
57.23472,10.94053,11.34496,17.21522,FOUR
57.82117,10.84239,10.81583,22.46657,FOUR
58.17705,10.96794,11.71083,31.16272,FOUR
59.98246,11.17974,12.96292,35.2008,FOUR
58.58871,11.48551,12.70416,28.79633,FOUR
55.28278,12.73623,12.78774,31.05703,FOUR
55.73711,12.78386,13.79058,34.28793,FOUR
68.50645,13.02957,15.55427,16.21085,FOUR
66.14942,12.89676,15.00572,16.16393,FOUR
52.85208,13.23727,13.03557,16.44148,FOUR
29.52589,10.17952,10.08998,14.10103,FOUR
34.52698,7.565274,7.615792,12.48938,FOUR
33.86295,7.752714,6.781424,12.20563,FOUR
35.21812,5.149781,4.303022,12.11177,FOUR
35.18534,6.171585,5.284239,10.77534,FOUR
30.52172,8.040956,7.549487,12.61931,FOUR
23.68838,8.72445,7.499466,12.61549,FOUR
33.25518,10.73576,9.951353,13.9334,FOUR
70.85326,13.1431,15.08055,17.16155,FOUR
49.40941,11.09553,11.92727,26.94687,FOUR
53.14419,11.37676,12.41786,27.13871,FOUR
63.08519,12.97549,14.43926,17.13991,FOUR
64.9574,13.13798,14.3724,16.88422,FOUR
6.239574,7.848729,7.274296,9.520247,FOUR
19.61433,7.582168,6.53777,11.30432,FOUR
32.66627,7.452298,6.731438,12.05866,FOUR
33.9104,7.885332,7.093539,12.64589,FOUR
33.33575,7.618833,6.965565,12.17199,FOUR
32.38156,7.826065,7.224798,12.28739,FOUR