32.77207,51.44975,21.3407,21.06395,COOL
22.64886,56.55983,15.03771,20.13184,COOL
19.7109,53.65563,14.77234,19.66351,COOL
34.21824,62.48925,14.6004,19.1806,COOL
35.86923,62.02753,15.35082,19.29435,COOL
20.04933,53.97659,13.89995,18.89305,COOL
23.65902,55.15889,14.21044,19.0916,COOL
27.50321,50.25698,15.30159,18.60549,COOL
15.63725,39.74268,19.54106,16.4811,COOL
19.11646,51.98031,14.64849,18.44616,COOL
28.79914,54.96387,16.21792,20.34325,COOL
26.63006,48.95861,18.53314,21.02565,COOL
25.01558,50.18382,16.28216,20.32243,COOL
27.7215,56.57972,15.24642,19.50527,COOL
28.63486,56.99076,15.18854,19.6745,COOL
21.94808,46.46763,18.27863,23.13306,COOL
23.50019,46.67453,19.00043,21.08952,COOL
29.21417,58.28961,14.94904,19.32812,COOL
32.49158,61.83221,15.0456,19.37661,COOL
40.31303,64.08809,17.10431,20.12181,COOL
39.56772,60.52151,17.25693,20.39938,COOL
35.61923,55.73968,17.13245,20.29545,COOL
24.50105,63.62793,13.65182,20.1398,COOL
18.48265,60.36223,14.18103,20.46299,COOL
18.89011,58.39453,14.55759,20.4628,COOL
33.79028,60.20494,14.92266,19.0012,COOL
21.87103,53.19772,18.01111,23.00653,COOL
16.0814,50.08293,18.65762,24.1184,COOL
14.57474,55.47647,17.20675,23.49438,COOL
28.80613,61.99941,12.64511,17.94327,COOL
28.25603,63.77499,13.93687,16.1251,COOL
12.32298,48.93176,17.8437,18.67984,COOL
16.70865,56.89894,13.63372,18.79573,COOL
23.94125,57.25068,14.19697,19.57016,COOL
8.097546,46.31284,15.05501,20.35301,COOL
17.18257,54.94331,14.59825,19.65412,COOL
17.09777,55.54993,14.1827,19.49128,COOL
21.19519,55.01583,18.87148,22.79285,COOL
8.215158,44.82792,21.9602,23.44611,COOL
3.851835,44.97456,19.50948,23.42775,COOL
33.0309,50.26451,12.57744,20.52194,COOL
6.980924,43.12561,23.79435,24.19075,COOL
9.751046,44.91694,21.93851,23.83875,COOL
22.66002,52.10657,13.39698,18.24311,COOL
29.20387,64.31287,12.23203,16.67479,COOL
23.41304,55.62667,13.4872,15.9691,COOL
21.62301,58.06205,13.69918,16.82614,COOL
28.62017,62.30204,13.87383,16.64111,COOL
27.45373,59.97231,14.90327,19.15947,COOL
18.26913,54.39546,20.91889,23.65434,COOL
26.21276,61.80524,13.2386,15.46645,COOL
29.60339,53.82456,16.87214,17.77587,COOL
18.89685,51.28548,18.8793,23.68719,COOL
9.357758,49.56898,20.44061,24.38253,COOL
32.46807,60.00685,12.03359,18.30886,COOL
23.93136,46.82466,14.87936,17.84262,COOL
22.67389,62.97202,13.73506,17.92742,COOL
21.54895,61.07907,13.85645,18.01187,COOL
14.26411,49.57936,14.08462,19.24019,COOL
11.52408,41.33431,18.75005,22.12119,COOL
12.89168,34.5384,27.54494,24.81287,COOL
11.8198,39.04075,25.19706,24.69844,COOL
14.89772,54.44238,12.78582,18.35825,COOL
23.8115,55.49679,10.64198,16.45165,COOL
26.90102,65.07209,12.28052,17.53499,COOL
19.40546,58.18663,13.10958,18.60423,COOL
16.62317,52.44565,13.96459,19.30106,COOL
3.090158,37.53233,18.05655,21.90049,COOL
4.154495,37.15067,18.21981,21.51506,COOL
10.33221,36.74389,20.67472,21.03154,COOL
13.82098,40.58616,19.36004,20.46274,COOL
28.20849,54.1283,16.09627,20.59569,COOL
31.87932,58.39391,15.21794,19.67927,COOL
31.55233,59.59429,15.20431,19.4047,COOL
34.51227,57.35956,15.61652,20.24544,COOL
29.09102,46.26475,23.16234,22.45197,COOL
28.66157,43.92251,22.95917,22.57015,COOL
23.77889,48.12741,20.39894,23.22684,COOL
24.64484,54.35296,12.68598,17.9574,COOL
32.67486,60.65321,12.79993,31.28717,COOL
28.94012,59.18411,12.92984,17.89394,COOL
20.77395,59.46026,12.60243,17.38733,COOL
26.99485,66.08202,13.7916,17.51853,COOL
23.5328,61.30602,13.84481,23.11773,COOL
21.60459,56.5105,14.58713,30.33562,COOL
23.86763,56.86666,13.98867,26.65197,COOL
25.06327,57.10339,13.66833,26.46299,COOL
22.93028,58.05297,13.73937,17.81908,COOL
20.90616,58.82952,13.94353,17.31027,COOL
16.31633,28.93629,20.10227,20.86096,COOL
11.75507,57.10142,15.93488,20.25417,COOL
15.25456,46.98089,14.61076,20.90541,COOL
28.63601,63.73856,14.02394,17.25044,COOL
24.21991,60.99585,14.08157,17.29427,COOL
20.22748,58.46943,13.94929,17.93949,COOL
20.52174,60.21225,14.02766,18.83233,COOL
21.23479,60.80654,13.88269,18.60865,COOL
18.35675,57.24664,15.95823,18.6912,COOL
18.02322,56.52484,17.66643,18.77938,COOL
33.78939,55.59547,18.43417,21.71117,COOL
18.01269,50.51278,18.63008,24.12352,COOL
15.00589,55.70054,17.59596,24.18884,COOL
9.887358,38.07125,24.8341,24.98658,COOL
10.63471,47.44033,24.02347,25.1624,COOL
8.687923,52.02596,17.66233,22.51982,COOL
11.04379,55.10985,17.67791,22.18475,COOL
3.935819,55.94376,20.72337,22.98643,COOL
12.95253,53.28321,18.49047,22.49531,COOL
6.544426,50.68331,18.1518,24.52713,COOL
8.704457,50.84408,17.93328,24.52924,COOL
16.33412,50.17852,17.62131,23.34182,COOL
17.40585,44.68489,18.32176,22.78652,COOL
26.7473,54.22415,13.55662,19.04963,COOL
28.48852,69.43054,13.26038,26.0073,COOL
19.41477,46.57618,19.48549,23.1585,COOL
26.36025,62.81487,13.22093,20.31112,COOL
18.59129,53.87289,18.46587,19.10505,COOL
20.4462,53.98423,13.78955,18.04027,COOL
20.20972,58.55095,13.65283,17.03557,COOL
29.18336,54.64484,20.24202,22.22305,COOL
16.78486,47.87994,17.97903,22.13672,COOL
12.99299,44.10066,17.15389,22.17388,COOL
6.141365,39.59604,16.70442,21.78385,COOL
0.2454926,35.98549,16.11754,21.1149,COOL
3.61996,36.88944,16.46032,20.93128,COOL
4.975829,37.83652,16.92915,21.09852,COOL
20.86593,58.82022,17.50189,21.79541,COOL
20.82396,46.59472,20.32648,21.51232,COOL
7.975185,50.35213,18.71972,22.19592,COOL
24.7897,51.83919,14.26226,18.13083,COOL
24.03702,49.55635,14.89214,14.97165,COOL
24.5893,18.3006,40.29007,13.16441,COOL
24.19813,14.15227,46.66018,13.85578,COOL
25.07538,13.14402,47.0931,15.32136,COOL
22.65144,34.55175,31.30024,16.04975,COOL
16.50715,60.4213,12.90063,19.64025,COOL
29.21159,57.85295,16.89034,21.5924,COOL
23.56243,56.84237,18.1746,23.83744,COOL
20.17143,60.5076,17.56494,25.14767,COOL
13.06219,52.1407,18.26229,25.56724,COOL
16.51292,48.86729,19.28131,24.87905,COOL
29.39352,53.3739,17.82444,21.84077,COOL
22.71992,63.23396,12.93892,16.53543,COOL
21.73276,62.97139,13.02018,16.93589,COOL
24.41094,62.63661,12.99716,17.90733,COOL
28.80904,69.11519,13.09842,15.78275,COOL
31.43827,67.1189,14.36261,20.43102,COOL
34.94685,58.59702,18.57792,21.68831,COOL
36.2841,54.03724,23.75184,23.36204,COOL
28.78921,56.53536,21.83714,23.64602,COOL
15.55294,53.93118,18.95415,22.83929,COOL
14.57858,51.66507,19.98211,22.64757,COOL
14.69917,54.34118,25.13555,24.245,COOL
29.42209,72.3969,13.26013,19.04361,COOL
32.02476,61.88593,15.75604,18.54517,COOL
32.34394,60.04418,15.93862,18.41348,COOL
30.5962,56.77796,14.0941,17.99493,COOL
26.80864,53.29447,14.20528,18.0128,COOL
23.92,51.85128,18.35772,20.12407,COOL
20.80205,44.21412,11.13502,19.14248,COOL
15.10148,45.72921,16.58393,19.69898,COOL
30.65915,60.94046,13.39155,18.40346,COOL
28.77848,55.48145,16.85493,18.73655,COOL
33.5484,38.1657,19.96352,16.23406,COOL
25.91235,48.74427,25.20022,21.92349,COOL
25.69598,52.86404,22.59702,23.55997,COOL
17.60085,61.92568,16.11518,22.15627,COOL
13.7682,54.00781,19.73132,23.81462,COOL
32.58883,70.75787,13.75719,16.32566,COOL
38.28036,49.88234,11.26518,54.19085,COOL
27.04674,69.51258,11.20024,17.52962,COOL
29.22046,61.62042,16.18111,22.17459,COOL
17.31987,61.71134,16.78404,22.82346,COOL
15.16988,60.8485,16.17389,23.09727,COOL
15.42916,60.43565,16.27943,22.94507,COOL
16.39758,60.56699,16.62016,22.64377,COOL
16.30682,58.68442,18.03247,22.17567,COOL
22.29239,52.09282,21.58526,23.64785,COOL
24.57461,57.89701,13.65794,18.36993,COOL
22.1335,55.4956,13.57733,18.10383,COOL
23.30607,53.8578,14.08928,18.18113,COOL
23.33593,52.62686,16.17779,18.50255,COOL
19.66284,65.02712,12.58019,18.8121,COOL
19.13539,63.83737,11.75799,18.5209,COOL
16.99647,63.13744,13.6273,18.63029,COOL
25.20916,56.28255,13.94242,17.90766,COOL
27.56533,56.04486,14.37317,17.73081,COOL
23.90214,54.35526,12.87572,18.73876,COOL
25.86044,58.55393,13.36271,18.589,COOL
23.71396,59.63492,12.75837,30.19366,COOL
29.29292,56.84766,17.89217,20.52176,COOL
17.66676,53.53973,16.96374,22.56153,COOL
18.46906,57.1223,16.05838,22.77504,COOL
13.93606,54.39139,16.55203,22.70795,COOL
14.59925,52.35772,16.66901,22.34697,COOL
15.92338,51.2809,17.1078,22.11075,COOL
5.397609,44.27609,17.32559,22.41352,COOL
13.27736,42.90981,17.91269,20.76844,COOL
14.75931,42.81667,18.1035,19.71462,COOL
5.373412,46.7547,14.95124,20.29974,COOL