-0.08821864,-0.0002822876,-0.003920764,-0.05463568,-0.02394471,0.0003338158,-0.09593224,0.05738509,0.05244735,-0.07126626,0.06161159,0.07291013,-0.04235108,0.04282567,0.08598495,23.64992,58.16998,15.17686,17.51738,COOL
-0.08599954,-0.006742656,0.01845014,-0.05760352,-0.02630228,0.01729304,-0.08439398,0.06118646,0.06939438,-0.05347471,0.06665522,0.08422571,-0.01497606,0.05115256,0.09279433,19.74307,57.20749,16.09856,20.50867,COOL
-0.06621052,0.003166646,0.05391654,-0.0541803,-0.01178065,0.04832962,-0.05215304,0.08622038,0.07651111,-0.007909879,0.09715235,0.07349157,0.03530925,0.07347548,0.07178894,11.62746,53.71247,21.07536,23.7741,COOL
-0.05861126,0.04658005,0.03577864,-0.05069663,0.02481243,0.04130214,-0.0346055,0.122393,0.005577445,0.002152324,0.119913,0.00666818,0.03983281,0.09619886,0.02131346,15.02953,55.67061,16.80848,22.85882,COOL
-0.06050448,0.05130586,0.02567595,-0.0504389,0.02886802,0.03728145,-0.03449032,0.1215414,-0.004489243,0.00101506,0.119663,-0.001306951,0.03770059,0.09810612,0.01418796,17.51761,54.40234,16.38447,22.10067,COOL
-0.06382632,0.0535762,-0.002132118,-0.06752817,0.05249429,-0.0005596578,-0.03087854,0.1152871,-0.01692301,-0.007882997,0.1161478,0.00919494,0.007602632,0.09127915,0.03351721,2.410541,37.80394,16.77092,17.70984,COOL
-0.06474462,0.05549321,0.005323559,-0.05317738,0.02429557,0.01646498,-0.007021822,0.1250752,-0.02363008,0.01011568,0.1174738,-0.004119426,0.03159454,0.09561241,0.02334121,19.92302,67.01891,11.85754,20.0608,COOL
-0.07363681,0.04109582,-0.03897858,-0.0551241,0.01605329,-0.002190202,-0.03032653,0.1210783,-0.02257061,-0.01451391,0.1180778,0.006044209,-0.0004975647,0.09657758,0.03759795,25.83382,59.80978,14.91567,19.48932,COOL
-0.0762963,0.009342194,-0.05227298,-0.05734057,-0.01078168,-0.01760891,-0.09065922,0.0845634,-0.01132002,-0.07688031,0.08747,0.02000546,-0.06082094,0.066544,0.04871857,23.51784,53.75269,15.99876,18.66889,COOL
-0.07489944,0.006365329,-0.04978198,-0.06136435,-0.008184224,-0.0252578,-0.0959654,0.07429323,-0.02037755,-0.08198172,0.08405384,0.01350993,-0.06828428,0.06457704,0.04213536,15.76581,45.22257,17.94714,17.7238,COOL
-0.07821532,0.007674873,-0.04421672,-0.06243372,-0.007571042,-0.0209372,-0.09590508,0.07628727,-0.0108732,-0.07837825,0.08670005,0.02180392,-0.06260771,0.06559271,0.04926187,15.81731,46.26345,18.21748,18.00553,COOL
-0.0863357,0.0266031,-0.02107579,-0.0534479,-0.0003027022,0.01519158,-0.05657404,0.112301,0.006911159,-0.02474389,0.1162406,0.02085495,0.003030874,0.0967674,0.04360053,33.74458,63.75235,16.12251,19.42331,COOL
-0.06053952,0.04797071,0.02625048,-0.0493864,0.02352479,0.04081959,-0.0460622,0.1128937,0.01172772,-0.007556573,0.1186406,0.00755313,0.03301121,0.100028,0.01722229,21.2428,49.68375,18.58472,22.47999,COOL
-0.05721313,0.04246372,0.04078135,-0.04656312,0.01762101,0.04686466,-0.03975937,0.1142245,0.02763629,-0.001012661,0.1179881,0.02345502,0.04025291,0.09470552,0.03119016,18.48662,52.53982,18.35584,23.47681,COOL
-0.06862935,0.02169451,0.04273537,-0.05621053,-0.001825094,0.03586814,-0.05396514,0.08995929,0.06341559,-0.009480841,0.1009817,0.06491557,0.02878974,0.07322398,0.07336146,16.60046,51.01799,21.72993,23.45887,COOL
-0.07171647,0.01052287,0.04309562,-0.05651619,-0.008453488,0.02922267,-0.05395063,0.08102733,0.07654119,-0.0168756,0.08303759,0.08336687,0.01801267,0.05553657,0.08884445,15.182,54.62906,17.74415,22.03262,COOL
-0.07508042,0.004739165,0.03288263,-0.06027464,-0.009188384,0.01245448,-0.05727461,0.08297265,0.07578626,-0.03791058,0.0689975,0.08752283,-0.01354351,0.04021186,0.09414378,16.78948,62.42224,11.89186,18.50616,COOL
-0.08005549,0.02290618,-0.02245054,-0.05369058,-0.002648532,-0.0130865,-0.07742684,0.09483135,0.01587558,-0.06678737,0.08700779,0.03623536,-0.05149128,0.06413677,0.05667129,18.25093,57.21682,11.02068,16.32427,COOL
-0.07577527,0.02692953,-0.03648272,-0.05220978,-0.002000391,-0.01516679,-0.077429,0.09504256,-0.0001768768,-0.06488604,0.09260538,0.02550918,-0.04860247,0.0734084,0.05065641,21.96245,54.6886,13.44151,17.25927,COOL
-0.0656243,0.04551107,-0.03458005,-0.05614289,0.01296505,-0.01611745,-0.03445478,0.1220155,-0.007610708,-0.03367539,0.1107938,0.02287772,-0.03078561,0.0827488,0.04870254,21.88486,61.39028,14.65471,18.0058,COOL
-0.06571659,0.04865491,-0.02885488,-0.05799079,0.01748541,-0.01227525,-0.02865178,0.1233935,-0.007575989,-0.02645235,0.1124385,0.02301672,-0.02308694,0.08456329,0.04940128,20.60579,60.07781,14.69291,18.23338,COOL
-0.06830227,0.05521479,-0.009103864,-0.05684811,0.02936184,0.009323806,-0.01862091,0.1237659,-0.01569608,0.003866918,0.1186864,0.006884843,0.0218239,0.09531245,0.03538278,18.34451,56.12338,14.75606,19.76249,COOL
-0.06793113,0.05481225,-0.007769138,-0.05757558,0.02829975,0.01019749,-0.02222953,0.1226855,-0.01204219,0.002447866,0.1185698,0.008477449,0.02095312,0.09544888,0.03574023,18.97912,55.3278,14.93654,19.36543,COOL
-0.06976602,0.05244464,-0.01046106,-0.05808428,0.02374101,0.008831769,-0.02573497,0.1221671,-0.006598473,-0.002437107,0.1179073,0.01472238,0.015357,0.09436795,0.04109374,20.86412,56.80945,14.73547,19.0002,COOL
-0.07181033,0.03340462,-0.04127863,-0.05628159,0.004516482,-0.01645246,-0.05898868,0.1105542,-0.01016665,-0.053136,0.1026028,0.01992944,-0.04112054,0.08046207,0.04825196,21.95317,57.37155,14.44169,18.31806,COOL
-0.07080165,0.02341807,-0.04315767,-0.05420698,-0.001687557,-0.02559182,-0.07444428,0.09591374,-0.02586189,-0.07127786,0.09105796,0.004521489,-0.060279,0.07287917,0.03463227,18.39675,52.46534,14.26569,17.93576,COOL
-0.07138129,0.01666066,-0.04158831,-0.05308466,-0.006466419,-0.02925774,-0.08561506,0.08189249,-0.03092813,-0.08226378,0.07912186,-0.001179069,-0.07048877,0.06358194,0.02931219,17.54405,48.7617,14.03968,17.84339,COOL
-0.07508138,0.008216351,-0.03417167,-0.05303616,-0.0133121,-0.02893654,-0.102431,0.0557034,-0.02190915,-0.09345843,0.06461477,0.008967042,-0.07821898,0.04964271,0.03724656,18.5767,43.48852,16.33399,17.52699,COOL
-0.07911094,0.002312779,-0.02637324,-0.05460147,-0.01822382,-0.02209318,-0.1079282,0.02812281,-0.009389997,-0.09588546,0.05786097,0.02411437,-0.07682882,0.04310948,0.04813227,19.11153,35.93001,23.60116,16.58479,COOL
-0.08298127,-0.004018962,-0.005988657,-0.05338604,-0.02496949,-0.01050389,-0.07186976,-0.02280042,0.0009676814,-0.09044634,0.05421567,0.04860544,-0.06690108,0.03691453,0.06415248,22.90415,13.14158,52.65536,15.36655,COOL
-0.07902239,0.01143602,0.03481448,-0.05959373,-0.004942983,0.03318548,-0.06156275,0.1036359,0.04153106,-0.02713962,0.1031365,0.05612913,0.00946141,0.08058482,0.06882253,12.84406,58.66288,17.04335,21.65498,COOL
-0.07035819,0.03192377,0.0325624,-0.05710121,0.01217532,0.03758785,-0.05728882,0.1100516,0.01842707,-0.01977623,0.1167443,0.01957342,0.02001932,0.09872773,0.03392133,14.74569,52.48593,17.69211,22.40472,COOL
-0.0606967,0.05367365,0.01551908,-0.0462204,0.03031847,0.03884968,-0.03893039,0.1150649,0.004080743,-0.003243141,0.1180769,-0.001254946,0.03576869,0.09926575,0.009206504,25.38501,48.45107,17.30297,22.08527,COOL
-0.061875,0.05430138,0.01406157,-0.04621113,0.03244144,0.03782666,-0.03548419,0.1176054,-0.003267229,-0.000654608,0.1183692,-0.005791843,0.0372251,0.09900728,0.006612808,24.79007,50.32848,16.51025,21.86218,COOL
-0.06554682,0.05499667,0.01342216,-0.04545982,0.03519389,0.03768724,-0.02559126,0.1220221,-0.01102841,0.0097012,0.1191121,-0.01037988,0.04471573,0.0969249,0.00478965,24.41952,54.12473,16.43778,21.45665,COOL
-0.05872778,0.06101179,0.02378735,-0.03849668,0.04056951,0.04019126,-0.01490504,0.1251863,-0.01487097,0.02050402,0.1177533,-0.01670021,0.05453455,0.09194523,-0.00277704,20.01577,54.67778,16.57508,21.6985,COOL
-0.06449211,0.05736294,0.01652458,-0.04258195,0.03587127,0.03722647,-0.02081057,0.1238307,-0.011803,0.01508529,0.1186908,-0.01281792,0.04912502,0.0948016,0.002629399,22.97222,54.63732,16.71478,21.47909,COOL
-0.07692167,0.03327379,-0.03516328,-0.05673671,0.0076437,-0.002536505,-0.04333049,0.1176656,-0.02144152,-0.02965814,0.1151765,0.005537599,-0.01458731,0.09570542,0.03605503,25.32496,62.09039,13.64224,18.63229,COOL
-0.07696366,0.02107421,-0.04055601,-0.05985895,0.0006648302,-0.009997219,-0.07011145,0.09681129,-0.02884936,-0.05319879,0.1041273,-0.003517628,-0.03781399,0.0899322,0.02944019,22.29662,52.43779,14.72966,18.98591,COOL
-0.08355628,0.02622062,-0.02925175,-0.05359807,0.003556758,0.007814527,-0.05056394,0.1149635,-0.01912761,-0.02892534,0.1160305,0.001997888,-0.006382205,0.09982422,0.02953947,29.93644,64.49276,13.66589,18.54396,COOL
-0.06201535,0.05394626,0.01718685,-0.04805893,0.03361809,0.03663528,-0.03695401,0.1178281,-0.007040143,0.0009806901,0.1187421,-0.009814829,0.03913176,0.09897125,0.00378859,20.93387,50.16333,17.90152,22.1402,COOL
-0.06146246,0.05474719,0.01571935,-0.04843395,0.03532365,0.03587011,-0.03582549,0.117829,-0.008262217,0.002126962,0.118517,-0.0105097,0.03997841,0.09853259,0.003551424,20.7411,49.49228,17.92708,22.16269,COOL
-0.06492112,0.05392984,0.01083186,-0.05036091,0.03388011,0.03197876,-0.03363217,0.1186629,-0.01222798,0.002835855,0.1187373,-0.01158622,0.037924,0.09915632,0.006272346,21.18991,51.24359,17.10935,21.49198,COOL
-0.07219772,0.04740351,-0.00635922,-0.05504427,0.02487382,0.02101782,-0.03743987,0.1168942,-0.01341051,-0.003818184,0.1190294,-0.0097287,0.02415754,0.1017776,0.01385513,25.00691,53.59597,15.92643,19.46575,COOL
-0.08556557,0.02962998,-0.02572751,-0.05330608,-0.001558125,0.006362617,-0.05958831,0.1066901,0.02461529,-0.03186397,0.1079589,0.04005533,-0.008957386,0.08467242,0.0605025,30.60757,61.77008,14.75146,18.27796,COOL
-0.08785301,0.02515522,-0.02723125,-0.05282167,-0.004955798,0.002294093,-0.06894123,0.09893119,0.03122851,-0.04109639,0.1008523,0.04891485,-0.01879185,0.07649949,0.06804791,28.4192,60.84016,15.37955,18.04747,COOL
-0.08703494,0.01147383,0.02654651,-0.05400039,-0.01323912,0.02620324,-0.04807614,0.08598778,0.07852718,-0.01579421,0.08518216,0.08312294,0.01471961,0.05674148,0.08830079,21.53634,63.00077,14.98563,20.22164,COOL
-0.04003899,0.03296268,0.06571358,-0.03356054,0.01398402,0.06328544,-0.02315286,0.1111714,0.0525412,0.02099541,0.1168316,0.02768806,0.06283471,0.08480462,0.02508456,12.57159,51.72551,23.77394,25.63599,COOL
-0.03921582,0.04210299,0.05776682,-0.03372493,0.01830313,0.06029779,-0.023912,0.1152795,0.04267341,0.01852722,0.1186237,0.01862675,0.06021827,0.087464,0.01888475,16.8738,52.16901,22.79461,25.34684,COOL
-0.04117406,0.05055174,0.04837564,-0.03392094,0.02461466,0.05592698,-0.02268587,0.1196097,0.02931401,0.01724743,0.1191732,0.008824348,0.05831622,0.0890722,0.01187575,19.55825,52.28883,20.92686,24.96373,COOL
-0.05335007,0.05974641,0.02365765,-0.04090203,0.0406408,0.04011312,-0.02449123,0.1226405,-0.00772664,0.01259461,0.1182001,-0.0132513,0.05058072,0.09351793,-0.0005719662,18.62434,49.8406,17.53754,23.08423,COOL
-0.06196054,0.05908033,-0.01054978,-0.05528429,0.02858996,0.009836644,-0.01748493,0.122157,-0.00683856,0.006954707,0.118144,0.005530775,0.02267025,0.09600514,0.03110635,22.79894,55.67104,12.90977,17.73586,COOL
-0.0633989,0.05856091,-0.01764256,-0.05406733,0.02451232,0.004531831,-0.01011837,0.1249075,-0.00672555,0.006082438,0.1176806,0.01435927,0.01765765,0.0934166,0.04062068,24.21259,61.38506,12.56136,17.81944,COOL
-0.06378772,0.05243564,-0.02715492,-0.05108663,0.01585633,-0.01304829,-0.01227894,0.1274258,-0.007749498,-0.01749134,0.1146563,0.02388114,-0.0169475,0.08705091,0.05097213,21.77549,67.08976,15.42449,18.38295,COOL
-0.07128571,0.02928293,-0.02265686,-0.05075645,0.005610496,-0.02774754,-0.0733085,0.1017037,0.01459447,-0.06936805,0.08592367,0.0436787,-0.06563011,0.05013305,0.05828992,19.1087,58.00594,15.24376,18.1628,COOL
-0.07983605,0.0005443692,-0.0008335412,-0.04847585,-0.01386347,-0.01533595,-0.1012516,0.06177443,0.03566507,-0.08105882,0.06023467,0.06162909,-0.07077802,0.0200882,0.06320018,22.92472,57.52227,15.40932,19.11581,COOL
-0.08320552,-0.0008737743,0.002943188,-0.05083536,-0.01624104,-0.009310693,-0.1004319,0.04705915,0.04438996,-0.07350048,0.06068066,0.07009017,-0.05795623,0.02525052,0.07661691,20.80009,52.63173,19.1857,18.22735,COOL
-0.04565393,-0.000395745,0.07115841,-0.04515664,-0.009671897,0.05152097,-0.02371509,0.08943111,0.08455664,0.0228582,0.09067786,0.07660922,0.05465706,0.05912459,0.07130334,11.53005,58.25798,22.03695,21.78486,COOL
-0.03643119,0.01812482,0.07226348,-0.03962374,0.003976047,0.06206268,-0.02453689,0.1060054,0.06331208,0.02265529,0.1102383,0.04638761,0.06045976,0.07852793,0.04356539,11.12764,55.01091,23.36941,23.90727,COOL
-0.03047971,0.03419858,0.06515315,-0.0359725,0.01256743,0.06384274,-0.02458855,0.1144,0.04805818,0.01880343,0.1169524,0.02778581,0.0590099,0.08582211,0.02794519,16.22579,55.03051,22.17639,24.66602,COOL
-0.03704306,0.05113918,0.04706043,-0.03564764,0.02250415,0.05704018,-0.02244382,0.1220571,0.02595183,0.01692055,0.1195938,0.009181052,0.05672266,0.08952796,0.01496249,22.63206,56.01193,19.7392,24.43616,COOL
-0.04989273,0.05786398,0.03699642,-0.03451534,0.03244892,0.04901549,-0.0175615,0.126302,0.002832234,0.01955056,0.1192166,-0.00537771,0.05754583,0.09014732,0.004141241,20.70103,56.14804,17.6435,23.71616,COOL
-0.05163464,0.0596419,0.03307411,-0.0351904,0.03604859,0.04617956,-0.01714019,0.1262614,-0.004100144,0.01931124,0.1187297,-0.01012516,0.05656889,0.09063673,0.0008352101,19.9694,55.2554,17.19633,23.30763,COOL
-0.05250537,0.06098342,0.02900007,-0.0360484,0.03958589,0.04269162,-0.01692422,0.1255486,-0.01089928,0.01890998,0.1178603,-0.01526797,0.0553548,0.09088075,-0.003060907,18.80098,54.0253,16.86291,22.85966,COOL
-0.0497514,0.0676491,0.01153573,-0.04406954,0.05640349,0.02503365,-0.01960462,0.1195935,-0.02576625,0.0148029,0.1128305,-0.03279603,0.04705025,0.09235632,-0.01549831,11.56867,42.15982,16.77702,20.50402,COOL
-0.04527776,0.06898329,0.00378409,-0.04731396,0.055803,0.02017981,-0.03199971,0.1055416,0.004364938,0.01662806,0.1128023,-0.0296739,0.04461659,0.09314588,-0.008173674,14.54226,26.57344,30.15891,19.70709,COOL
-0.04548282,0.06841969,-0.02272847,-0.04157224,0.02839383,-0.0152913,0.001438722,0.1252512,0.01679078,-0.001156002,0.1092419,0.04457855,-0.005911253,0.07767949,0.06697458,21.21642,60.84128,14.61382,18.75703,COOL
-0.04544542,0.06757313,-0.02552721,-0.04156677,0.02902833,-0.01749125,-0.004568964,0.1246642,0.02002057,-0.005709425,0.1083966,0.04735693,-0.009464763,0.07581633,0.06975806,20.14257,59.30941,14.47972,19.13085,COOL
-0.04533897,0.06138834,-0.03252742,-0.04304565,0.03829503,-0.03099081,-0.02982633,0.1203757,0.02433726,-0.03208121,0.1022033,0.05300492,-0.03826024,0.06598333,0.07101801,11.9015,51.56609,15.58023,19.57964,COOL
-0.04872901,0.05992863,-0.02982372,-0.04541977,0.04399389,-0.03061524,-0.037926,0.1166443,0.03024122,-0.03956801,0.0958623,0.05971989,-0.0457136,0.05744979,0.07379881,7.81934,48.08891,16.5942,19.77243,COOL
-0.05071831,0.0598937,-0.02628079,-0.04532224,0.04464892,-0.02877948,-0.04616302,0.1110941,0.03792703,-0.0478431,0.08712849,0.06657231,-0.05370331,0.04684329,0.07596576,7.555385,47.40928,17.23612,20.02045,COOL
-0.06374775,0.04307297,-0.01946509,-0.04629027,0.02914903,-0.02901039,-0.07346499,0.09211746,0.04201987,-0.06777237,0.06744805,0.07185698,-0.06557667,0.0258632,0.07734719,13.84676,51.07355,18.22508,20.20548,COOL
-0.06887973,0.02618781,-0.008598655,-0.05090724,0.02236885,-0.0270344,-0.08236885,0.07739821,0.05709451,-0.07368777,0.05245787,0.079579,-0.06619386,0.01167113,0.08086923,19.47103,55.97455,15.88454,19.72458,COOL
-0.06961995,0.01496196,-0.001047254,-0.05388729,0.01931471,-0.0249151,-0.08441716,0.06666952,0.06754768,-0.07460979,0.04282877,0.08452573,-0.06440559,0.003763109,0.08294341,23.84361,58.41204,14.01235,19.07509,COOL
-0.06596912,-0.01258388,0.03423691,-0.06563142,-0.00417003,0.00412941,-0.07037092,0.03256336,0.09720302,-0.04308588,0.02000263,0.1104332,-0.02775389,-0.0146881,0.09792155,24.40048,53.4078,15.30492,18.61076,COOL
-0.06701393,-0.01627681,0.04050067,-0.06590521,-0.01271039,0.01662791,-0.07530186,0.02433661,0.09104621,-0.04078142,0.02417183,0.1087854,-0.01701704,-0.003279686,0.1006382,16.7024,42.3234,18.64461,17.41479,COOL
-0.06428239,-0.0180864,0.04384023,-0.0656473,-0.01364052,0.0216307,-0.07261516,0.02692974,0.09239528,-0.03769047,0.02647218,0.1085441,-0.01202869,0.000824064,0.1013504,15.81273,41.12469,18.52847,17.52361,COOL
-0.03279854,-0.002230436,0.07554376,-0.04124524,-0.007510096,0.05306023,-0.01974018,0.0733642,0.0955404,0.02792146,0.07838804,0.0851866,0.06047384,0.04935229,0.07369715,15.14056,49.75747,23.42053,22.21039,COOL
-0.03194793,0.003186405,0.07646474,-0.03915807,-0.003694355,0.05825147,-0.016858,0.07528681,0.09372908,0.03235828,0.08436036,0.07842374,0.06694129,0.05414781,0.06538728,12.38177,46.79232,25.06589,23.50122,COOL
-0.01836676,0.04152042,0.06363177,-0.03188124,0.02991307,0.06722185,0.0001632199,0.1195473,0.04221115,0.04134419,0.1124944,0.02257422,0.07421581,0.07485494,0.02430329,13.09884,50.92351,21.27749,24.15491,COOL
-0.02332002,0.05052283,0.05600685,-0.03294933,0.03506696,0.06046984,-0.004164957,0.123788,0.02642918,0.0350391,0.1156639,0.009434611,0.0688125,0.08053815,0.01626498,13.73097,51.62184,20.05791,23.87681,COOL
-0.03905387,0.06196851,0.03782079,-0.03748,0.0432716,0.04491788,-0.0116601,0.1261216,-0.003863484,0.02420962,0.1172165,-0.01009005,0.05872302,0.08817139,0.004501492,13.03,51.65118,17.19814,23.14047,COOL
-0.04999277,0.06642264,0.009892553,-0.04189929,0.05157012,0.03135329,-0.03495752,0.08861914,0.02326235,0.009378463,0.114401,-0.02621317,0.04003536,0.09396261,-0.009157926,18.58635,20.14458,37.16932,19.72996,COOL
-0.04256316,0.06999904,-0.003962398,-0.04758406,0.04683816,0.01514465,-0.04245761,0.06463322,0.01796314,0.02613736,0.1140946,-0.01333559,0.04505383,0.09195378,0.01173416,20.95774,11.84623,49.89433,18.53245,COOL
-0.04099771,0.07184759,-0.01297459,-0.04126371,0.0314844,-0.010741,0.01833602,0.124398,0.01443884,0.00936985,0.108251,0.04299486,-0.002344579,0.07688573,0.06101543,22.73923,63.38953,15.40091,17.78961,COOL
-0.04531585,0.06091458,-0.0342865,-0.04008918,0.03676012,-0.03147203,-0.02387759,0.1228918,0.014884,-0.02716719,0.1069416,0.04472777,-0.03489948,0.07282352,0.06486189,11.21405,50.80819,15.60601,19.32422,COOL
-0.05388726,0.04847577,-0.04289567,-0.04467305,0.03337124,-0.04036728,-0.05978464,0.1101144,0.007211685,-0.06195027,0.09333369,0.03971189,-0.06455286,0.05633125,0.05807984,6.84828,45.51208,16.96537,19.95914,COOL
-0.07372936,0.01181659,-0.03584665,-0.05031204,-0.0007118583,-0.03640911,-0.1033848,0.06976283,0.005702198,-0.09309968,0.06329507,0.04062137,-0.07763478,0.032585,0.06160849,13.30839,50.38594,17.22426,19.18553,COOL
-0.07604586,-0.0003599823,-0.03830665,-0.04843321,-0.0156917,-0.03001302,-0.112784,0.05397683,0.004039556,-0.1006975,0.05121276,0.03820035,-0.08033911,0.02557552,0.06040007,15.95468,52.56395,16.88637,18.82349,COOL
-0.07565203,-0.004580259,-0.04202533,-0.04474195,-0.02029082,-0.02696744,-0.1160488,0.04597861,0.0007370412,-0.1026855,0.04743069,0.03738207,-0.08138878,0.02261025,0.05926242,18.30358,52.69872,18.21963,18.67387,COOL
-0.07692215,-0.005044758,-0.04380718,-0.04744176,-0.02111289,-0.02404174,-0.1133915,0.0220429,-0.002595484,-0.1005082,0.04877102,0.04029647,-0.07867992,0.0244495,0.06253591,18.588,41.17726,25.67529,18.92255,COOL
-0.07619335,0.005317569,-0.05925435,-0.05202205,-0.008489162,-0.009311169,-0.07495087,0.09958759,-0.02443844,-0.06028237,0.1023908,0.005644441,-0.04283392,0.08679804,0.03868923,30.23725,61.14236,15.24267,19.50415,COOL
-0.07429153,0.01479086,-0.05219573,-0.05294631,-0.001912653,-0.005792528,-0.05631245,0.1049399,-0.04278401,-0.04423418,0.1092253,-0.01599887,-0.02861822,0.09765223,0.01813272,30.88677,63.31686,13.43426,18.72037,COOL
-0.07438621,0.01623064,-0.05043516,-0.05280041,-0.001383811,-0.00383085,-0.05571146,0.1055363,-0.04213151,-0.04245861,0.1099167,-0.01674837,-0.02675623,0.0983263,0.01649797,32.06947,63.81985,13.08571,18.25729,COOL
-0.07428031,0.01804677,-0.04910779,-0.05315876,-0.0003128648,-0.002288699,-0.05527378,0.1060045,-0.0409013,-0.04005767,0.1107635,-0.01716614,-0.02427208,0.09902704,0.01505181,32.97898,63.51051,12.94026,17.76579,COOL
-0.07573201,0.03081644,-0.02903727,-0.05663356,0.00642094,0.007291406,-0.05484861,0.1066571,-0.03045747,-0.02953186,0.1141077,-0.01826465,-0.009499874,0.1024573,0.009061635,30.96345,59.87051,13.57938,16.61174,COOL
-0.06893267,0.04375759,-0.01111406,-0.06099002,0.01718578,0.01134026,-0.05253429,0.1064299,-0.0275754,-0.02121019,0.1150228,-0.02340853,0.002448078,0.1040398,0.003373355,24.40994,53.00047,15.56308,17.63883,COOL
-0.06656525,0.04668534,-0.007812411,-0.06261022,0.02171358,0.01126167,-0.05154781,0.1064954,-0.0290466,-0.01953057,0.114543,-0.02618885,0.005399164,0.1042027,0.0006871521,21.92146,50.46579,15.7574,18.11969,COOL
-0.06421246,0.04980457,-0.003514439,-0.06495292,0.0276686,0.01070601,-0.04913919,0.1085954,-0.02936035,-0.01822399,0.1147252,-0.02449456,0.009493906,0.1045359,0.002026618,18.40391,47.85424,15.05689,19.20242,COOL
-0.06714799,0.04740086,-0.00338757,-0.06381513,0.02389759,0.01350439,-0.05115625,0.1093417,-0.02256155,-0.02038891,0.1159721,-0.01569456,0.008637086,0.1047591,0.009514183,19.93948,49.21412,15.20683,19.43085,COOL
-0.07645287,0.03773504,0.005284905,-0.06332725,0.01739562,0.01933074,-0.05582823,0.1123105,-0.01096046,-0.02253282,0.1180762,0.002961159,0.01061067,0.1029342,0.02727139,16.73776,52.24466,16.87456,21.21262,COOL
-0.07556997,0.03800642,0.007273197,-0.06395014,0.01897341,0.02198958,-0.05365004,0.1133927,-0.006925821,-0.01858456,0.1183373,0.00565964,0.01523546,0.1013266,0.02920079,16.62915,52.02157,17.40587,21.68464,COOL
-0.07568064,0.03773427,0.007751644,-0.06431999,0.01778686,0.02341157,-0.05195302,0.1144786,-0.002717197,-0.01694413,0.1183021,0.0101403,0.01650092,0.09984434,0.03287333,17.73099,53.3032,17.34638,21.60293,COOL
-0.07523081,0.03957528,0.007382751,-0.06380256,0.01877105,0.02509236,-0.04569905,0.117757,-0.0001651049,-0.01046631,0.1191697,0.01277351,0.0218978,0.09822214,0.03445053,19.19243,55.21769,17.29824,21.38299,COOL
-0.07512719,0.03950429,0.009764016,-0.06156801,0.01725632,0.02901411,-0.04628896,0.1173957,0.005036235,-0.01029029,0.1186873,0.01574701,0.0239094,0.0974403,0.035133,21.27371,55.50671,17.31051,21.66396,COOL
-0.0749798,0.03922367,0.01086783,-0.06039792,0.01641166,0.0306437,-0.04729571,0.1170704,0.006172001,-0.010775,0.1186485,0.01599807,0.02445249,0.09755176,0.03459454,22.18008,55.67887,17.42246,21.86904,COOL
-0.06247476,0.03808731,0.03489351,-0.05358364,0.01802278,0.04625255,-0.05068101,0.1140115,0.02109438,-0.01070319,0.1182702,0.01916909,0.03050537,0.09732264,0.02980012,17.47171,51.56063,18.54647,23.11925,COOL
-0.0460173,0.03710824,0.04937136,-0.04432289,0.0189994,0.05891746,-0.04971799,0.1130017,0.03149676,-0.01153124,0.117563,0.02204078,0.03259599,0.09747225,0.02498299,15.401,50.2238,18.10439,23.74722,COOL
-0.03084414,0.03762019,0.06084234,-0.03609467,0.02621019,0.06529593,-0.04576936,0.1162776,0.02941179,-0.00913693,0.1190552,0.0147121,0.03575412,0.0980882,0.01442033,9.701764,49.29829,17.93271,24.22131,COOL
-0.02714398,0.03241765,0.06879079,-0.02675059,0.0243575,0.0719012,-0.03005473,0.1182302,0.04040408,0.005985707,0.1186821,0.02323437,0.04753476,0.09397507,0.01632792,6.14679,50.43141,18.09311,23.68505,COOL
-0.04093143,0.03553051,0.06290329,-0.0300711,0.02272439,0.06662959,-0.02544029,0.1185352,0.03945774,0.012598,0.1175952,0.02516609,0.05200419,0.09098762,0.02118528,11.46827,51.40964,18.59048,23.14303,COOL
-0.05976263,0.03844261,0.04723912,-0.0471683,0.02928025,0.0552783,-0.03505033,0.1178897,0.03152382,0.006235383,0.1173422,0.02611518,0.04625236,0.09044629,0.03203464,11.28331,46.4954,19.14511,23.72787,COOL
-0.06747933,0.04104537,0.03315341,-0.05556114,0.03162605,0.04582846,-0.04211907,0.1170273,0.02232879,-0.0002943054,0.1179435,0.02223808,0.03957822,0.09244698,0.03456116,12.94455,44.70569,19.32994,23.98709,COOL
-0.07330281,0.03807747,0.000195682,-0.05517505,0.003140688,-0.0009633303,-0.05175132,0.1132416,0.01477867,-0.03718269,0.1055203,0.03615481,-0.01951149,0.0821659,0.0579465,24.21742,62.52959,12.21876,17.40596,COOL
-0.07286423,0.0335086,0.007039845,-0.05175858,-0.001582801,-0.004284918,-0.05440662,0.1101503,0.02435684,-0.04498002,0.0989809,0.04244351,-0.02983152,0.07453126,0.05998939,28.15689,67.05235,10.26497,15.61162,COOL
-0.0759175,0.002982378,0.01885849,-0.04819336,-0.009646595,-0.01430526,-0.08644794,0.07339227,0.05400968,-0.07457308,0.05583996,0.07279235,-0.06166797,0.02466911,0.07196718,33.01309,65.31087,12.88156,14.39408,COOL
-0.04638478,-0.04420501,0.03745782,-0.05097524,-0.03793085,-0.0001630187,-0.09285071,0.001684606,0.0802846,-0.06230895,0.001687467,0.09840685,-0.03268307,-0.01184553,0.09646904,31.17051,53.3493,16.80857,15.51143,COOL
-0.03081354,-0.04294074,0.05051333,-0.04260614,-0.04118335,0.01001346,-0.07759701,-0.0114994,0.0853368,-0.0482764,0.007441401,0.1015273,-0.01900094,-0.002505541,0.0962683,35.27084,48.29775,19.3144,15.19372,COOL
-0.02462226,-0.04045349,0.05649441,-0.03924206,-0.04030854,0.01747751,-0.06244485,-0.03220338,0.06967169,-0.03799064,0.01193947,0.10248,-0.005065575,0.004371524,0.09572226,34.37454,31.56867,32.96074,17.63253,COOL
-0.02786119,-0.03632611,0.06426764,-0.03444228,-0.03617364,0.0254007,-0.04289499,-0.02926648,0.0611937,-0.01554941,0.03790855,0.1072095,0.02875508,0.02997363,0.09609336,27.94216,24.5579,48.37941,23.82451,COOL
-0.0311068,-0.03097171,0.06809521,-0.03250083,-0.03377038,0.03086627,-0.05143248,0.009177685,0.09937459,-0.006059214,0.055098,0.103248,0.040959,0.04477245,0.08857471,23.84029,45.3368,32.65109,25.41992,COOL
-0.03194816,-0.01871186,0.07244807,-0.03309092,-0.02584761,0.04347229,-0.04121809,0.06541246,0.09793252,0.005500015,0.07639325,0.09234971,0.05106885,0.05790377,0.07664812,17.47965,58.58701,22.66081,25.48351,COOL
-0.07454211,0.03799188,0.01500875,-0.06476533,0.01809424,0.01412749,-0.05288613,0.1091916,0.02297276,-0.02708651,0.1061495,0.038369,-0.002123468,0.08202022,0.0598411,11.31362,47.56192,14.04599,20.23819,COOL
-0.07632946,0.01434296,0.01243317,-0.05097716,-0.006078839,-0.0136382,-0.08514195,0.07692319,0.04071915,-0.07593176,0.06500554,0.05674732,-0.06183016,0.03574616,0.06249386,29.55757,59.14111,10.14177,14.41023,COOL
-0.0801959,0.004500955,0.009080857,-0.05439307,-0.006599575,-0.01558843,-0.09594844,0.06267947,0.04350659,-0.08710055,0.04333419,0.05950996,-0.06985972,0.01077437,0.05704108,24.48054,53.77285,12.24033,16.22039,COOL
-0.08212421,-0.00396806,-0.002854973,-0.05519754,-0.01104194,-0.0213519,-0.1073085,0.05439174,0.02572674,-0.09791082,0.03403631,0.04498586,-0.07664954,0.009979457,0.05504617,20.55004,49.87572,13.54239,15.7403,COOL
-0.08220582,-0.007130384,-0.008702427,-0.05329844,-0.01484692,-0.02351737,-0.1103905,0.05308628,0.0199559,-0.100316,0.03466788,0.04094851,-0.07877462,0.01285553,0.05522233,19.84371,51.68105,13.44969,16.08485,COOL
-0.08198607,-0.0115689,-0.01266891,-0.05334878,-0.01845181,-0.0233399,-0.1128351,0.04848373,0.02312541,-0.1008201,0.0348621,0.04696006,-0.07667503,0.01452303,0.06486177,17.37771,53.08258,13.68671,17.45851,COOL
-0.08124007,-0.01728252,-0.01887795,-0.05651946,-0.02248478,-0.02290192,-0.1159867,0.0413149,0.01994273,-0.102097,0.03501746,0.0462952,-0.07552911,0.01671815,0.0677996,12.12805,50.37944,14.02981,18.81112,COOL
-0.07993809,-0.01870796,-0.02448109,-0.05544399,-0.02403638,-0.02430746,-0.1166924,0.03917724,0.01437333,-0.1041745,0.03655922,0.03929886,-0.07928512,0.01907691,0.06161955,11.04447,50.0916,12.95557,18.20385,COOL
-0.0793933,-0.02400446,-0.01942256,-0.05500191,-0.0284968,-0.02070829,-0.1167107,0.03488341,0.02093324,-0.1034732,0.03322691,0.04289803,-0.07813539,0.01699397,0.06209871,11.46164,51.80512,11.84237,16.97728,COOL
-0.07821838,-0.03083822,-0.006360888,-0.05638976,-0.03360653,-0.01345113,-0.1138781,0.03116867,0.03854176,-0.097967,0.0289723,0.0575797,-0.07006002,0.01214486,0.0716939,11.70028,54.30649,11.37754,16.67261,COOL
-0.05993349,-0.03957239,0.04105547,-0.05521784,-0.03681493,0.02360275,-0.08772641,0.04474476,0.07874879,-0.05131577,0.05561653,0.09362414,-0.01049202,0.0376741,0.09927753,10.17923,55.30526,18.87562,21.77661,COOL
-0.05440358,-0.03579551,0.05009887,-0.05415781,-0.03458849,0.03036046,-0.08407871,0.05395558,0.07737371,-0.04265901,0.06933847,0.08941993,-0.002715729,0.05076465,0.09427258,12.29979,55.88885,21.19769,21.32116,COOL
-0.05086427,-0.01258615,0.06235233,-0.05917164,-0.01625082,0.04946953,-0.07719718,0.08262324,0.05915716,-0.03356333,0.09804362,0.06267551,0.008326877,0.08211648,0.06784901,11.13077,52.29607,21.30147,21.68658,COOL
-0.05441776,-0.00192976,0.06083018,-0.06075709,-0.008061141,0.05099574,-0.0766829,0.09105071,0.0464032,-0.03442008,0.1049737,0.04861689,0.009486031,0.08961946,0.05655682,9.292506,51.85825,20.40333,22.88737,COOL
-0.05964819,0.01045123,0.05564332,-0.06182041,0.001140505,0.04945073,-0.07496995,0.09796083,0.03179267,-0.03436677,0.1095422,0.03459543,0.01077047,0.09486017,0.04578379,7.795835,51.2086,19.40074,23.92332,COOL
-0.06674218,0.02454087,0.0417487,-0.06430925,0.01187345,0.04163635,-0.07365747,0.1003716,0.0153361,-0.03688531,0.1101373,0.02096152,0.008396745,0.09793383,0.03626075,8.548515,47.52256,17.84291,24.6724,COOL
-0.07025526,0.03170848,0.02998272,-0.06557,0.01743501,0.03356028,-0.07025107,0.1022461,0.006700099,-0.03607363,0.1103979,0.01573041,0.006992035,0.09858322,0.03341597,9.976636,45.30692,16.96074,24.15512,COOL
-0.07658939,0.02803853,-0.02448127,-0.05870178,0.003718853,-0.01364273,-0.07554027,0.01778963,-0.00924328,-0.07643108,0.06420717,0.003124595,-0.05500373,0.06683624,0.02576813,16.33517,11.36141,28.07446,18.0466,COOL
-0.07769131,0.02513874,-0.02096018,-0.05975574,0.003067583,-0.01571253,-0.07597374,0.01339149,-0.01001844,-0.07953332,0.05484971,0.003814161,-0.05897908,0.06132036,0.02626982,14.51111,10.07003,26.37365,18.71229,COOL
-0.07791598,0.02378443,-0.01993179,-0.06001265,0.002019733,-0.01647419,-0.07532901,0.009807974,-0.01018694,-0.08284822,0.05718717,0.003362745,-0.06088394,0.05868146,0.0260877,14.64908,9.394442,28.76327,17.77975,COOL
-0.07862154,0.0174416,-0.02236235,-0.05729657,-0.004056156,-0.01822746,-0.07532544,0.0030379,-0.01260728,-0.08800835,0.05135736,0.001083404,-0.06653127,0.05436304,0.02516586,16.00149,10.19511,29.61051,18.04129,COOL
-0.07685438,0.007529974,-0.0366087,-0.05372621,-0.009252399,-0.02541447,-0.08389618,0.006873399,-0.02644193,-0.09237827,0.05136862,-0.007775337,-0.07581712,0.04994169,0.02048945,13.90428,15.43212,27.31255,17.45487,COOL
-0.07429197,0.002131522,-0.04454672,-0.05233308,-0.01191077,-0.02927372,-0.09401202,0.02058443,-0.03723007,-0.0938812,0.05787489,-0.01254001,-0.08011592,0.05093393,0.01857263,12.76004,23.96704,23.74518,17.57381,COOL
-0.09322519,-0.0073376,0.002419293,-0.05653499,-0.02280298,0.02108547,-0.08988434,0.06625277,0.05328774,-0.05436602,0.08522257,0.06647778,-0.01498506,0.07035461,0.07964635,24.54371,53.96966,19.90108,21.20669,COOL
-0.04994699,0.03733096,0.04855919,-0.04625748,0.01259333,0.0477339,-0.05042929,0.1156519,0.01386723,-0.01187293,0.1198815,0.01119781,0.03270399,0.1006768,0.02085501,17.53175,58.77814,17.83685,24.11096,COOL
-0.05484777,0.05253491,0.02650291,-0.03834206,0.0241372,0.04378083,-0.03487061,0.119958,-0.006681651,0.001042329,0.11975,-0.01335165,0.04000193,0.09948918,-0.004656404,26.6065,60.00856,16.97206,21.68543,COOL
-0.06157676,0.05814916,-0.001500338,-0.0325346,0.03617191,0.03759763,-0.02319187,0.1175711,-0.01996416,0.01324984,0.1137018,-0.03454217,0.04601818,0.09294757,-0.02335063,38.95192,55.2598,18.8112,19.47128,COOL
-0.0580608,0.06130657,0.0009215474,-0.03470203,0.04210094,0.03524223,-0.0203067,0.1187998,-0.024299,0.0132786,0.1112551,-0.04034793,0.04366784,0.09177476,-0.02711859,32.44803,52.6036,17.96413,18.42894,COOL
-0.05536203,0.06289321,0.001113653,-0.03660546,0.04503778,0.03297177,-0.02015006,0.118498,-0.02557692,0.01363908,0.110147,-0.04306352,0.04328089,0.09129837,-0.02813455,28.91959,50.37756,18.44081,18.24941,COOL
-0.05184649,0.06492594,0.001939207,-0.03841776,0.04842955,0.03005984,-0.02014807,0.1181868,-0.02527317,0.01421983,0.109265,-0.04512662,0.0429529,0.09087691,-0.02836043,24.59596,47.05488,19.31878,18.10065,COOL
-0.04346136,0.06998375,0.009568363,-0.04321963,0.05360144,0.02389082,-0.01261704,0.119928,-0.02148643,0.02553956,0.1114372,-0.03782177,0.05090448,0.090974,-0.01451051,14.26066,43.64278,20.06518,18.96128,COOL
-0.04376718,0.06985164,0.01128232,-0.04323619,0.05204922,0.02590379,-0.0112887,0.1203122,-0.01686934,0.02646011,0.1125757,-0.03367466,0.05182934,0.09108827,-0.01077291,15.08642,44.42627,19.95572,19.13348,COOL
-0.04648067,0.06862286,0.0133355,-0.04506072,0.04754269,0.02797386,-0.01282991,0.1199777,-0.0061993,0.02745341,0.1147942,-0.02430806,0.05200426,0.09172451,-0.0009802878,16.60705,44.77738,21.23654,19.46304,COOL
-0.05221062,0.06601265,0.01066723,-0.04946711,0.0426133,0.0249871,-0.02732274,0.1120151,0.007125676,0.0247383,0.1166975,-0.01694036,0.04784133,0.09359485,0.008338362,17.31024,38.69603,28.12401,19.65299,COOL
-0.07115099,0.04944023,-0.00894922,-0.05665921,0.01967934,0.0115647,-0.02882044,0.1213949,-0.01246721,-0.002624981,0.1197795,0.002556771,0.0163641,0.09879911,0.03020081,22.91243,59.58413,13.92879,18.76699,COOL
-0.0798676,0.01920053,-0.0385136,-0.05811255,0.001122028,-0.004888505,-0.05989569,0.1045776,-0.03681067,-0.04723597,0.108055,-0.007461607,-0.03027707,0.09492356,0.02514628,23.54771,59.06909,14.68004,18.72948,COOL
-0.06946314,-8.681417E-05,-0.05613151,-0.05223172,-0.01588911,-0.01722452,-0.08914596,0.06687975,-0.04496533,-0.07723549,0.08445087,-0.02049872,-0.06537444,0.07499489,0.01347992,25.97027,50.58548,15.63466,17.92271,COOL
-0.0607163,-0.01204467,-0.06484243,-0.04526882,-0.02597678,-0.03591135,-0.1076241,0.03460369,-0.0442158,-0.1052438,0.04954928,-0.01070026,-0.09251364,0.03852373,0.02345884,18.36556,43.689,17.6259,18.61119,COOL
-0.07424183,-0.02725175,-0.04653388,-0.05583843,-0.03247058,-0.02391171,-0.1087058,-0.01133859,-0.01117396,-0.1098421,0.03050825,0.02675992,-0.0842957,0.01944903,0.05267668,13.5928,27.61222,28.59807,18.276,COOL
-0.08036079,-0.02789795,-0.03668809,-0.05590811,-0.03464532,-0.01433197,-0.1070725,-0.01348865,0.007922739,-0.1039116,0.03057787,0.04622316,-0.07393016,0.01925281,0.06799805,16.31021,29.49756,29.60553,18.62262,COOL
-0.06843734,-0.02355784,0.04704055,-0.05398952,-0.02971178,0.03964946,-0.07606278,0.05631068,0.08384743,-0.04058059,0.06789193,0.09068069,0.003545329,0.05511844,0.09111801,8.255973,51.57703,17.46329,22.31657,COOL
-0.04095268,-0.003763229,0.07172865,-0.04677953,-0.007351458,0.0647454,-0.04697245,0.08636424,0.08018646,-0.005219217,0.09820285,0.07152027,0.03916893,0.07750547,0.06426007,6.659764,48.41724,20.37744,23.97811,COOL
-0.0354607,0.007065713,0.07438484,-0.04338386,0.003921479,0.06939924,-0.04121483,0.09884337,0.06875244,0.0009085722,0.1080215,0.05589679,0.04514005,0.08483225,0.04914409,6.856295,48.22402,20.66679,24.4373,COOL
-0.07197717,0.0408484,-0.02938148,-0.06241525,0.02314579,-0.005069047,-0.04530007,0.1104825,-0.03163534,-0.02553091,0.1136282,-0.008713186,-0.01055218,0.09829861,0.02304992,17.65641,47.74984,14.19269,18.57388,COOL
-0.07201298,0.03696716,-0.03334558,-0.06332647,0.01931131,-0.01127154,-0.04936866,0.108101,-0.03484488,-0.03399133,0.1108325,-0.008737296,-0.0205927,0.09614289,0.0242289,16.05732,47.61472,14.10344,18.80875,COOL
-0.0721704,0.02333596,-0.03885931,-0.06544527,0.01059985,-0.02955866,-0.06030646,0.09951474,-0.04693745,-0.05397906,0.1020277,-0.01595676,-0.04587463,0.08851811,0.02092227,8.449176,45.45381,14.45851,19.72844,COOL
-0.07458983,-0.003372759,-0.04825898,-0.06611431,-0.004804268,-0.03557804,-0.09236491,0.07150453,-0.04378048,-0.08229706,0.0839766,-0.01204774,-0.07037814,0.07053849,0.0265592,4.84432,38.7336,16.54558,20.78144,COOL
-0.07475108,-0.006802887,-0.04888274,-0.06549293,-0.01078877,-0.03094491,-0.09968457,0.06248705,-0.03711247,-0.0870043,0.0800736,-0.007019818,-0.07303139,0.06664643,0.0304741,8.855323,39.18394,17.49249,20.52942,COOL
-0.07719351,-0.008639529,-0.04796374,-0.0589323,-0.02181706,-0.01780328,-0.1086377,0.05636129,-0.01547691,-0.09143128,0.07528836,0.01442477,-0.07179584,0.05932063,0.04685861,20.31815,47.45446,18.56599,19.76524,COOL
-0.0791783,-0.009333163,-0.04608127,-0.05736112,-0.02308783,-0.01388091,-0.1082916,0.05924842,-0.009766996,-0.0902265,0.07569689,0.01938337,-0.06875145,0.0597994,0.05071136,22.36028,50.61335,17.87379,19.77482,COOL
-0.08823216,-0.003587484,-0.03217506,-0.05617378,-0.0222519,0.0006189346,-0.0975686,0.07975256,0.01839787,-0.07461134,0.08399832,0.04244775,-0.04640498,0.06673259,0.06681049,27.95476,61.11161,15.2052,19.60855,COOL
-0.09269672,0.006959349,-0.007287145,-0.05524207,-0.01504472,0.01747841,-0.0801492,0.09178454,0.03438526,-0.0478234,0.1001108,0.04842174,-0.01569045,0.08107582,0.06689468,28.85611,61.23134,16.61858,19.77747,COOL
-0.08378411,0.02174681,0.02296981,-0.0490952,-0.004036754,0.03314593,-0.05953205,0.1077736,0.02989936,-0.02257851,0.1150281,0.03292552,0.0124055,0.09553081,0.04680377,25.80785,62.45623,17.34437,20.05697,COOL
-0.07699759,0.03007871,0.02874896,-0.04720712,0.002382934,0.03629985,-0.05125678,0.1151012,0.01782352,-0.01501559,0.1190938,0.0206089,0.01989665,0.09944794,0.03435403,24.40128,63.8623,16.69963,20.02736,COOL
-0.07132745,0.03863183,0.02845791,-0.04590311,0.009581685,0.03706345,-0.0442051,0.1195732,0.003493488,-0.009216011,0.1210762,0.007077605,0.02481336,0.1016336,0.02152345,23.86037,64.31078,16.0184,19.72749,COOL
-0.06327692,0.05526257,0.007878006,-0.04211767,0.03160372,0.03509977,-0.03337721,0.1168769,-0.02120364,-0.0005771667,0.1159893,-0.02799019,0.02931812,0.09926972,-0.01370946,28.60325,56.09707,15.75484,17.51329,COOL
-0.05235328,0.06174085,0.0149397,-0.04027509,0.04525408,0.03811872,-0.03540468,0.09953269,0.01987511,0.006228365,0.1155022,-0.02769241,0.03587823,0.0967598,-0.01484478,21.75933,29.63205,32.97837,17.74504,COOL
-0.0468617,0.06207356,0.02510926,-0.0349068,0.03957883,0.04659075,-0.02747248,0.08728758,0.03742751,0.01755437,0.1179886,-0.01349604,0.04860045,0.09454143,-0.005415767,23.8421,27.78397,38.32191,19.00969,COOL
-0.04213623,0.06174371,0.03143573,-0.0314812,0.03180534,0.04842359,-0.01673996,0.1082756,0.02834851,0.02671658,0.1174461,-0.003104597,0.05909529,0.08987007,0.001641303,25.83363,44.26673,26.70222,20.64448,COOL
-0.0383241,0.06141117,0.03342268,-0.0308648,0.03037834,0.04940578,-0.01183975,0.1156617,0.02402759,0.02889204,0.1171653,-0.0008085072,0.0623708,0.08810344,0.002730519,26.21045,49.49582,22.98189,21.51972,COOL
-0.03337483,0.05959007,0.03824961,-0.03189754,0.02906972,0.05065057,-0.01027099,0.1173731,0.02661628,0.03015967,0.1172192,0.002373338,0.06545105,0.08626363,0.005936354,24.65406,50.72968,22.48002,22.83188,COOL
-0.03182038,0.05889788,0.04046607,-0.03236642,0.02943406,0.05086109,-0.010267,0.1173869,0.02697799,0.03040084,0.1172876,0.002270907,0.06606603,0.0857687,0.006559104,23.25152,50.48988,22.67317,23.179,COOL
-0.03249123,0.05887988,0.04069701,-0.03324408,0.03023008,0.05038071,-0.01122278,0.1184171,0.02450532,0.0289342,0.1175823,0.00108391,0.06484838,0.08647394,0.006449103,22.27514,50.748,22.10368,23.20836,COOL
-0.05083177,0.05840889,0.02877843,-0.04489695,0.03067642,0.03880963,-0.02595063,0.1181032,0.0132964,0.01754665,0.1193275,-0.001106501,0.04988188,0.09335709,0.01447344,19.84281,49.2571,21.80659,21.37562,COOL
-0.07570817,0.03930125,-0.02822292,-0.06071748,0.01304689,-0.002194911,-0.06934561,0.03905919,0.003881305,-0.03400199,0.1105129,0.01371425,-0.01928003,0.09095469,0.04033092,22.14575,17.91725,43.52148,17.4004,COOL
-0.06588238,0.03868517,-0.04245523,-0.05568114,0.008662969,-0.02601516,-0.04835728,0.1186281,-0.001683444,-0.05680316,0.09985805,0.02448958,-0.05395038,0.07019463,0.04906151,19.67872,61.74718,14.775,18.49278,COOL
-0.05277073,0.04094002,-0.05187711,-0.04203003,0.01569051,-0.04363361,-0.04896073,0.1178896,-0.004067749,-0.0603258,0.1013131,0.02463752,-0.06572116,0.0669972,0.04815248,14.50558,59.2638,15.88684,20.01811,COOL
-0.04560132,0.03369841,-0.06277297,-0.03928971,0.02752227,-0.06104694,-0.05267656,0.1099539,-0.03172541,-0.06199661,0.1020165,0.006321371,-0.07186456,0.06889886,0.0337685,4.040457,44.02832,18.49683,21.44214,COOL
-0.04785333,0.03289576,-0.06149834,-0.04151236,0.02705574,-0.05997074,-0.05163161,0.1103932,-0.03241831,-0.05960037,0.1034218,0.005338341,-0.068846,0.07157642,0.03417137,3.905401,43.85473,18.11544,21.34687,COOL
-0.05040102,0.03228435,-0.05954638,-0.04349392,0.02614143,-0.05810961,-0.05069806,0.1112353,-0.03207701,-0.05747758,0.1046056,0.005012751,-0.06575237,0.07389641,0.03494743,4.17021,44.31033,17.62651,21.19668,COOL
-0.05380533,0.03137532,-0.05651197,-0.04592139,0.02494064,-0.05555904,-0.04969659,0.1117527,-0.03255081,-0.055091,0.1058057,0.004057646,-0.06193351,0.07663316,0.03542224,4.702821,44.56277,17.21025,21.04308,COOL
-0.06324403,0.02746648,-0.04900551,-0.05596066,0.01827785,-0.04545277,-0.05113597,0.108243,-0.04061639,-0.05088538,0.106827,-0.005343854,-0.05082047,0.08476552,0.03033027,4.885636,44.67323,16.15616,20.3756,COOL
-0.07039863,0.02441844,-0.04068506,-0.06468423,0.01363593,-0.03515822,-0.05601218,0.09808418,-0.05319104,-0.04980336,0.1028847,-0.02185017,-0.042549,0.09023544,0.01536337,6.39065,43.05332,14.86147,19.58517,COOL
-0.07928506,0.02947825,-0.01733157,-0.06441356,0.01105839,0.006966114,-0.06370749,0.1026069,-0.03199765,-0.04099144,0.1089553,-0.01593548,-0.01974916,0.09872133,0.01364678,20.59926,52.35698,13.05506,18.07586,COOL
-0.06542424,0.0460051,0.01557258,-0.05402469,0.01930687,0.03271544,-0.04992428,0.1136653,-0.002877414,-0.01499999,0.1187353,-0.0001832843,0.02102777,0.1035869,0.01407459,23.57488,54.1986,16.55693,20.13932,COOL
-0.05875922,0.04953972,0.0201416,-0.05243783,0.02428159,0.03726536,-0.04696629,0.1137136,-0.0005118847,-0.01051598,0.1190043,-0.001365095,0.02905496,0.1026285,0.01010895,22.84222,52.02981,17.39623,21.69522,COOL
-0.05587529,0.05114272,0.02108169,-0.05161991,0.02668825,0.03858879,-0.0453208,0.1138821,-0.0004366934,-0.008453649,0.1190729,-0.00268051,0.03215171,0.1020587,0.008086383,22.62206,51.16182,17.67117,22.2491,COOL
-0.05206123,0.0537034,0.02087906,-0.0504872,0.0303289,0.0398708,-0.04265036,0.1142426,-0.001014441,-0.005170844,0.119061,-0.005259246,0.03685146,0.1008219,0.004986674,22.85009,49.97773,18.09472,23.14556,COOL
-0.05042166,0.05479667,0.0225468,-0.04898607,0.03211403,0.04127967,-0.0416798,0.1142068,0.001672328,-0.004139479,0.1188434,-0.004220098,0.03919709,0.09986687,0.005486488,22.24265,48.45436,18.2708,23.93605,COOL
-0.05110399,0.05424079,0.02412426,-0.04941463,0.03181776,0.04110548,-0.04238352,0.1142636,0.002599597,-0.0047202,0.1188774,-0.002541184,0.03890467,0.09983662,0.007974029,21.0574,48.1157,18.24071,24.17567,COOL
-0.05565798,0.05178359,0.0275448,-0.05077922,0.03041601,0.04057887,-0.04311491,0.1153813,0.004893661,-0.004455227,0.1195939,0.00124073,0.03799681,0.09958285,0.01428437,17.99302,48.19297,18.42631,23.99902,COOL
-0.05833269,0.04782841,0.03362507,-0.05072555,0.02682415,0.04280588,-0.0449538,0.11534,0.01083693,-0.005619962,0.1197381,0.006870806,0.03681254,0.09900343,0.02008671,16.07473,48.98436,18.63618,24.08442,COOL
-0.05767201,0.04137677,0.0436821,-0.04808255,0.01990879,0.04782283,-0.04426139,0.1140098,0.02561545,-0.004121762,0.1185398,0.020147,0.03834122,0.09579349,0.02986017,15.15159,50.45357,19.01163,24.07635,COOL
-0.05574587,0.03242612,0.0526666,-0.04895173,0.01531076,0.05274081,-0.04351113,0.1109752,0.04056472,-0.001274478,0.1154897,0.03447026,0.04092056,0.08977383,0.04168427,11.48019,49.88538,19.9003,24.44005,COOL
-0.05496805,0.02940893,0.05093139,-0.05798095,0.01307285,0.04793155,-0.04481487,0.1041723,0.05127102,-0.0001536347,0.1090773,0.04997182,0.03976373,0.08018392,0.05893177,11.98027,47.5183,21.08971,24.65491,COOL
-0.06241112,0.01246208,0.04410976,-0.06380619,0.006138682,0.01313853,-0.04086378,0.08286655,0.08416194,-0.01881643,0.06450433,0.09747291,-0.003106389,0.03298247,0.09866619,23.7348,58.91895,14.61101,16.68138,COOL
-0.06876321,0.009605646,0.03529739,-0.06395253,0.01378942,0.007792294,-0.05759899,0.04756761,0.09873891,-0.0455984,0.02695572,0.1039912,-0.03218553,-0.004243851,0.09620857,20.55009,51.2227,11.1544,16.56705,COOL
-0.07349168,0.00642252,0.03355157,-0.06463291,0.008932292,0.01031601,-0.07107052,0.02637035,0.09380561,-0.05616354,0.00772202,0.09965014,-0.0386628,-0.0192492,0.0888353,15.71275,43.31478,11.63904,16.19551,COOL
-0.07579203,-0.00694418,0.03063363,-0.06836177,-0.003229916,0.01040798,-0.0791237,0.01096117,0.09255534,-0.0598089,-0.005924046,0.09860939,-0.03925308,-0.0309751,0.084369,13.49847,41.51765,12.3069,16.65117,COOL
-0.03669336,-0.04237705,0.0449872,-0.0499511,-0.03892356,0.008867562,-0.08883773,-0.02131808,0.06556195,-0.05656323,0.006796718,0.09973538,-0.02956557,-0.006824613,0.09193259,32.38233,35.57085,27.85991,13.88161,COOL
-0.02279115,-0.005941033,0.0749495,-0.03062652,-0.02217418,0.05586392,-0.04674154,0.06028867,0.09169149,-0.006911824,0.09346539,0.07545418,0.03909349,0.08080757,0.06127316,18.80577,49.58003,26.2032,24.43427,COOL
-0.04844313,0.02668875,0.06220078,-0.05184731,0.02452326,0.06100816,-0.04961842,0.1154313,0.02798593,-0.01013071,0.1176923,0.02406132,0.03223272,0.09606129,0.02918375,2.867169,48.72255,17.96439,23.22672,COOL
-0.06515546,0.04099578,0.0352205,-0.05284956,0.02556044,0.04013592,-0.05007586,0.1172232,-0.003099918,-0.01087395,0.1188387,-0.001354277,0.03106515,0.09906471,0.01687211,11.22975,52.51394,17.9157,24.61596,COOL
-0.07347152,0.046417,-0.003038824,-0.06051852,0.02250212,0.01723355,-0.04002342,0.1184524,-0.006903023,-0.006273799,0.1191333,0.007015347,0.02408221,0.09799966,0.03289437,20.6313,53.57628,16.95261,22.07232,COOL
-0.07200488,0.04556206,-0.01202932,-0.05654142,0.009598494,0.0012739,-0.04427378,0.1153094,0.007994652,-0.01943935,0.1148457,0.02638996,-0.002084844,0.09112892,0.05139184,24.46408,59.34439,14.45935,18.34317,COOL
-0.07130583,0.03487289,0.007310271,-0.05380583,0.0001991987,-0.004581988,-0.05972024,0.1023034,0.03168541,-0.04394295,0.09668669,0.05030876,-0.03072281,0.07089421,0.06393784,27.73148,62.19815,11.72365,14.28654,COOL
-0.0734254,0.01279402,0.02069634,-0.05479833,-0.003093868,-0.009151965,-0.07259608,0.08227521,0.06003535,-0.06178875,0.06708413,0.07550412,-0.04834468,0.03788227,0.07917905,28.16176,62.86525,10.9813,14.11037,COOL
-0.07707142,-0.01246017,0.01977056,-0.05599443,-0.0185166,-0.003864378,-0.09435776,0.05533618,0.06307364,-0.07377184,0.04117668,0.08236158,-0.04636751,0.01845831,0.09032094,20.10559,57.4514,14.33508,17.37835,COOL
-0.07464655,-0.0211024,0.02461892,-0.05779868,-0.02580476,0.003780007,-0.09029159,0.04747376,0.07333905,-0.06685226,0.03900197,0.08872062,-0.03724363,0.01793513,0.09499007,16.3449,57.58203,13.31546,17.73905,COOL
-0.0534243,-0.02891892,0.04904312,-0.05199962,-0.02986515,0.01744843,-0.06655587,0.05780631,0.089288,-0.03348969,0.05572933,0.100275,-0.001795299,0.02986348,0.1016664,22.72572,65.15546,16.14525,19.76579,COOL
-0.04493546,-0.02357322,0.0623593,-0.04351319,-0.02902502,0.02959207,-0.05751062,0.06567538,0.08818534,-0.01202485,0.07880181,0.09011367,0.02614043,0.05415505,0.08969674,21.83658,64.53859,22.28808,22.11912,COOL
-0.03233441,0.009872049,0.07439685,-0.03749988,-0.0001046956,0.06398058,-0.03488197,0.1045947,0.06355113,0.008393943,0.1104505,0.05111724,0.04655269,0.08575639,0.04551822,9.820328,55.3707,20.85324,21.87828,COOL
-0.0348032,0.01374543,0.07407662,-0.03695692,0.006319284,0.06693682,-0.03250414,0.109675,0.05765137,0.00926362,0.1124206,0.04620972,0.04678541,0.08716106,0.04111943,6.072734,54.16813,19.79078,21.71635,COOL
-0.03795928,0.01845545,0.07285944,-0.03660048,0.01272786,0.06787559,-0.03049225,0.1145327,0.05010906,0.01000637,0.114577,0.03989401,0.0471979,0.08848196,0.03628412,3.38466,53.55224,18.94024,21.75604,COOL
-0.07047008,0.047306,0.01159802,-0.05918713,0.02476794,0.02901939,-0.04376518,0.1162061,0.009943843,-0.003910132,0.1176604,0.01651129,0.03028354,0.09419587,0.03695723,19.70254,48.98205,18.92642,22.79954,COOL
-0.07288662,0.04642901,0.0003364682,-0.06126942,0.02042553,0.02097896,-0.04791863,0.1137438,0.009341836,-0.009785801,0.1168592,0.01794112,0.0205884,0.09470341,0.04116553,22.51438,49.53246,18.46085,21.72782,COOL
-0.07018861,0.02630597,0.01197124,-0.04892751,-0.007213622,-0.008347481,-0.05762865,-0.006436586,0.004380673,-0.05437556,0.08925956,0.05119869,-0.04272883,0.06090844,0.06321141,34.31644,14.04472,65.71655,14.58151,COOL
-0.07276902,0.02148211,0.009887904,-0.04905839,-0.008277953,-0.009510905,-0.06269373,-0.006842047,0.003199428,-0.05840609,0.08586353,0.05532637,-0.04867735,0.05401582,0.06565765,31.68421,14.12561,64.0509,15.4002,COOL
-0.09591136,0.006559163,0.001088351,-0.05100819,-0.01786512,0.02522811,-0.06101166,0.09342203,0.05699494,-0.02486094,0.09916693,0.06532022,0.01405977,0.07515025,0.07663485,33.12183,67.32435,17.41412,22.77994,COOL
-0.05946112,0.02286074,0.05122507,-0.04343474,-0.002224833,0.04979134,-0.05381771,0.1016999,0.04705936,-0.004354,0.1174664,0.03162566,0.03799668,0.09300846,0.03949243,19.87468,57.18005,25.40546,23.95584,COOL
-0.0542385,0.05139142,0.03571561,-0.04409208,0.02504587,0.04529697,-0.035612,0.1194195,0.01118854,0.00317993,0.1199553,0.003048807,0.04302599,0.09651047,0.01472908,19.8503,53.43584,18.4598,23.33848,COOL
-0.05422431,0.05277601,0.03388017,-0.04426529,0.02621037,0.04408017,-0.03381353,0.119646,0.01050538,0.004329503,0.1197765,0.003383219,0.0435673,0.09621483,0.01521072,20.02491,52.92626,18.1076,23.15053,COOL
-0.06829604,0.05143943,0.005586267,-0.05873565,0.02453056,0.02468953,-0.04715,0.1085085,0.01609316,-0.001305424,0.1181992,0.01634553,0.02909845,0.09464499,0.03840744,22.32959,44.35688,22.63911,21.68375,COOL
-0.07032955,0.04954928,0.001087666,-0.06151244,0.02227274,0.0182685,-0.05701617,0.09812355,0.01873735,-0.007231407,0.1170904,0.02075213,0.01954667,0.09385473,0.04418069,21.17002,39.425,26.24561,20.68631,COOL
-0.06965882,0.0473457,0.003478944,-0.06156383,0.0166294,0.008933216,-0.06478782,0.0827544,0.02285567,-0.01520828,0.112642,0.03451264,0.004244879,0.08737057,0.05641538,19.8118,36.47816,29.71945,18.5205,COOL
-0.0721201,0.03597778,0.005016059,-0.05535281,0.00360316,-0.007184476,-0.05549644,0.08609036,0.02916497,-0.04482508,0.0947856,0.05289331,-0.03619116,0.06605512,0.06404904,25.23585,57.8194,12.91615,13.89712,COOL
-0.07260086,0.02693921,0.01157436,-0.05625431,0.002726257,-0.01162258,-0.06126149,0.09620407,0.04852909,-0.05644701,0.08189142,0.06264842,-0.05252392,0.04719394,0.06462562,26.68701,63.82287,9.341108,14.80251,COOL
-0.07533526,0.0218063,0.009011328,-0.05818464,0.0004458427,-0.01368001,-0.06515566,0.100355,0.04107022,-0.06276766,0.08076841,0.05818385,-0.05927297,0.04337877,0.06070483,25.19431,64.34325,11.56395,16.42457,COOL
-0.08072024,0.02016953,-0.001833588,-0.05818949,-0.006801933,-0.003897458,-0.0662683,0.1066127,0.01611045,-0.05672525,0.09770915,0.0352495,-0.04024955,0.07617682,0.05495593,20.83012,65.61361,10.15495,15.34407,COOL
-0.08232105,0.02017862,-0.009009063,-0.05759997,-0.006723672,-0.0008759201,-0.06902845,0.1049505,0.006079137,-0.05211487,0.1046015,0.02447823,-0.0316871,0.08662075,0.0479888,21.03922,63.40787,11.31987,16.76473,COOL
-0.08484767,0.01845771,-0.01647478,-0.05734223,-0.006337076,0.003311217,-0.07361247,0.1012032,0.0009271801,-0.04829364,0.1083988,0.0177961,-0.02270379,0.0935047,0.04373112,23.21113,60.30187,14.45566,18.73975,COOL
-0.08778428,0.01576126,-0.01409313,-0.05969201,-0.003046632,0.01355067,-0.08040873,0.09280485,0.001154214,-0.04153652,0.1125568,0.01206008,-0.005713242,0.100181,0.03895682,25.3489,52.96723,21.25883,22.59471,COOL
-0.06696662,0.02610448,0.03677458,-0.05588116,0.004072756,0.03894231,-0.06934866,0.1037868,0.01893646,-0.02924628,0.115062,0.02122802,0.01406912,0.09979904,0.03596672,16.55384,54.23082,19.28439,23.50457,COOL
-0.04425153,0.03387734,0.0551405,-0.04503591,0.01515707,0.05334407,-0.05383277,0.1146076,0.02036819,-0.01594487,0.1186121,0.01505423,0.02857233,0.09972176,0.0228048,13.42,55.05384,17.43608,23.86667,COOL
-0.04056378,0.04364467,0.05358958,-0.03593065,0.02156192,0.05695486,-0.03709945,0.1201345,0.02086693,-0.001425713,0.1195638,0.01137966,0.04177849,0.09629887,0.0156669,15.86207,55.44342,16.815,24.14648,COOL
-0.04257582,0.04263851,0.05372715,-0.03491544,0.01823241,0.0568704,-0.0323396,0.11959,0.02767006,0.003556818,0.1189512,0.01741946,0.04599208,0.09411487,0.0200755,17.73436,56.21503,17.09859,24.1162,COOL
-0.04872352,0.04187328,0.05069697,-0.0380877,0.01716015,0.05470145,-0.03352315,0.1190757,0.0283598,0.003381543,0.1187235,0.01980755,0.04540173,0.09349546,0.0243102,18.31433,56.10457,17.36459,24.07195,COOL
-0.05438527,0.04148188,0.04758486,-0.04089168,0.01765653,0.05245337,-0.03514186,0.1189518,0.02661309,0.00262557,0.1187771,0.0196605,0.04463175,0.09339669,0.02633369,18.02603,55.58892,17.61972,24.23944,COOL
-0.06858124,0.04237643,0.03243119,-0.04918272,0.01950213,0.04248202,-0.03842202,0.1183992,0.01930594,0.001287885,0.1188674,0.01817629,0.04081993,0.09342423,0.03200343,18.93192,54.04122,18.38145,23.99936,COOL
-0.07362176,0.0428831,0.02233675,-0.05344477,0.01898623,0.03548381,-0.0397329,0.1174799,0.01817563,0.000152804,0.1182205,0.02089483,0.03722184,0.09259731,0.03824741,19.88282,53.40667,18.5935,23.66619,COOL
-0.07589214,0.04721463,-0.005169511,-0.05747673,0.01882988,0.01584968,-0.04121396,0.1160592,0.009616435,-0.004447289,0.1175387,0.01923436,0.02222887,0.09323427,0.04453671,22.56874,52.45715,17.91369,21.54584,COOL
-0.07433786,0.04864693,-0.01363465,-0.05714543,0.01813418,0.009458035,-0.04238292,0.1144707,0.009576291,-0.006820977,0.1167599,0.02076209,0.01510463,0.09273446,0.0467464,23.5415,51.87175,17.73016,20.25311,COOL
-0.07180363,0.05103371,-0.01730794,-0.05636472,0.01810473,0.005170316,-0.04031747,0.1145384,0.0114736,-0.008209124,0.1153188,0.02552548,0.009380929,0.09034848,0.05061567,23.79262,52.56852,16.68705,19.09496,COOL
-0.06876972,0.05355838,-0.01653367,-0.05545817,0.01823038,0.002209395,-0.03368182,0.1173988,0.01476222,-0.009844117,0.1132492,0.03116754,0.004187606,0.08715162,0.05476803,23.48247,55.78955,13.72425,18.19502,COOL
-0.06624155,0.05575064,-0.015001,-0.05463666,0.01838756,0.0002458096,-0.02959546,0.1184626,0.01846093,-0.01119497,0.1110804,0.03635982,0.0002460629,0.08384669,0.05852661,23.63475,57.74107,12.4003,17.67934,COOL
-0.05813701,0.06017828,-0.0113149,-0.04751851,0.02045107,-0.01133075,-0.01800313,0.1218942,0.02360943,-0.01775779,0.1041758,0.04913199,-0.01646503,0.07291237,0.06842402,22.82356,62.37426,14.13927,17.71556,COOL
-0.05664185,0.0603779,-0.02039182,-0.04567265,0.02212906,-0.01600051,-0.02222273,0.1218734,0.01357722,-0.01998328,0.1063913,0.04269958,-0.0217343,0.07393718,0.06703669,20.51508,58.19965,15.27495,20.0885,COOL
-0.05730406,0.05977505,-0.02211577,-0.04648191,0.02172837,-0.01601389,-0.02379752,0.1216801,0.01119936,-0.02049239,0.1071305,0.04051012,-0.02176093,0.07517713,0.06550774,20.44884,57.74924,15.21553,20.07704,COOL
-0.05743918,0.05912304,-0.02433872,-0.0473778,0.02130258,-0.01696241,-0.0250656,0.121515,0.008796781,-0.02169784,0.1078545,0.0378339,-0.02294702,0.07641998,0.06282032,20.69594,57.7512,14.92495,19.78881,COOL
-0.0578679,0.05735743,-0.0241746,-0.04925336,0.02050117,-0.01854384,-0.0281179,0.1207671,0.007983655,-0.02631105,0.1074003,0.0351744,-0.02810643,0.07648656,0.05771312,21.23148,58.05991,13.9769,18.55854,COOL
-0.05850837,0.05595988,-0.02064353,-0.05256534,0.01956597,-0.01809436,-0.03176621,0.1194008,0.01008195,-0.03069191,0.1060427,0.0349147,-0.03158668,0.0756658,0.05420354,22.66216,58.44246,12.94307,16.95712,COOL
-0.05876647,0.05289063,-0.02489808,-0.05659153,0.01942813,-0.02006397,-0.03769819,0.1158147,-0.003128111,-0.03436548,0.1070918,0.0182023,-0.03225885,0.0808014,0.03940174,21.9221,54.67094,10.66695,15.63767,COOL
-0.05938002,0.05047229,-0.03551292,-0.05733479,0.0186069,-0.02140784,-0.05038457,0.1041283,-0.01848105,-0.02777957,0.1123401,0.00720495,-0.02141865,0.09230226,0.0358476,21.30423,45.82351,17.35537,17.17879,COOL
-0.06042596,0.04975209,-0.03569967,-0.05769291,0.01834545,-0.02087185,-0.05315443,0.102482,-0.01873341,-0.02679159,0.1132323,0.007240206,-0.01952245,0.09329388,0.03685781,20.97407,44.54551,18.99563,17.6406,COOL
-0.06145518,0.04870442,-0.03591502,-0.05774553,0.01771286,-0.02106264,-0.05767669,0.09884563,-0.01929691,-0.02600256,0.1141767,0.007755488,-0.01836722,0.0938465,0.03846186,20.4949,42.33639,21.91507,18.20112,COOL
-0.07664101,0.03388906,0.01982397,-0.06981671,0.02973121,0.02241921,-0.06013277,0.1053973,0.01915389,-0.02484679,0.1091911,0.03405285,0.01075163,0.08725297,0.05654627,3.240451,37.01752,18.25821,23.8981,COOL
-0.07561834,0.02637792,0.0329895,-0.06798786,0.02662426,0.03039092,-0.06773104,0.1023906,0.02016175,-0.03279633,0.1076282,0.03152633,0.005964816,0.09067941,0.0487746,2.002325,36.16238,17.33011,22.89742,COOL
-0.07681967,0.02963185,0.02971745,-0.06660843,0.02898312,0.0276289,-0.06510125,0.1060664,0.01106834,-0.03108864,0.1102715,0.02333486,0.00651234,0.09346867,0.04245996,2.472747,37.37835,16.89249,22.70648,COOL
-0.07930785,0.03720468,0.008747458,-0.06575881,0.02157241,0.01969326,-0.05391927,0.111824,0.007730186,-0.01686665,0.1154607,0.0236963,0.01667777,0.09220147,0.05000746,12.26384,46.94481,18.99403,24.03625,COOL
-0.08016333,0.03640038,-0.0001426339,-0.06656574,0.01646179,0.01150298,-0.04991225,0.1146479,0.01218557,-0.01598485,0.1145177,0.03244668,0.01125031,0.08710563,0.06092387,14.22498,52.23279,18.3289,23.50227,COOL
-0.06747907,0.009991288,0.03748107,-0.05855252,-0.01145613,0.01173902,-0.0524627,0.1049179,0.04917032,-0.02879334,0.09708029,0.06645018,-0.007495355,0.07033479,0.07982612,25.36353,71.55461,13.75308,17.07435,COOL
-0.07411554,0.03376508,0.02234983,-0.05596313,0.01380312,0.0438171,-0.05754105,0.1096427,0.01841313,-0.01376656,0.1186543,0.01406896,0.02929923,0.09915698,0.0273912,23.84142,52.31967,20.95767,24.05775,COOL
-0.06945749,0.03638768,0.02535814,-0.05481456,0.01552105,0.04504681,-0.05667714,0.1098655,0.01837009,-0.013246,0.1188732,0.01196855,0.03051087,0.09956717,0.02424371,22.87938,51.5896,20.94611,24.21417,COOL
-0.04604252,0.03820354,0.04991621,-0.04725404,0.01659477,0.05435342,-0.05062297,0.1112994,0.02895916,-0.009171136,0.1190977,0.01575577,0.03711826,0.09810108,0.02222455,16.46033,51.24846,20.5496,25.15037,COOL
-0.03569835,0.03704387,0.05729401,-0.04142324,0.01611578,0.05960518,-0.04802878,0.1120005,0.03318274,-0.008123316,0.1190688,0.01690304,0.03896803,0.09782028,0.01957363,16.45675,52.07161,20.20792,25.3995,COOL
-0.03145723,0.03576159,0.06072408,-0.03711226,0.01467335,0.06237388,-0.04664499,0.1132248,0.0341512,-0.007990465,0.1190915,0.01739603,0.03901806,0.09793109,0.01805228,16.48206,54.07975,19.54382,25.28125,COOL
-0.02950827,0.03411943,0.06373966,-0.03334353,0.01281381,0.06419182,-0.045389,0.1138985,0.03558409,-0.007637225,0.1189505,0.01879221,0.03893828,0.09779269,0.01793158,16.05441,55.90706,19.02884,25.05441,COOL
-0.03156485,0.03073364,0.06683624,-0.03188772,0.01078302,0.06432074,-0.04485276,0.1151047,0.03454745,-0.006802715,0.1185821,0.02085179,0.03881918,0.09691328,0.02078819,14.07447,58.29858,18.43976,24.70992,COOL
-0.02851591,0.0311687,0.06720245,-0.03489027,0.01629221,0.06463021,-0.03941601,0.1150277,0.03782326,-0.001672596,0.1174803,0.02479291,0.04106864,0.0951187,0.02269924,11.77592,53.53436,18.30585,23.62453,COOL
-0.03250939,0.02989936,0.06675911,-0.03793758,0.01698279,0.06431711,-0.04102267,0.1130621,0.04027653,-0.003077567,0.1170385,0.02653366,0.04047081,0.09504527,0.02471948,10.10657,51.34709,18.64571,23.93023,COOL
-0.03780251,0.02928144,0.06532103,-0.04013031,0.01591754,0.06261235,-0.04424597,0.1102064,0.04175812,-0.005891949,0.1168509,0.02638304,0.03890945,0.09564978,0.02570045,9.457043,50.07507,19.40988,24.36923,COOL
-0.04087158,0.02900571,0.06426257,-0.04120762,0.01538932,0.06150389,-0.04432359,0.1089301,0.0432269,-0.005286798,0.116698,0.02710289,0.03977983,0.09497172,0.02743137,9.200307,49.43277,20.01678,24.62653,COOL
-0.05275113,0.03345114,0.0538913,-0.04657777,0.01499832,0.05371517,-0.04364444,0.106957,0.04238284,-0.0005344748,0.1163666,0.02767169,0.04264578,0.0918439,0.03321987,12.44939,48.59245,22.04247,24.66803,COOL
-0.07213847,0.04091603,0.02196455,-0.05528025,0.01108652,0.02774173,-0.03707278,0.1154737,0.03262001,-0.001480922,0.1117387,0.04179317,0.0272118,0.08326888,0.05887985,20.46286,57.54829,17.10421,21.4004,COOL
-0.07170466,0.0407089,0.02067685,-0.05558771,0.009914875,0.02295512,-0.03525963,0.1165579,0.03246999,-0.00427033,0.1099461,0.04571146,0.02099488,0.08174717,0.0625174,20.15492,59.82666,15.78149,20.04904,COOL
-0.06613693,0.03149152,0.02868837,-0.05630199,0.004307806,0.009653509,-0.03158112,0.1161492,0.04081923,-0.01937431,0.1013952,0.05862492,-0.004317857,0.07453012,0.07083327,23.39137,68.46626,11.57233,15.13658,COOL
-0.06770382,0.02794713,0.02771759,-0.0581324,0.003266692,0.006775916,-0.03628917,0.1139576,0.04285133,-0.0257583,0.09907556,0.06074327,-0.01098715,0.07200724,0.07361418,23.34038,68.14446,11.32016,15.32886,COOL
-0.07061521,0.02567238,0.02405357,-0.05953386,0.002724409,0.003501594,-0.04395393,0.1103164,0.04415381,-0.03263943,0.09518939,0.06333071,-0.01815643,0.06804413,0.0762791,22.28179,66.03677,12.05017,15.40365,COOL
-0.07270253,0.02214462,0.02240479,-0.05999634,0.001466751,0.0006364584,-0.0523307,0.1043947,0.04836452,-0.04118342,0.08856428,0.06707102,-0.02736319,0.05978322,0.07924604,22.01722,64.01611,12.0704,15.84322,COOL
-0.07362624,0.0209794,0.02198195,-0.05984591,0.001413286,-0.0006740689,-0.05759254,0.09914082,0.05260837,-0.04720425,0.08233917,0.06958002,-0.03233376,0.05126393,0.08156818,22.00313,61.94968,11.60149,17.22316,COOL
-0.0744434,0.02334315,0.01830512,-0.05946318,0.002977788,-0.001584172,-0.06196677,0.09838277,0.04876614,-0.04967766,0.08230931,0.06732756,-0.03201128,0.05096114,0.08176231,20.61636,58.70743,12.28716,18.65481,COOL
-0.05506469,0.01507771,0.06205308,-0.0460724,0.002380788,0.06203485,-0.06204167,0.1043411,0.04146379,-0.01826625,0.1161818,0.03015667,0.02748314,0.09784025,0.03306228,9.868366,55.06479,21.34762,23.90625,COOL
-0.05077804,0.0258351,0.06077558,-0.0494051,0.01758164,0.0598253,-0.0590955,0.1112087,0.02570343,-0.01778458,0.116961,0.02018327,0.02699254,0.09813249,0.02637964,5.308805,51.16174,19.09558,23.97105,COOL
-0.07510161,0.04034543,0.01499635,-0.06480744,0.028458,0.01613533,-0.04822218,0.1161582,-0.008241296,-0.01725349,0.1161677,0.01086366,0.0119627,0.09567159,0.03763568,5.29091,46.50554,16.73031,22.0255,COOL
-0.07144378,0.04436326,0.01118881,-0.06319115,0.02368957,0.01129967,-0.04134227,0.1185217,-0.0032233,-0.01635169,0.115377,0.01843786,0.006965362,0.09312105,0.04360491,11.32688,51.19959,15.27028,19.8843,COOL
-0.06374969,0.04754645,0.01239908,-0.05801113,0.01407874,0.001580119,-0.02886412,0.1199487,0.01899356,-0.01920472,0.1095134,0.03790855,-0.009842422,0.08349818,0.05349451,24.10943,62.92165,10.65728,13.94385,COOL
-0.06103396,0.04743588,0.01643574,-0.05288539,0.01251483,-0.001261771,-0.0269043,0.1174024,0.0342204,-0.02410411,0.1024821,0.05052853,-0.02978899,0.0667513,0.05608612,27.78444,65.25674,9.782874,14.99441,COOL
-0.0643184,0.04513884,0.01189533,-0.05176543,0.01019266,-0.004899561,-0.03436363,0.1190346,0.02472243,-0.03324966,0.1011235,0.04689375,-0.04162422,0.05707213,0.05105868,27.61446,64.60355,12.64841,19.62299,COOL
-0.06535764,0.04423741,0.01038587,-0.05186246,0.009807318,-0.00601536,-0.03647649,0.1185159,0.02391788,-0.03519151,0.1007222,0.04652098,-0.04280562,0.05751631,0.05143961,27.20284,64.29179,12.80629,19.31606,COOL
-0.06714825,0.04114062,0.007485479,-0.0508901,0.007070005,-0.008906543,-0.04193477,0.117263,0.02022654,-0.0400812,0.1004795,0.04442078,-0.04636134,0.05762151,0.05030853,28.02047,64.97547,13.24875,19.1259,COOL
-0.07274681,0.02508163,0.001206964,-0.04758474,-0.001533121,-0.01618001,-0.06745075,0.1049941,0.01167116,-0.06771667,0.08646446,0.03662503,-0.0640822,0.04184145,0.04032439,28.41185,63.01464,14.10204,19.60902,COOL
-0.07367338,0.01899365,0.005504519,-0.04743883,-0.004133195,-0.01407918,-0.07544124,0.09777868,0.01899764,-0.07322893,0.07862452,0.04117069,-0.06592164,0.03099415,0.04001579,28.17645,62.0593,13.25131,21.26759,COOL
-0.08083589,0.00876233,0.003390282,-0.04815009,-0.01548824,-0.007485271,-0.08630265,0.08177379,0.03436577,-0.07434957,0.07472104,0.04776222,-0.05629171,0.04799217,0.061818,26.27295,65.42438,8.403684,16.00352,COOL
-0.0819496,0.00869748,0.003240556,-0.04703847,-0.01642302,-0.003837466,-0.08354614,0.08286184,0.03865668,-0.06924911,0.07793498,0.05218741,-0.04813158,0.05544478,0.06721625,26.14696,66.97591,9.042637,15.89149,COOL
-0.08771792,0.008870572,0.001302123,-0.04849215,-0.01817819,0.00522688,-0.06871016,0.08924186,0.05603456,-0.05201373,0.08429658,0.06635523,-0.02582414,0.06264549,0.07848883,26.7274,72.19181,8.966047,16.8428,COOL
-0.09056269,0.008570641,-0.002428591,-0.04954398,-0.01836225,0.009844333,-0.06733981,0.09192026,0.0541563,-0.04681929,0.08848625,0.06551325,-0.01855348,0.06672293,0.07834303,28.31959,71.23268,10.64305,17.89106,COOL
-0.08760895,0.01958063,0.01058236,-0.05065693,-0.008300066,0.03845915,-0.05993843,0.09984127,0.04750729,-0.01376063,0.1113428,0.04791319,0.02994175,0.08608186,0.05963308,36.13611,59.99019,22.08039,25.12517,COOL
-0.06543426,0.02470648,0.03909898,-0.04622402,-0.00376001,0.04675689,-0.05593541,0.09983668,0.04810336,-0.01089568,0.1148557,0.03790167,0.03367019,0.09224808,0.04548427,25.57752,56.94304,22.77605,24.57063,COOL
-0.05132485,0.0269632,0.05334327,-0.04243667,-3.176928E-05,0.05235493,-0.05009852,0.1051633,0.04587236,-0.006953135,0.1170446,0.03169245,0.03737319,0.0942966,0.03662822,20.60013,57.57261,21.87568,24.30166,COOL
-0.05104866,0.02779022,0.05472896,-0.04224661,0.001659244,0.05350521,-0.04875701,0.1071544,0.04381731,-0.006248787,0.117803,0.02885267,0.03867578,0.09468609,0.03425187,19.52757,57.6626,21.51981,24.70144,COOL
-0.04753402,0.03153369,0.05609527,-0.04116471,0.005585939,0.05684158,-0.04378871,0.1107217,0.0417313,-0.001721025,0.1190997,0.02388033,0.04429927,0.09384102,0.02997121,19.13269,57.34348,21.5183,25.77779,COOL
-0.04641648,0.03828266,0.0531708,-0.03994513,0.01528761,0.05964756,-0.03556054,0.117263,0.0336732,0.005031034,0.1203028,0.01490298,0.05034323,0.09254682,0.02225468,17.81255,55.95599,20.6236,26.23411,COOL
-0.04522157,0.03954759,0.0533511,-0.03962285,0.01778969,0.06019419,-0.03238482,0.1188864,0.03286001,0.007797584,0.1201298,0.01531959,0.05244759,0.09142479,0.02192649,16.8842,55.39287,20.10353,26.14587,COOL
-0.05190932,0.04072362,0.05069271,-0.04085974,0.02203342,0.0587222,-0.02961824,0.1218003,0.02714556,0.009495415,0.1200458,0.01405492,0.05362825,0.09070832,0.02159664,15.7251,55.13643,18.77673,26.1931,COOL
-0.06438752,0.04250515,0.04043186,-0.04669159,0.02512985,0.05170065,-0.02805947,0.1228719,0.02186102,0.01237284,0.1196454,0.01556522,0.0530426,0.0896062,0.02727678,17.12239,54.29937,18.71632,25.31475,COOL
-0.07518563,0.04398853,0.0183681,-0.05667707,0.01873347,0.03307214,-0.03213564,0.1195348,0.02568462,0.007104546,0.1162091,0.03177488,0.04074048,0.08635831,0.04933521,20.43606,55.3082,18.37115,23.52656,COOL
-0.07931402,0.04102632,-0.01525697,-0.0540657,0.004451394,0.002891362,-0.04464971,0.1153029,0.02436543,-0.02616036,0.1069188,0.04454252,-0.007201158,0.08052725,0.0656158,25.91052,64.03265,12.99302,18.56175,COOL
-0.0772609,0.03500703,-0.01420775,-0.05008646,-0.002005637,-0.01180431,-0.05695505,0.1075529,0.03338534,-0.05197957,0.09171841,0.05220819,-0.04527034,0.05978137,0.06564584,26.39616,69.81127,11.11115,16.12261,COOL
-0.07615039,0.03426513,-0.01220864,-0.04952442,-0.000926137,-0.01426008,-0.05819651,0.1076858,0.03222084,-0.05439123,0.09005105,0.05266804,-0.054241,0.05051926,0.06076518,25.88176,69.14249,12.12026,18.39998,COOL
-0.07484469,0.03133962,-0.007533193,-0.04907996,0.0009377003,-0.01586729,-0.06147374,0.1073063,0.02741623,-0.05627033,0.0893077,0.05177891,-0.0594489,0.04374659,0.05618021,24.60592,65.76216,13.81619,21.29734,COOL
-0.07475356,0.02947214,-0.007621557,-0.04934318,0.001080096,-0.01619163,-0.06427971,0.1065155,0.0232355,-0.0576155,0.08953035,0.04984307,-0.06132007,0.04168144,0.0533686,23.5343,63.72053,14.59218,22.45929,COOL
-0.07477112,0.02794287,-0.007626563,-0.04882218,0.0007655025,-0.0165019,-0.06686775,0.105,0.02198687,-0.05940133,0.08834958,0.04974836,-0.06195936,0.04080036,0.05333063,23.2324,62.7603,15.09036,22.23461,COOL
-0.0756455,0.02831584,-0.01116911,-0.04775782,-6.660819E-05,-0.01621449,-0.0697087,0.1029866,0.02200478,-0.06086926,0.08684325,0.05077934,-0.05930991,0.0452475,0.05959401,22.77419,62.25302,15.57698,19.75815,COOL
-0.07607058,0.02826914,-0.01232725,-0.04759965,-0.0005336404,-0.01591533,-0.0708167,0.1021361,0.02188584,-0.06152549,0.08637667,0.05071819,-0.05722611,0.04895175,0.06335357,22.65855,62.05833,15.58782,18.63011,COOL
-0.07672612,0.02603528,-0.01287681,-0.04825607,-0.001311094,-0.01625186,-0.07426012,0.09990001,0.01852801,-0.06491169,0.08527425,0.04748631,-0.05819269,0.05048284,0.06217059,21.88528,60.55283,15.44452,18.0259,COOL
-0.0791265,0.01926947,-0.009127051,-0.04992289,-0.005234629,-0.01543561,-0.08316214,0.09098917,0.01261714,-0.07249533,0.08091947,0.03757095,-0.06048142,0.05201271,0.05418491,22.00122,57.66447,13.2437,16.49819,COOL
-0.08099635,0.0185605,-0.008366227,-0.04992086,-0.007187158,-0.0130817,-0.08643538,0.08563894,0.01551905,-0.07384727,0.07780194,0.03720817,-0.05807405,0.05345547,0.05461803,22.52935,56.83421,11.98407,15.92538,COOL
-0.08204961,0.01991591,0.0009952188,-0.05329701,-0.010896,-0.0005482137,-0.06293096,-0.008699834,0.01190916,-0.07063383,0.07784703,0.03446466,-0.04707057,0.06443137,0.05126107,25.22844,11.77888,54.24232,15.55258,COOL
-0.07282665,0.03463876,0.03040192,-0.0542462,0.01119152,0.0373016,-0.05432965,0.1072604,0.02219176,-0.0238748,0.1093183,0.0306235,0.01086317,0.09330529,0.04113027,18.04217,52.45555,14.97709,19.69771,COOL
-0.07228464,0.03703269,0.02960202,-0.05391126,0.01560801,0.03844857,-0.05228407,0.1099027,0.01725325,-0.0209714,0.111258,0.02553275,0.01496597,0.09508571,0.03622037,17.36054,51.57379,15.24288,20.36817,COOL
-0.06999449,0.04304898,0.0243949,-0.05230109,0.02192295,0.03766066,-0.04981172,0.1118783,0.01091021,-0.01596747,0.1149518,0.01408333,0.02195942,0.09838641,0.02598992,18.82242,49.20319,16.10652,21.48079,COOL
-0.06459023,0.05257082,0.01299098,-0.0496416,0.02816534,0.0347569,-0.03532843,0.1191202,-0.005017549,-0.003586933,0.1183625,-0.00119549,0.03078502,0.09977576,0.01329693,24.17455,53.57185,14.8795,20.40057,COOL
-0.0641011,0.05740815,-0.011639,-0.05449409,0.02726847,0.01572987,-0.01289509,0.1245701,-0.01052162,0.01188869,0.1192665,0.001020193,0.03106163,0.0967209,0.02651691,26.85268,60.17214,12.74037,18.53006,COOL
-0.06422949,0.05794916,-0.01244047,-0.05436755,0.02581042,0.01304749,-0.00762701,0.1259025,-0.012016,0.01283278,0.119127,0.005691826,0.02945293,0.09545806,0.03181824,26.28909,63.28668,12.60365,18.43538,COOL
-0.0640381,0.0597344,-0.0117864,-0.05210732,0.02048057,0.004317194,-0.00244946,0.1271509,0.003381044,0.007878572,0.1152326,0.03003228,0.01682459,0.086483,0.05498815,24.66082,67.39133,13.96074,18.56217,COOL
-0.06264823,0.05952558,-0.008562416,-0.05136739,0.0186106,-0.001468986,-0.007262804,0.1255475,0.01760799,-0.002954796,0.1100198,0.04419354,0.002449095,0.07923034,0.06594864,23.92496,67.2514,14.0115,18.10245,COOL
-0.06247944,0.05892044,-0.008057982,-0.05086407,0.01842633,-0.004559159,-0.01015083,0.1247973,0.02225453,-0.009019345,0.1073089,0.0486441,-0.006078042,0.07569519,0.06885245,23.31973,66.84929,14.2318,17.88948,COOL
-0.06232953,0.05778694,-0.008677214,-0.05034465,0.01838681,-0.007933229,-0.01443365,0.1239675,0.0249961,-0.01538556,0.1051222,0.05102023,-0.01652717,0.07210788,0.06931207,22.73894,65.97524,14.41437,17.88027,COOL
-0.06109738,0.05395719,-0.007105023,-0.0507185,0.02315882,-0.01540723,-0.02591746,0.1194533,0.03610066,-0.02847937,0.09787878,0.05976343,-0.03773008,0.05928066,0.06971177,19.63336,61.43965,14.39541,19.2387,COOL
-0.06103376,0.05085683,-0.01035103,-0.05080077,0.0255954,-0.01956576,-0.03020962,0.1189821,0.03356278,-0.03100495,0.09878615,0.05838525,-0.03900439,0.06076542,0.07086334,17.16464,59.17017,14.42777,19.30371,COOL
-0.06145659,0.04980883,-0.01182258,-0.05132415,0.02583963,-0.02042818,-0.03189626,0.1187433,0.03287858,-0.03135377,0.09904861,0.05856577,-0.03777325,0.06133726,0.07285321,16.26045,58.68861,14.6267,19.38173,COOL
-0.06179988,0.04915437,-0.01422933,-0.05161549,0.02590844,-0.02144822,-0.03336116,0.1188044,0.03134575,-0.03181138,0.09959105,0.05803686,-0.03682133,0.06210425,0.07388178,15.27293,58.24827,14.9017,19.49654,COOL
-0.06271532,0.04823193,-0.01638588,-0.05224964,0.02546242,-0.02190039,-0.0348842,0.1190492,0.02878192,-0.03194758,0.1006155,0.0566673,-0.03540391,0.06340519,0.07412499,14.26135,57.72675,15.21179,19.62139,COOL
-0.07226296,0.04322907,-0.01792052,-0.05251734,0.007417947,-0.009024292,-0.03531459,0.1224276,0.01569512,-0.03047454,0.1068611,0.0435636,-0.02890375,0.07234788,0.06516629,22.5581,67.69802,14.38577,19.16628,COOL
-0.07493313,0.04120553,-0.01670462,-0.05286123,0.005487114,-0.004674405,-0.03547475,0.122936,0.009347111,-0.02861848,0.1094118,0.03762305,-0.02312037,0.0781092,0.06149521,23.42941,68.52161,14.29216,18.71806,COOL
-0.07744583,0.03962448,-0.01635319,-0.05350792,0.005153328,-0.0001721382,-0.03517551,0.12317,0.00312528,-0.02574805,0.1119958,0.03127161,-0.0156481,0.08413896,0.05677512,23.88071,68.57191,14.13687,18.46684,COOL
-0.0808323,0.03756467,-0.0191507,-0.0538469,0.006793439,0.005250871,-0.03448135,0.122864,-0.006602675,-0.01976482,0.116197,0.01980707,-0.001982965,0.09312731,0.04693407,24.9509,67.58595,13.86695,18.96072,COOL
-0.08280677,0.03699094,-0.01849633,-0.0534247,0.007826,0.01166049,-0.03332153,0.1227927,-0.006493837,-0.01262894,0.1187117,0.01473424,0.009819984,0.09711838,0.04000911,28.3975,67.74371,13.48443,19.05206,COOL
-0.08304061,0.03739849,-0.01667598,-0.05331949,0.008641511,0.01515231,-0.03335284,0.1225699,-0.005115867,-0.009514019,0.1195982,0.01239866,0.01436752,0.09832135,0.03618339,30.0026,67.23254,13.45263,18.84714,COOL
-0.07695833,0.04518571,0.008760154,-0.0475698,0.02068737,0.03758648,-0.03071142,0.1232067,-0.001720458,0.00386744,0.121368,7.274747E-05,0.03651981,0.09958124,0.014606,30.97911,60.98977,15.84215,19.85553,COOL
-0.07457315,0.04727823,0.01319796,-0.04541016,0.02384037,0.0403282,-0.02942979,0.123783,-0.004529297,0.006903328,0.1213436,-0.00351122,0.0410365,0.0987756,0.01021683,29.97508,60.38528,16.62574,20.55078,COOL
-0.06809463,0.05226016,0.01750442,-0.04400171,0.02963209,0.03993428,-0.02824308,0.1237101,-0.0108732,0.009140611,0.1204126,-0.008591861,0.04369458,0.09763476,0.005392045,25.64488,58.05577,17.16808,20.94437,COOL
-0.07242221,0.04923168,0.004204631,-0.05072015,0.02288482,0.0311009,-0.02893498,0.1233789,-0.004878253,0.004748262,0.1205601,0.00253123,0.03535224,0.09833452,0.02154562,28.08419,59.2009,15.82214,20.28111,COOL
-0.07316945,0.04780576,-0.01331952,-0.05449052,0.01380217,0.01542836,-0.02951055,0.1222197,0.005888879,-0.001761936,0.1190947,0.01804975,0.01938888,0.09498689,0.04230881,30.47931,62.51797,13.98147,19.08769,COOL
-0.07387193,0.04605171,-0.02108744,-0.05434303,0.009841532,0.008320093,-0.03100591,0.1221613,0.008278459,-0.008619204,0.1172329,0.02549797,0.008468866,0.09195134,0.05048218,30.90449,65.22528,13.05788,18.64752,COOL
-0.07482909,0.04427513,-0.02801144,-0.0534653,0.006992161,0.003439426,-0.03263522,0.121953,0.01017991,-0.01481303,0.1151251,0.03057474,-4.909933E-06,0.0888648,0.05557749,31.37125,67.37466,12.63543,18.51489,COOL
-0.07550022,0.04267108,-0.03215477,-0.05259147,0.004697382,-0.000587523,-0.0361343,0.1207924,0.01288477,-0.02195753,0.1121381,0.03533426,-0.008366883,0.08505014,0.05967119,30.91862,68.4313,12.59008,18.39764,COOL
-0.07474413,0.04267126,-0.0342989,-0.05148893,0.002479315,-0.007870376,-0.04239348,0.1178984,0.01921952,-0.03328395,0.1056487,0.04360229,-0.02159114,0.07697615,0.06561154,29.03207,69.41609,12.95436,17.95634,COOL
-0.07016575,0.03204045,0.004078001,-0.05971189,0.02113062,-0.01604906,-0.0567827,0.09289208,0.06659231,-0.05052328,0.06806093,0.08421159,-0.04727802,0.02482468,0.08995166,17.95812,59.08228,13.95362,21.19859,COOL
-0.07139908,0.03060883,0.00506562,-0.06049405,0.02230656,-0.01423919,-0.05835288,0.08885494,0.07056132,-0.0479937,0.06429642,0.08934623,-0.0435278,0.01880556,0.09476915,16.45034,57.65514,14.72912,22.39533,COOL
-0.07265857,0.02796784,0.007294476,-0.06103957,0.01962149,-0.01253298,-0.05895941,0.08835772,0.07049757,-0.04665415,0.06493115,0.08963192,-0.03997526,0.01925626,0.0964022,16.72532,57.71169,14.76975,22.73642,COOL
-0.07508399,0.02084866,0.01362824,-0.05947627,0.006859422,-0.008000284,-0.06121357,0.08958662,0.06647068,-0.04736421,0.06918302,0.08533347,-0.03360859,0.02881807,0.09602818,19.66222,61.02323,14.01246,21.37362,COOL
-0.07620701,0.02051318,0.01543918,-0.05660099,0.0002896786,-0.0043616,-0.05857056,0.09518003,0.06089506,-0.0460779,0.07496622,0.07997197,-0.03422562,0.03877226,0.09024715,21.34557,64.79286,13.68004,18.90497,COOL
-0.06972643,0.03053936,-0.05044094,-0.05180803,0.003893137,-0.008237183,-0.04096853,0.1167051,-0.02940387,-0.03313696,0.1141268,-0.0004712641,-0.02040697,0.09612462,0.03187263,30.31351,65.0687,13.51129,18.66162,COOL
-0.06836372,0.03151774,-0.05015305,-0.05278245,0.005439609,-0.009301037,-0.04015658,0.1161019,-0.03193972,-0.03185011,0.1143258,-0.003449202,-0.02014933,0.09674871,0.02928025,29.37757,63.52767,13.36682,18.55233,COOL
-0.06821415,0.03243518,-0.04830334,-0.05424187,0.006674975,-0.01001218,-0.04121061,0.1156627,-0.03182474,-0.0321473,0.1141711,-0.003834665,-0.0208849,0.09655219,0.02895203,27.95429,61.83921,13.24701,18.51591,COOL
-0.06950477,0.03423446,-0.04050907,-0.0601773,0.01396641,-0.01027206,-0.04141643,0.1122492,-0.04083768,-0.0273634,0.1140067,-0.01540709,-0.01498414,0.09981719,0.01807398,21.99215,55.54263,13.12037,18.31664,COOL
-0.06822732,0.0422942,-0.026171,-0.06311162,0.02361882,-0.006158561,-0.04673929,0.1065855,-0.04036081,-0.01989111,0.1135453,-0.02379194,-0.002859434,0.1022061,0.007554829,16.91596,46.70774,15.19483,17.91998,COOL
-0.06543484,0.04652163,-0.01952741,-0.06222256,0.02351177,4.070997E-05,-0.04517692,0.1086196,-0.03654814,-0.0176733,0.1143627,-0.02314973,0.002208416,0.1030197,0.006517559,20.00323,49.11422,14.62593,17.94969,COOL
-0.06381916,0.04859969,-0.01670659,-0.06278101,0.02618456,0.001985371,-0.04273005,0.1096192,-0.03969461,-0.01495424,0.1141674,-0.02688789,0.006325481,0.1034131,0.002949446,19.81145,49.62124,14.38851,18.34608,COOL
-0.06232735,0.05184013,-0.01199281,-0.06170429,0.03155226,0.006460279,-0.04370274,0.1086342,-0.03987679,-0.01195498,0.1131724,-0.03124067,0.01404551,0.1030869,-0.002950996,18.66587,47.04803,15.56531,19.324,COOL
-0.06589918,0.05016735,-0.0001125932,-0.06104264,0.03216556,0.01914012,-0.0517765,0.1083727,-0.02057213,-0.01580811,0.1156133,-0.01672542,0.0204096,0.1035875,0.00578472,18.18621,44.22451,17.60248,22.00205,COOL
-0.0662695,0.04990521,0.002267689,-0.06028192,0.03277692,0.02253699,-0.05038671,0.1101044,-0.01764783,-0.01449063,0.1164338,-0.01298827,0.02336343,0.1032032,0.007949263,18.57028,45.00502,17.464,22.48116,COOL
-0.06534419,0.05007544,0.0105758,-0.05781445,0.03466654,0.02936688,-0.04840339,0.1124375,-0.01189911,-0.01118775,0.1176802,-0.008696347,0.02919464,0.1021664,0.008927047,17.38391,45.42794,17.84576,23.17874,COOL
-0.06257582,0.05147064,0.01844409,-0.05422554,0.03661647,0.0346438,-0.04380106,0.1151075,-0.005418122,-0.005600173,0.1186561,-0.004372358,0.03525802,0.1002338,0.01071319,15.8992,45.45597,18.12053,23.41377,COOL
-0.06442107,0.05118144,0.01894888,-0.05248572,0.03566581,0.03691083,-0.03669427,0.1183855,-0.003424495,0.003192119,0.1197128,-0.003533036,0.04150095,0.09769121,0.01385778,17.66263,48.57947,18.74114,23.30137,COOL
-0.06228705,0.05515781,0.01371595,-0.05155116,0.0345031,0.03661436,-0.02873142,0.1196888,0.004539907,0.01249084,0.1192514,0.002966315,0.04687079,0.09396359,0.02063277,22.38234,49.3737,19.48103,22.57219,COOL
-0.06163444,0.05786464,0.01251301,-0.05194622,0.0333153,0.03416836,-0.02494181,0.1192455,0.01347768,0.017088,0.1175385,0.01335374,0.04850945,0.08970702,0.03128767,22.80893,48.50124,19.96091,22.36683,COOL
-0.06253912,0.05895367,0.0129779,-0.05434151,0.03408292,0.02931017,-0.02261903,0.1193411,0.01869047,0.01711494,0.1149727,0.02461791,0.04534949,0.08512357,0.04421741,19.22473,47.59834,19.1518,22.44852,COOL
-0.06323346,0.05865142,0.01385164,-0.05562315,0.03378084,0.02614844,-0.02136438,0.1193539,0.02317739,0.01624286,0.1129467,0.0328095,0.04191392,0.08150956,0.05286223,16.93348,47.70482,18.56806,22.31936,COOL
-0.0597363,0.05456543,0.01831985,-0.05838007,0.03080982,0.009653389,-0.01520294,0.1167644,0.04178983,0.0008388758,0.1021,0.05933267,0.01098973,0.07008874,0.07393599,15.00719,54.0939,12.79831,17.31675,COOL
-0.05920777,0.0522179,0.02322739,-0.0577861,0.03110772,0.008603036,-0.0146626,0.111326,0.05560124,-0.004159831,0.092731,0.07254988,0.003103852,0.059919,0.08209544,15.61888,54.73109,12.38701,16.27722,COOL
-0.05920548,0.04971999,0.02740824,-0.05781478,0.03224999,0.009309769,-0.01546353,0.1057528,0.06586874,-0.008247077,0.08428204,0.08161432,-0.002333671,0.05076396,0.08780974,15.60748,54.13078,12.48254,16.09821,COOL
-0.05791345,0.04823166,0.0303359,-0.05744123,0.03799349,0.009207964,-0.02265211,0.09431106,0.07906967,-0.02107348,0.06983024,0.09091288,-0.01712572,0.03481406,0.09316885,15.54725,49.79797,12.28893,16.78563,COOL
-0.07060955,0.03230786,0.02357489,-0.06630798,0.02524048,0.005345762,-0.04864782,0.09360832,0.06828374,-0.03628571,0.07243651,0.08514357,-0.0315125,0.03575563,0.08683908,13.1055,48.25236,13.52463,17.10526,COOL
-0.07155843,0.01252067,0.04775888,-0.05457079,0.002153933,0.04543251,-0.07371654,0.09943533,0.02800304,-0.03583939,0.1108297,0.02875549,0.009204693,0.09800339,0.0392037,8.899649,52.33279,18.16127,23.48485,COOL
-0.05092708,0.01426768,0.06417203,-0.0494021,0.006439567,0.06005132,-0.07502262,0.09904176,0.03176665,-0.03627236,0.1115724,0.02538162,0.01232571,0.09978068,0.03210753,5.241385,51.33549,18.73877,24.79642,COOL
-0.04383499,0.01929122,0.06652701,-0.04393899,0.009288907,0.06342614,-0.06925124,0.1030315,0.03305197,-0.03153474,0.1132455,0.02447212,0.01644905,0.1003226,0.02815384,6.872809,52.3667,18.12032,24.44161,COOL
-0.03906886,0.02439743,0.06596786,-0.04205937,0.01277554,0.06377107,-0.05941981,0.1072484,0.03683215,-0.021689,0.1148754,0.02767754,0.0244642,0.09852833,0.02951407,8.590114,51.16323,17.98739,23.98232,COOL
-0.03660395,0.02989239,0.06531852,-0.03890781,0.01820481,0.06430626,-0.04936754,0.112275,0.03644085,-0.01096683,0.1170359,0.02622503,0.03303338,0.09754127,0.02562588,8.347933,50.39279,18.22019,23.45122,COOL
-0.03891556,0.03298116,0.06327724,-0.03759988,0.02095133,0.06344372,-0.04476999,0.1145597,0.03474259,-0.006115809,0.1178136,0.02448738,0.03688296,0.09681898,0.02361906,8.128544,50.08245,18.29196,23.29891,COOL
-0.04237259,0.03377962,0.06155348,-0.037266,0.02129114,0.06258732,-0.04292578,0.1154534,0.03374684,-0.004142478,0.1179287,0.02417225,0.03835413,0.09629124,0.02366906,8.774382,50.46218,18.25952,23.21977,COOL
-0.05325821,0.03808999,0.0528186,-0.03890342,0.02279073,0.0574674,-0.03815813,0.116993,0.03007191,0.001035742,0.1177164,0.02288783,0.04174614,0.09415913,0.02537721,13.48743,50.55407,18.33606,23.02392,COOL
-0.05862519,0.04096353,0.04741019,-0.04216028,0.02624816,0.05388963,-0.03523837,0.1175434,0.02906775,0.004579432,0.1171362,0.023911,0.04401527,0.09187603,0.02887875,13.98585,48.38657,18.56601,23.08493,COOL
-0.06279369,0.04392636,0.03943831,-0.0464519,0.02880293,0.04903531,-0.03471312,0.1181356,0.02505296,0.005378067,0.1171532,0.02266103,0.04364423,0.09112567,0.03137666,14.89242,47.41386,18.64543,23.12873,COOL
