-0.09937344,-0.008926034,0.02430969,-0.05710076,0.08598,0.04973006,-0.02242028,0.09992647,0.05982894,0.00248478,0.09352851,0.06190068,0.03727091,0.07326442,0.05696046,58.68054,19.0147,12.43467,21.04591,OPEN
-0.09960654,0.01065394,-0.01948577,-0.0518348,0.09169745,0.04235494,-0.01868467,0.104696,0.05144477,0.008773126,0.09902292,0.05279195,0.04305744,0.07644349,0.04935044,62.69575,18.11283,13.70116,21.35305,OPEN
-0.09675051,0.01367119,-0.0329484,-0.04919096,0.0917604,0.04426825,-0.01668024,0.1039943,0.05292207,0.01107929,0.09780633,0.05411303,0.04517801,0.07480586,0.0500052,67.01683,17.6753,13.93697,21.49467,OPEN
-0.09940006,-0.003762066,0.03154325,-0.04050666,0.09328717,0.04919094,-0.008063965,0.1031617,0.05638832,0.01860275,0.09506631,0.05632615,0.0522615,0.06887639,0.05137634,63.68027,17.10772,13.62437,22.47192,OPEN
-0.1012593,0.0004967749,-0.02340159,-0.05656035,0.0900656,0.03949434,-0.02566568,0.1029102,0.05101466,0.001960091,0.09680903,0.05527788,0.03898356,0.07546157,0.05246037,65.72275,17.4872,14.00541,22.52515,OPEN
-0.09724824,-0.02885401,0.02125394,-0.0761572,0.08160228,0.0395118,-0.04571399,0.1009121,0.05299127,-0.02026743,0.09544182,0.0610646,0.02007781,0.07845598,0.06171286,61.30963,18.24475,12.6229,22.21709,OPEN
-0.09987579,-0.02794814,0.0165019,-0.08280943,0.07673529,0.03951389,-0.05320858,0.1005302,0.05128062,-0.02875141,0.09709606,0.05865693,0.01489611,0.08321926,0.06136853,57.34348,18.57161,11.67735,23.02167,OPEN
-0.0986446,-0.01996863,0.02743495,-0.06531838,0.0790298,0.06081355,-0.03201082,0.09533072,0.07267559,-0.00537597,0.09003019,0.07463014,0.0326045,0.07112765,0.06805348,58.3048,18.27584,12.53284,21.33889,OPEN
-0.1040352,-0.007817745,0.02126014,-0.05116272,0.08778495,0.05890185,-0.01847488,0.09924459,0.06976485,0.009721026,0.09376484,0.0693922,0.04700702,0.07071358,0.06161183,61.90589,17.20712,13.49513,22.28645,OPEN
-0.1021968,-0.009666383,0.02491784,-0.05231814,0.08912158,0.05663085,-0.01959526,0.1008916,0.06767184,0.008533373,0.09527045,0.06774729,0.04646776,0.07167351,0.06104714,61.72695,17.24687,13.42869,22.60809,OPEN
-0.1031581,-0.01205724,0.02347314,-0.05634089,0.08827209,0.05561274,-0.02427283,0.1018253,0.06575447,0.004172593,0.09593034,0.06677151,0.04324135,0.07325631,0.06065911,61.35125,17.05688,13.51366,22.87627,OPEN
-0.1059875,-0.008766651,-0.00200069,-0.06389051,0.07921022,0.05984652,-0.0330414,0.0921393,0.07387948,-0.003866091,0.08572555,0.07809711,0.03756006,0.06974214,0.06850833,61.6793,17.1988,14.17482,23.02304,OPEN
-0.100778,-0.02074999,0.02503806,-0.06194448,0.07746732,0.06415468,-0.02934119,0.09056711,0.07779884,-0.002447996,0.08595252,0.07904458,0.0381486,0.06867415,0.06949437,60.06892,17.84527,12.75105,22.68802,OPEN
-0.097905,-0.0311811,0.02095455,-0.06826265,0.05524075,0.07828736,-0.03793969,0.06520164,0.09606999,-0.009386983,0.06229746,0.09744185,0.03312791,0.04932958,0.08609885,57.65029,17.39671,13.54302,23.26407,OPEN
-0.09413724,-0.02567923,0.01791275,-0.06321385,0.02627712,0.09282869,-0.0366001,0.03453016,0.1099008,0.0001251698,0.03420949,0.1101497,0.03998378,0.02212298,0.09326357,52.67066,15.67721,17.689,22.89916,OPEN
-0.09345779,-0.0145207,0.0193845,-0.04777528,0.0164417,0.1011374,-0.02073421,0.02961302,0.1146259,0.01574605,0.0293799,0.1093022,0.05281754,0.01960617,0.0861553,55.47189,15.86906,17.86274,23.04335,OPEN
-0.09377731,-0.0133673,0.01972401,-0.04661654,0.01650107,0.1015548,-0.01909161,0.02852398,0.1148052,0.01671956,0.02836204,0.10904,0.0530348,0.01893139,0.08573222,55.73041,15.86032,17.61982,22.78005,OPEN
-0.09576396,-0.01211423,0.02100253,-0.04418887,0.0183261,0.1033006,-0.01544514,0.02770406,0.1153056,0.01906326,0.02782351,0.1084697,0.05355103,0.01912153,0.08467257,56.6689,15.77289,17.10409,22.06363,OPEN
-0.09677401,-0.0124355,0.02287459,-0.0442394,0.01889294,0.1043749,-0.01363273,0.02635527,0.1159577,0.02051128,0.02622139,0.1086054,0.05371661,0.01719844,0.08449101,56.0399,16.28552,16.96011,21.60449,OPEN
-0.0933782,-0.02116323,0.01845068,-0.05273271,0.009038031,0.0981831,-0.0236329,0.01949459,0.1139789,0.01212069,0.01969594,0.1101258,0.04699311,0.0103749,0.08854836,53.11229,17.10221,17.73959,21.85792,OPEN
-0.09398396,-0.03322178,0.00795573,-0.06708948,0.004082143,0.08914393,-0.04386014,0.01517093,0.1073174,-0.006967034,0.02259362,0.109301,0.03281636,0.01814276,0.09335548,51.96438,15.62646,18.7934,22.61957,OPEN
-0.09500562,-0.03276092,0.006107032,-0.07048652,0.009328902,0.08918828,-0.04626511,0.01824886,0.1073093,-0.01032232,0.0231548,0.109337,0.02916724,0.01917708,0.09440887,52.84639,15.46483,17.8893,22.12622,OPEN
-0.09574161,-0.03253162,0.004939437,-0.07209141,0.01270843,0.08901328,-0.04732776,0.02037001,0.1074391,-0.01180313,0.02332395,0.1094681,0.02778144,0.01962513,0.09488136,53.5713,15.47888,17.42742,22.02182,OPEN
-0.09565549,-0.03307939,0.005273998,-0.07250225,0.01444763,0.08902186,-0.04750205,0.02146167,0.1075651,-0.01249047,0.023278,0.1094424,0.02701328,0.0200845,0.09494174,53.79859,15.48004,17.06088,21.92501,OPEN
-0.09556805,-0.03327274,0.005201757,-0.07272395,0.01455349,0.08885098,-0.04776914,0.02151108,0.107514,-0.0129336,0.02304691,0.1094353,0.02651295,0.019889,0.09507304,53.78939,15.4821,16.95366,21.86452,OPEN
-0.09565277,-0.03404182,0.003994882,-0.07281831,0.01453412,0.08805227,-0.04802921,0.02232558,0.1070762,-0.01422224,0.02432603,0.1091936,0.02456025,0.02091378,0.0954476,54.34338,15.63933,16.47855,21.35535,OPEN
-0.09594503,-0.03321886,0.004791319,-0.07150501,0.01383138,0.08900195,-0.04627955,0.02178347,0.1078738,-0.01184382,0.02388883,0.1096686,0.02718588,0.01983076,0.09525055,54.26266,15.79246,16.80546,21.64157,OPEN
-0.09548725,-0.03266084,0.007851183,-0.06834779,0.01235163,0.09114003,-0.04275206,0.0209865,0.1093278,-0.007724756,0.02396804,0.1102299,0.03107323,0.01926106,0.09448272,53.87322,15.84763,17.14524,21.79131,OPEN
-0.09408122,-0.03187543,0.01198244,-0.06496635,0.01164109,0.09227729,-0.03932039,0.02178305,0.1097777,-0.003768701,0.02552468,0.1098246,0.03467083,0.01979315,0.09296376,52.90289,15.97984,17.53841,21.97985,OPEN
-0.09105559,-0.02589339,0.01698929,-0.05887243,0.01241529,0.08942896,-0.03487058,0.02824861,0.1075714,0.002057873,0.03255773,0.1065233,0.04018077,0.02329993,0.08914191,50.75328,16.85186,18.60258,22.61839,OPEN
-0.08772625,-0.02647424,0.02175677,-0.05435461,0.01494157,0.09435588,-0.02788754,0.02868706,0.1095956,0.009086266,0.03177786,0.1065522,0.04741508,0.02220339,0.08631516,51.63031,16.65567,18.60073,23.43347,OPEN
-0.08857851,-0.02375799,0.02361953,-0.05532932,0.02432501,0.09797764,-0.02715506,0.03552014,0.11132,0.008683056,0.03639287,0.1074046,0.04693428,0.02736026,0.08667862,52.49686,16.02793,17.49087,22.96013,OPEN
-0.08912397,-0.02113837,0.02512228,-0.05425486,0.03112626,0.09801072,-0.02601281,0.04083157,0.1115102,0.008442409,0.03949845,0.1078879,0.04637977,0.0302816,0.08740747,53.04049,15.63484,16.55836,22.44598,OPEN
-0.0931711,-0.02068239,0.0237208,-0.05283368,0.03025287,0.0986827,-0.0240228,0.03938353,0.1122115,0.01022808,0.03736764,0.1084586,0.04769792,0.02858603,0.08749551,54.40171,15.83426,16.51861,22.31489,OPEN
-0.09477622,-0.01818848,0.02190912,-0.05490564,0.0295943,0.09738368,-0.02635247,0.04117095,0.1109064,0.008710817,0.03941464,0.1078147,0.04765105,0.03094727,0.08710176,53.55223,16.11351,16.89979,22.93716,OPEN
-0.09516139,-0.01924562,0.02006352,-0.05622716,0.02941948,0.09713036,-0.02743044,0.04097927,0.1108786,0.008293979,0.03959036,0.1081008,0.04805835,0.03162217,0.08716309,54.17056,16.23962,17.18585,23.27782,OPEN
-0.09799969,-0.01784146,0.01663184,-0.05855967,0.03051817,0.09572917,-0.03029337,0.04217577,0.1100677,0.004980296,0.04061192,0.1083551,0.04525545,0.03218764,0.08881623,54.70139,16.10752,16.88282,23.14022,OPEN
-0.09869142,-0.01714718,0.01493227,-0.06004137,0.03150582,0.09468138,-0.0314909,0.04299206,0.1094936,0.003546871,0.04120606,0.108253,0.04406147,0.03255099,0.08933598,54.79708,16.28677,16.75149,23.12297,OPEN
-0.09970225,-0.01587671,0.01914382,-0.05600994,0.05329591,0.08927,-0.0245014,0.05925494,0.1048148,0.006938875,0.05258316,0.1040741,0.04589313,0.03637242,0.08718044,57.90857,16.8578,15.14343,22.85752,OPEN
-0.1021508,-0.02172422,0.01853555,-0.0587163,0.07076699,0.07618344,-0.02579894,0.07864851,0.09227967,0.001896184,0.07109368,0.0932622,0.0411312,0.05377877,0.07985294,62.37636,17.58879,13.30487,22.44559,OPEN
-0.1015064,-0.0227828,0.01982033,-0.05955465,0.07344401,0.07330364,-0.02686638,0.08204901,0.08931977,-9.75579E-05,0.07461357,0.09045368,0.03940745,0.05715585,0.07791638,62.63115,17.51483,12.80552,22.45909,OPEN
-0.1006827,-0.0240351,0.02136123,-0.06149846,0.07740515,0.06760836,-0.02958658,0.08796096,0.08287579,-0.003426638,0.0806303,0.08475769,0.03655182,0.06272942,0.07419443,62.8543,17.25426,12.46992,22.53569,OPEN
-0.09859909,-0.03239053,0.01968396,-0.07304522,0.08186966,0.0441882,-0.04682552,0.1010057,0.05348343,-0.01838601,0.09745055,0.05986452,0.0261469,0.08026004,0.05904651,64.2909,15.86306,13.608,24.30276,OPEN
-0.08489134,-0.03871661,0.04287797,-0.06909794,0.06815588,0.0654493,-0.0443527,0.08931416,0.07127184,-0.01447995,0.09005302,0.07093704,0.02751869,0.07926899,0.05974203,59.87216,15.64757,14.01926,22.72671,OPEN
-0.08997239,-0.01973867,0.04029197,-0.05545079,0.08506024,0.05571842,-0.02737392,0.1006,0.06202626,0.001607433,0.09557891,0.06356257,0.03707783,0.0765518,0.05536926,61.50691,15.6321,13.98019,20.74206,OPEN
-0.1017746,0.01477385,-0.001178384,-0.04306666,0.1045904,0.02246344,-0.0145597,0.1170313,0.02558684,0.01366141,0.1090872,0.02727133,0.04715309,0.08276242,0.03102839,60.158,15.00073,13.9606,22.03262,OPEN
-0.1013151,0.01688558,-0.007902205,-0.04138342,0.106029,0.01763487,-0.01226664,0.1176979,0.02212906,0.01563562,0.1092337,0.02551329,0.04955551,0.08180606,0.03145123,60.49374,15.25396,14.00689,22.78669,OPEN
-0.07307269,0.002158344,0.06188416,-0.03994262,0.09709018,0.04641575,-0.01229799,0.1115494,0.04465193,0.01274525,0.1062474,0.04041362,0.03898212,0.08508384,0.0331707,56.92141,14.96521,12.28114,16.72497,OPEN
-0.07021724,-0.002643406,0.06837487,-0.03739157,0.09371948,0.0521841,-0.008985311,0.107813,0.04982865,0.01714234,0.1019199,0.04487354,0.03742473,0.08309489,0.03437805,57.73374,15.47221,13.11866,13.89973,OPEN
-0.08004337,0.01349771,0.05140758,-0.03368522,0.1000215,0.03743148,-0.003504232,0.1099661,0.04021633,0.02064855,0.102305,0.0389263,0.04119034,0.08067715,0.0340417,56.29547,15.79752,12.41897,14.63849,OPEN
-0.08028615,0.01477897,0.05053055,-0.03283125,0.1011146,0.03536981,-0.001860306,0.110588,0.03864872,0.02177647,0.102476,0.03806204,0.0426484,0.08027118,0.03402615,56.62494,16.12968,12.22608,15.00169,OPEN
-0.0793977,0.01933616,0.04646254,-0.02730849,0.1036434,0.0347873,0.005324751,0.1114078,0.03910053,0.0273632,0.1012321,0.04092532,0.0474004,0.07645392,0.03905678,56.87496,16.62537,11.78574,15.55532,OPEN
-0.08345185,0.020293,0.03108138,-0.03082918,0.1059326,0.0304271,0.001505926,0.1150723,0.03443986,0.0227479,0.1048565,0.0380975,0.0470978,0.07693839,0.0413425,57.16275,16.35756,11.29378,18.50962,OPEN
-0.08985965,0.01523954,0.01599962,-0.04014144,0.1055581,0.02423245,-0.008837864,0.1167846,0.02970499,0.01304281,0.1071233,0.03635436,0.0425607,0.07854187,0.04453433,58.3814,16.19472,11.66116,21.33241,OPEN
-0.09494619,0.006925225,0.0009735227,-0.05093695,0.1030529,0.01527852,-0.02192688,0.1167158,0.02262568,0.001590975,0.1085833,0.03216404,0.03675641,0.08192009,0.044388,59.73193,15.78937,12.52689,23.77512,OPEN
-0.0983625,-0.0007401705,-0.009578824,-0.05729086,0.1006379,0.00697726,-0.03054555,0.1154035,0.01736003,-0.006306861,0.1082779,0.02977693,0.0317852,0.08398163,0.04409033,61.3689,15.51381,13.28236,24.89804,OPEN
-0.1025606,-0.003663599,-0.004060864,-0.05593083,0.1005396,0.009664297,-0.02953636,0.1141831,0.02274871,-0.00452202,0.1065915,0.03541422,0.03561585,0.08263379,0.04538578,63.29616,15.68108,13.84358,25.15697,OPEN
-0.1025714,-0.003130078,0.006091714,-0.05345109,0.100784,0.01537311,-0.02622494,0.1137574,0.02772164,-0.0003104117,0.1054614,0.039738,0.03957095,0.08117807,0.04572141,63.60457,15.7588,14.24586,24.68096,OPEN
-0.1004391,0.01289213,0.0186246,-0.04140109,0.09937131,0.02807373,-0.01118707,0.1107717,0.0344438,0.01376921,0.1006616,0.04206699,0.04873097,0.07831997,0.0389412,58.63342,16.40336,13.80028,22.21448,OPEN
-0.09752566,0.0248071,0.01067781,-0.03392344,0.1008431,0.025832,-0.00560648,0.1105766,0.03157717,0.02030239,0.09889257,0.04015136,0.05270081,0.07460314,0.03861755,56.68227,15.33581,14.88242,21.87949,OPEN
-0.09454989,0.02831334,0.008044302,-0.03336999,0.1008409,0.02688789,-0.006381147,0.1094455,0.03480071,0.01967688,0.097929,0.04353112,0.05125374,0.07304889,0.04329526,54.97947,14.79173,14.97371,21.62008,OPEN
-0.09470304,0.02768064,0.002792895,-0.03348006,0.1077397,0.01662356,-0.002667397,0.1157595,0.02796525,0.02376926,0.1052015,0.03572786,0.05549319,0.07333589,0.04462123,56.58165,16.48331,14.31429,23.77381,OPEN
-0.09473439,0.02351567,-0.004154831,-0.03820585,0.1091992,0.004324168,-0.00755477,0.1193515,0.01478565,0.01985336,0.1099009,0.02354872,0.05462199,0.07822478,0.03745526,56.94456,16.35956,14.50528,25.44848,OPEN
-0.1007841,0.01053518,-0.006008089,-0.04815637,0.1039505,-0.0005273223,-0.01961817,0.1174964,0.005029559,0.009587213,0.1115395,0.01144129,0.04770778,0.086927,0.01996607,59.21801,15.60535,14.75347,24.20852,OPEN
-0.09893851,0.01210737,0.01334357,-0.04353362,0.1051904,0.01137209,-0.01463364,0.1171811,0.01605767,0.01461715,0.1104779,0.01844919,0.04970001,0.08628267,0.01803339,60.117,15.39269,14.58449,22.08903,OPEN
-0.09104952,0.007770777,0.04016334,-0.04558678,0.1012952,0.02384341,-0.01763867,0.1141526,0.02588522,0.01196927,0.1089548,0.02427673,0.04592487,0.08827442,0.0162394,58.67681,15.09374,14.69134,21.07536,OPEN
-0.08071759,0.01141471,0.05405676,-0.02807368,0.09578526,0.04780024,0.0009568185,0.1069366,0.04425466,0.0297959,0.09902078,0.03817189,0.06145985,0.07530272,0.02298909,56.69958,15.68596,15.27193,22.58498,OPEN
-0.08485544,0.01214951,0.04606062,-0.04397376,0.1007938,0.02858907,-0.01720522,0.1139812,0.02625257,0.01084593,0.1094,0.01990259,0.0446659,0.08743349,0.01345909,55.43651,14.66104,14.18905,21.27069,OPEN
-0.08513299,0.003751814,0.04784137,-0.04646032,0.09948927,0.03098768,-0.02220386,0.1131656,0.02896512,0.005477518,0.1084932,0.02419746,0.04025251,0.08810472,0.01678401,58.5885,13.56023,13.69893,21.41917,OPEN
-0.07413396,0.006483734,0.06317538,-0.02620089,0.09911931,0.05122691,0.005334467,0.1087978,0.04914254,0.03554675,0.09829617,0.04331684,0.06381431,0.07253551,0.0289923,58.64575,16.05651,15.76043,21.00721,OPEN
-0.07590178,0.005316556,0.06229913,-0.02609278,0.09793234,0.05421048,0.006299853,0.1075932,0.05236328,0.03630856,0.09709495,0.04638934,0.0643805,0.07145476,0.03145224,58.66174,16.41077,15.63673,20.9219,OPEN
-0.08630151,0.004472136,0.04945529,-0.03194389,0.09566981,0.0542534,7.751584E-05,0.1064242,0.05432385,0.02829355,0.09813344,0.04912442,0.05775797,0.07362616,0.0366354,59.03134,16.42143,14.42675,20.62498,OPEN
-0.1021486,0.006768227,0.007071972,-0.04755124,0.09629333,0.03846574,-0.01813451,0.1084469,0.04514086,0.009159341,0.1023038,0.04520363,0.04324663,0.07944441,0.0416863,60.40578,15.87878,13.51429,21.37451,OPEN
-0.1019991,-0.009772092,-0.02201962,-0.0683464,0.08642846,0.02752298,-0.04327974,0.1022897,0.03982776,-0.01615018,0.09997249,0.04581922,0.02256748,0.08328605,0.04906076,62.36719,15.79334,13.55337,22.27456,OPEN
-0.1024131,-0.02062988,0.01600844,-0.06281339,0.08334744,0.05125624,-0.03027166,0.09803128,0.06362164,0.0003287559,0.09312266,0.06739956,0.04020537,0.07301134,0.06074071,63.23547,18.22087,14.96587,23.08804,OPEN
-0.100843,-0.03126693,0.007717967,-0.08008181,0.08494627,0.01470506,-0.05381639,0.1075639,0.02418154,-0.02586215,0.107424,0.03412569,0.01673187,0.09186929,0.04269952,63.62711,17.03079,13.89902,23.45137,OPEN
-0.1025111,-0.02945778,-0.01390427,-0.07737964,0.08679417,-0.02531239,-0.05563931,0.1099208,-0.01539338,-0.03224209,0.111223,-0.0001598299,0.006349828,0.1002038,0.02030778,63.41963,15.53303,12.7709,22.78302,OPEN
-0.1025536,-0.00548178,0.01351172,-0.06298248,0.08115888,0.03023958,-0.04402786,0.0999009,0.03064537,-0.0148786,0.102431,0.03134316,0.02548997,0.09351569,0.02466279,54.61944,13.49946,14.93989,22.7814,OPEN
-0.1000493,-0.01439071,0.01894516,-0.06628147,0.0793559,0.03337079,-0.04447652,0.09870517,0.03358924,-0.01601595,0.100205,0.03435445,0.02203936,0.09304482,0.02376199,56.77779,14.89591,14.5049,22.00252,OPEN
-0.1003491,-0.01567268,0.01770657,-0.06710517,0.07990474,0.03282589,-0.04431908,0.09967262,0.03303456,-0.01574778,0.1005823,0.03452635,0.02251868,0.09347624,0.02349013,57.47909,15.34549,14.47149,22.10295,OPEN
-0.1001646,-0.01327676,0.01777732,-0.06695777,0.08107144,0.03172207,-0.04363969,0.1012404,0.03145176,-0.01478877,0.1017223,0.03351575,0.02393711,0.0938924,0.02292645,56.64997,15.59788,14.54288,22.22832,OPEN
-0.09953402,-0.005336106,0.02105057,-0.06424218,0.08909249,0.0288952,-0.0421283,0.1053894,0.03594732,-0.01392205,0.1057334,0.03795594,0.03051382,0.0919922,0.03565288,55.6592,13.74397,13.68748,24.29214,OPEN
-0.1009153,-0.001703262,0.01188317,-0.06249311,0.09702376,0.01910454,-0.03924602,0.1116114,0.03076127,-0.0104021,0.1083953,0.03763583,0.03224291,0.08826283,0.04383859,57.6098,14.09773,14.0288,24.37419,OPEN
-0.1003106,0.0006985962,0.007676303,-0.06259307,0.0982185,0.01403582,-0.03938263,0.1130799,0.02591759,-0.0110756,0.1093395,0.03445369,0.03121942,0.08861959,0.04342085,56.84255,14.16261,13.96617,24.59109,OPEN
-0.09573799,0.0164414,-0.01178724,-0.05569417,0.1011313,0.01207656,-0.03098191,0.1147957,0.02586201,-0.004661113,0.1085937,0.03648207,0.03293005,0.08325499,0.05089018,52.89599,14.94874,13.70655,24.50193,OPEN
-0.09420062,0.02017006,-0.01896951,-0.05478019,0.1008083,0.01450503,-0.03040846,0.1135281,0.02972114,-0.005523093,0.1063745,0.0409227,0.03014477,0.08096021,0.05484661,52.46031,15.00552,13.32846,23.72235,OPEN
-0.09355777,0.02610505,-0.02028644,-0.05565538,0.09990713,0.01735026,-0.03139772,0.111445,0.03297311,-0.007082798,0.1023018,0.04560894,0.02420134,0.07824105,0.05614084,49.44186,14.95546,13.69245,21.14862,OPEN
-0.09528445,0.0259659,-0.01756507,-0.05527924,0.1004027,0.02031001,-0.0306647,0.1106072,0.03689551,-0.005874082,0.1003261,0.04972923,0.02478418,0.07581678,0.05851179,49.92067,15.08953,14.09353,20.78223,OPEN
-0.1000127,0.01901293,-0.03601804,-0.05116461,0.1018571,0.03248036,-0.02222652,0.1097076,0.05082971,0.004746735,0.09751979,0.06217563,0.03783828,0.06874511,0.06700906,62.63157,16.61178,14.87068,22.31222,OPEN
-0.1010092,0.01988819,-0.0273515,-0.05238608,0.09706941,0.04304406,-0.02313701,0.1050627,0.05959603,0.00560075,0.0940679,0.06776002,0.04148594,0.0660516,0.0684557,61.36258,16.31239,14.9438,23.04293,OPEN
-0.09920356,0.02213195,-0.03190854,-0.05411726,0.09664178,0.04238293,-0.02560747,0.1040056,0.06048229,0.003520049,0.09263077,0.06973249,0.04020682,0.06405714,0.07128462,60.84475,16.31686,15.32115,23.61512,OPEN
-0.09356199,0.0291483,-0.03960752,-0.05401912,0.1011302,0.03260198,-0.02776822,0.1065595,0.05526596,-0.0003703386,0.09192768,0.07015789,0.03093873,0.06219995,0.07577044,57.81694,16.54523,16.18394,21.99546,OPEN
-0.09341043,0.02929731,-0.03730138,-0.05693863,0.09922424,0.03503317,-0.02964046,0.105237,0.05757722,-0.000660181,0.09120232,0.07203066,0.03176589,0.06161019,0.07661697,56.49589,16.88177,16.56308,22.20988,OPEN
-0.07830593,0.02613357,-0.0656431,-0.04723005,0.1090764,-0.001979887,-0.02792668,0.1172993,0.0245896,-0.008395847,0.1047009,0.04770625,0.01673571,0.07480502,0.06809461,57.81269,15.96639,15.36863,22.34528,OPEN
-0.0005092323,0.06802523,-0.06945103,-0.01310714,0.117671,0.002108067,-0.0158395,0.1166975,0.03376293,-0.01996541,0.09598643,0.0597783,-0.02207394,0.06037855,0.07853565,46.90759,15.03822,15.80533,20.29051,OPEN
0.03158852,0.06607708,-0.06154978,-0.006271333,0.1174679,-0.000377208,-0.01910942,0.1177747,0.02745077,-0.03287106,0.09825781,0.0497843,-0.04426752,0.06370938,0.06523293,47.61065,14.49049,15.41907,19.79852,OPEN
0.08653505,0.05154437,-0.01416513,0.01187253,0.1113088,0.03620765,-0.01835889,0.110914,0.04835668,-0.04709037,0.09428689,0.04576796,-0.07298627,0.06257868,0.03211185,58.50418,15.44024,15.72598,21.8886,OPEN
0.08691487,0.05204943,-0.01059508,0.0124984,0.1109437,0.03753087,-0.01845888,0.1106306,0.04824218,-0.04714794,0.09400275,0.04403654,-0.0735279,0.06163707,0.03043774,57.40437,15.56362,15.8002,22.51889,OPEN
0.08661428,0.05082846,0.00655219,0.0154492,0.1141474,0.03166917,-0.01872604,0.1166544,0.0351997,-0.04801626,0.1009618,0.02313617,-0.0725329,0.06809822,0.006883264,52.32811,16.21805,16.5535,22.52229,OPEN
0.08556453,0.05214593,0.00612238,0.01397183,0.114851,0.030339,-0.02008177,0.1171888,0.03318891,-0.04966943,0.1009952,0.02119878,-0.07387841,0.06730735,0.00432834,52.13487,16.10254,16.766,22.83323,OPEN
0.08455241,0.05362013,0.004738629,0.01217233,0.1157956,0.02781087,-0.02142704,0.118199,0.02882525,-0.0513638,0.1012777,0.01671076,-0.07575499,0.06632954,0.00077039,52.1044,15.82572,17.09307,23.21709,OPEN
0.08275685,0.05649835,-0.002303898,0.008620679,0.1162897,0.02385706,-0.02514275,0.1177624,0.02449614,-0.05409863,0.09963492,0.01250505,-0.07657132,0.06423351,-0.002535313,52.70419,15.96074,17.0568,22.82613,OPEN
0.0825355,0.05809519,-0.006252468,0.004626542,0.1160523,0.02380827,-0.02946741,0.1163244,0.02519876,-0.05804701,0.09714556,0.01466078,-0.07969829,0.06076589,-0.001422405,54.42463,16.15407,17.00415,23.2536,OPEN
0.08714041,0.0536274,-0.007757843,0.009216957,0.1156572,0.02507168,-0.02502055,0.1165075,0.03043744,-0.05447114,0.09833261,0.02298385,-0.07942062,0.06243873,0.007160932,56.00079,16.36784,16.66282,23.8224,OPEN
0.09449695,0.03941292,-0.00829494,0.02885278,0.1127654,0.02997154,-0.001017436,0.1174369,0.04190645,-0.03032947,0.1042374,0.04185882,-0.06415788,0.07227701,0.03574249,55.89851,15.10945,14.80883,23.72304,OPEN
0.09705251,0.04081041,-0.01043749,0.03000443,0.1184723,0.02753624,2.518296E-05,0.1246116,0.03721556,-0.02991541,0.1110441,0.03819099,-0.06381871,0.07746807,0.03697065,55.75029,14.28391,14.49145,23.08699,OPEN
0.08828606,0.05805245,0.0008182526,0.001859579,0.1183393,0.03232932,-0.03448787,0.1172123,0.03454337,-0.06218375,0.0982649,0.02224919,-0.08413443,0.06138954,0.00456661,57.00124,16.66742,16.2676,22.95105,OPEN
0.08662215,0.06034604,0.004829288,-0.00631021,0.1181276,0.02938908,-0.04280847,0.1149938,0.02956215,-0.06946412,0.09370756,0.01739401,-0.08822075,0.05596003,-0.0006993413,58.53528,16.86465,16.6162,22.78406,OPEN
0.08321356,0.06364885,0.01035303,-0.01474161,0.116479,0.030112,-0.05086329,0.1109685,0.03042951,-0.07636686,0.08778042,0.01844454,-0.09220259,0.04993525,-0.001340359,59.38262,16.88083,16.81768,22.65939,OPEN
0.08245348,0.06452692,0.01183552,-0.01827197,0.1158768,0.02970892,-0.05457985,0.1089128,0.03150484,-0.08017637,0.08433983,0.02099866,-0.09480439,0.04620332,0.001352042,60.27557,17.10302,17.07606,22.45462,OPEN
0.08211992,0.06411478,0.01452699,-0.01844531,0.1163613,0.02774215,-0.05449351,0.1098444,0.02929127,-0.07999422,0.08546069,0.01974937,-0.09457493,0.04726619,0.0004499555,60.08979,16.90689,16.8283,22.28726,OPEN
0.08416467,0.05979583,0.01253426,-0.01227104,0.11659,0.02931383,-0.04681873,0.1122308,0.03362826,-0.07340389,0.09020719,0.02588075,-0.09099365,0.05376855,0.006407022,59.88263,16.14616,16.25954,22.02049,OPEN
0.0842735,0.05933997,0.01036406,-0.01036442,0.1155219,0.0343942,-0.04431156,0.1111498,0.04037344,-0.07145362,0.08962178,0.03323993,-0.09039889,0.05381915,0.01324421,59.61869,15.96904,16.24085,22.12427,OPEN
0.08268857,0.06102461,0.007484138,-0.01019647,0.1150898,0.0352239,-0.04297389,0.110158,0.04351145,-0.07025956,0.08772728,0.03912693,-0.09028228,0.05104551,0.02018392,58.82018,15.73258,16.38596,22.5755,OPEN
0.08380216,0.06043839,0.01070437,-0.01053128,0.1153323,0.0358527,-0.04255775,0.1102421,0.04507187,-0.06958485,0.08674586,0.04354304,-0.09056583,0.04864329,0.02569345,59.07599,15.4567,16.44101,23.10023,OPEN
0.08494169,0.05933595,0.01399335,-0.008607395,0.1151535,0.03929952,-0.04111932,0.110406,0.04763731,-0.06753174,0.0872609,0.04660255,-0.09030246,0.04785988,0.02963293,58.56382,15.46889,16.01185,23.86916,OPEN
0.08452883,0.06139827,0.01686156,-0.007891104,0.1170202,0.03995121,-0.04308401,0.1126025,0.04329067,-0.06800909,0.09080529,0.03883165,-0.0911407,0.04804659,0.02659166,56.73904,16.14269,15.01729,24.67883,OPEN
0.0706193,0.07451463,-0.0128836,-0.01276939,0.1114005,0.04618371,-0.03889995,0.1006663,0.06563711,-0.05995999,0.07569587,0.06866336,-0.07903427,0.03594917,0.05921525,57.16093,15.7555,14.96313,22.24431,OPEN
-0.08736894,-0.01774848,0.04884177,-0.05369412,0.08546317,0.06190217,-0.02168714,0.1010871,0.06660438,0.009308785,0.09869486,0.06146038,0.04694881,0.07779658,0.04953772,59.00729,16.98067,14.80667,22.40724,OPEN
-0.08849759,-0.02799994,0.04299241,-0.05854534,0.07888436,0.06024551,-0.03028383,0.09777611,0.06315035,-0.0003125072,0.09673446,0.06028235,0.03997175,0.08033383,0.04804939,61.8445,16.47966,14.4558,23.30257,OPEN
-0.08929162,-0.02523988,0.04433084,-0.05631062,0.0769065,0.06280178,-0.02938255,0.09551245,0.06530088,0.0004550889,0.09377939,0.06292403,0.0389033,0.07929528,0.04962462,59.98992,15.95811,14.48843,22.42104,OPEN
-0.08976115,-0.02449518,0.04510522,-0.05388021,0.07635152,0.06496704,-0.02673542,0.09397304,0.06780607,0.002957448,0.09206504,0.06477392,0.04092064,0.0776282,0.05049801,59.93062,15.8504,14.51235,22.42533,OPEN
-0.08923282,-0.02449113,0.04564989,-0.05421532,0.07473862,0.06548089,-0.02750499,0.09191036,0.06886709,0.002437524,0.08973151,0.06628495,0.04079612,0.07588941,0.05193734,59.10756,15.68643,14.72484,22.75988,OPEN
-0.08976001,-0.01778656,0.04575515,-0.04867052,0.07852787,0.06332594,-0.02137421,0.09336394,0.06681657,0.007987209,0.08857763,0.06503165,0.04478912,0.07315075,0.05056083,59.18929,15.52553,14.71964,22.63018,OPEN
-0.09282262,-0.0437659,0.02368903,-0.08430491,0.06675291,0.04877764,-0.0622434,0.08599818,0.06158656,-0.03222688,0.08693588,0.06788963,0.01265653,0.08163136,0.06148189,60.84083,15.09077,14.35363,23.36755,OPEN
-0.09662478,-0.03042859,0.0266906,-0.07346364,0.07298672,0.05219835,-0.04998494,0.08924454,0.0639444,-0.01982779,0.08639723,0.07006741,0.02483823,0.07616711,0.06336564,58.92501,14.82841,14.73623,24.19057,OPEN
-0.09688859,-0.02760011,0.02704972,-0.07181343,0.07394212,0.05184412,-0.04769614,0.08994275,0.06340337,-0.01735157,0.0862999,0.0697251,0.02720691,0.07520574,0.06297284,58.32682,15.05966,14.98203,24.41144,OPEN
-0.09597807,-0.02776521,0.02857709,-0.07203706,0.07373327,0.05079377,-0.04764258,0.0906778,0.06143707,-0.01721396,0.08756673,0.06742531,0.02723894,0.07665271,0.06066346,58.05708,15.31596,15.02756,24.4353,OPEN
-0.09152923,-0.03144068,0.03716362,-0.07101549,0.07424629,0.05172682,-0.04673665,0.09410596,0.0575102,-0.01649803,0.09232557,0.06104112,0.02814552,0.08337092,0.05058265,59.30071,15.44155,14.61937,24.67611,OPEN
-0.08949611,-0.03171438,0.04123509,-0.06839704,0.07497573,0.05490309,-0.04424693,0.09502321,0.05895782,-0.01367207,0.09323174,0.06096315,0.03036723,0.08420914,0.04817218,59.8047,15.25403,14.64922,24.60989,OPEN
-0.08975857,-0.02073389,0.04430145,-0.06151184,0.08394897,0.04953003,-0.03674933,0.1012797,0.05292368,-0.00519412,0.09877449,0.05339938,0.03751852,0.08591783,0.04012549,59.52718,14.67132,15.1994,24.45742,OPEN
-0.0791622,-0.002001584,0.06365532,-0.04084289,0.09639555,0.04545331,-0.01392303,0.1117772,0.03811038,0.01465094,0.1061322,0.0318836,0.04869539,0.08652067,0.01501846,59.22299,15.54046,14.40907,22.43318,OPEN
-0.08092424,0.004685998,0.06125772,-0.04007655,0.09835935,0.04060441,-0.01322006,0.113164,0.03228372,0.01461443,0.1070572,0.02625501,0.04779467,0.08717608,0.01042825,57.59425,15.56389,14.12477,22.01231,OPEN
-0.08281742,0.006680846,0.05904794,-0.03894277,0.09826386,0.04118019,-0.0118645,0.1129074,0.0326702,0.01526684,0.106599,0.02664965,0.04809982,0.08701718,0.01025414,56.90757,15.6847,13.83386,21.96441,OPEN
-0.095103,0.01096731,0.03802592,-0.0383963,0.1039391,0.03055155,-0.01119781,0.1145229,0.0324831,0.01917389,0.1058445,0.0326519,0.0541964,0.08183533,0.02466345,59.81314,14.15133,15.25041,22.56034,OPEN
-0.0152723,0.07898703,-0.01233304,-0.04435651,0.09799761,0.03947848,-0.05272562,0.08640617,0.06154042,-0.05706265,0.06181425,0.06839019,-0.04984095,0.03227884,0.07036459,31.74191,12.81387,12.08857,14.78716,OPEN
0.04889607,0.07770845,-0.04109108,-0.03739261,0.1069257,0.003058493,-0.06279079,0.0978449,0.02498049,-0.08080734,0.07034633,0.02997145,-0.08976341,0.03006989,0.02650738,56.11411,16.99425,16.17205,21.67697,OPEN
0.07368694,0.07099617,-0.00144738,-0.01517994,0.09927168,0.04468066,-0.04571542,0.09437403,0.04221454,-0.06341567,0.07503736,0.02456978,-0.07816693,0.04436317,0.0120925,58.57473,15.91663,15.75352,20.8444,OPEN
0.07144336,0.07116002,-0.01717004,-0.01333139,0.1057427,0.02326947,-0.04366906,0.1000639,0.02284387,-0.06380019,0.07794157,0.01383862,-0.07774664,0.04654452,0.00506568,56.4147,16.03452,15.99709,20.22734,OPEN
0.07434573,0.06868079,-0.01639414,-0.01180739,0.1059351,0.02189839,-0.04262149,0.100358,0.02096546,-0.06297274,0.07808799,0.01218343,-0.07698002,0.04698369,0.004319608,57.23169,16.3448,16.16961,20.08397,OPEN
0.07092364,0.07082474,-0.01920366,-0.009598359,0.1037503,0.02764571,-0.04080855,0.09851834,0.02791274,-0.059359,0.0762063,0.01517558,-0.07439153,0.04598421,0.008535028,56.09681,16.64344,16.13621,20.47141,OPEN
0.05325288,0.08665103,-0.01899314,-0.04552156,0.09752488,0.004976511,-0.07313482,0.08408126,0.008650273,-0.08742754,0.0567812,0.004082054,-0.09268291,0.02109915,-0.003087819,57.84998,16.06417,16.1027,20.58618,OPEN
-0.02319184,0.06147546,-0.07432288,-0.04628762,0.1038445,0.001489371,-0.05033532,0.1022969,0.03020319,-0.05121145,0.08084404,0.05404836,-0.04700933,0.04666975,0.07147074,49.35825,14.25027,15.68181,20.32614,OPEN
-0.0951317,0.02936211,-0.01621959,-0.04355158,0.1092992,0.007320881,-0.01535691,0.119237,0.02105364,0.01153748,0.1091036,0.03309786,0.04121687,0.08117357,0.0442571,52.5321,15.63618,14.69875,21.44879,OPEN
-0.09641727,0.03035069,-0.01080492,-0.03810414,0.1121983,0.001919001,-0.004548095,0.1220624,0.01186582,0.02328647,0.1112243,0.02200943,0.05427232,0.08048004,0.03398922,54.13327,17.22441,14.8311,22.93687,OPEN
-0.09637062,0.03007916,-0.01765704,-0.03505576,0.1132181,-0.003603667,0.001330838,0.1225824,0.007443905,0.02775425,0.1108382,0.02012792,0.05762766,0.07799968,0.03612578,55.70478,18.56579,14.84211,23.9626,OPEN
-0.09842935,0.02728561,-0.01239318,-0.03601521,0.1128975,-0.001853883,0.001875907,0.1224736,0.008184612,0.02886217,0.1106289,0.02020296,0.05993654,0.07648864,0.03649589,56.96127,19.14981,14.97943,24.92682,OPEN
-0.101173,0.02235746,-0.01244649,-0.03761056,0.1126281,-0.001418442,-0.001096673,0.1227192,0.007537305,0.02727508,0.1117188,0.01770362,0.06106111,0.07742396,0.03367147,59.22507,18.42916,15.08326,25.84208,OPEN
-0.09671859,0.009848535,0.03088325,-0.03624724,0.1065743,0.03448862,-0.004803985,0.1150313,0.04236966,0.02522617,0.1047219,0.04363513,0.05874229,0.07336777,0.04366368,62.09549,15.84673,14.97129,23.20052,OPEN
-0.1014947,-0.009414136,0.00870961,-0.05890336,0.05009866,0.08577615,-0.03229208,0.04939181,0.1046624,0.0008698329,0.04463166,0.1062244,0.03859632,0.02662528,0.0927636,58.03931,15.76248,16.20818,22.36287,OPEN
-0.09971097,-0.01586241,0.00538516,-0.06588261,0.0324555,0.08967847,-0.0390995,0.03341323,0.1092901,-0.00413404,0.02929783,0.1117136,0.03461175,0.01342791,0.09704214,56.09636,15.95819,16.98778,22.5266,OPEN
-0.09191336,-0.02816391,0.007854819,-0.07484291,0.0002257824,0.08822048,-0.04891438,0.003563225,0.1092068,-0.01396491,0.002008617,0.1119246,0.02589945,-0.002194405,0.09763432,47.31154,16.25785,17.02466,22.08372,OPEN
-0.09034293,-0.02868474,0.009328961,-0.07489996,-0.003557622,0.08817041,-0.04936128,-0.0007252693,0.1090124,-0.01534431,-0.004294515,0.1106926,0.02367099,-0.005595207,0.09697342,45.75896,16.04568,16.56831,21.60848,OPEN
-0.09444247,-0.0249722,0.006858885,-0.06621102,-0.008388758,0.09223127,-0.03994016,-0.008747518,0.1107053,-0.007806011,-0.01204818,0.1098083,0.02815158,-0.01350844,0.09339869,50.47518,15.79188,15.83105,20.74375,OPEN
-0.07623167,-0.02989525,0.03317881,-0.03525259,-0.01776755,0.09966987,-0.009729572,-0.01455456,0.1123393,0.01570767,-0.0270136,0.08133036,0.03895764,-0.02321941,0.06896001,46.45217,14.53422,18.80878,17.77943,OPEN
-0.08255078,-0.02787995,0.03110099,-0.03347086,-0.02038133,0.09915394,-0.009418756,-0.01644516,0.1133948,0.01140848,-0.03406346,0.04671782,0.02798441,-0.02824688,0.04228014,49.43082,13.98907,31.92825,17.8004,OPEN
-0.08675364,-0.02329588,0.03393382,-0.02863169,-0.02944362,0.0935837,-0.004519865,-0.02608299,0.1096973,0.01052894,-0.03361261,0.03789908,0.02865872,-0.02918351,0.03641868,49.71345,14.54228,31.34377,19.98721,OPEN
-0.07514776,-0.0253185,0.03976476,-0.03318087,-0.01210982,0.1042006,0.00161384,-0.01193178,0.1108989,0.01787387,-0.02934414,0.06477708,0.05611901,-0.01402438,0.07276261,44.64996,18.38758,22.39346,25.96416,OPEN
-0.07892109,-0.02199477,0.03174913,-0.04474105,-0.01309156,0.1002088,-0.01192375,-0.01658702,0.109584,0.008041486,-0.03262275,0.06336546,0.04302627,-0.02255106,0.07578558,43.87244,17.77453,22.45051,24.3095,OPEN
-0.07955557,-0.0240882,0.01859665,-0.05927581,-0.01787573,0.08885825,-0.03007698,-0.02092391,0.1041282,-0.002352521,-0.03090322,0.08848214,0.03133586,-0.02476275,0.07994276,42.52204,17.37259,16.34349,22.05597,OPEN
-0.08715226,-0.03316814,-0.0128175,-0.08909203,-0.01660097,0.06706685,-0.06906117,-0.01456964,0.09198618,-0.03522697,-0.01647985,0.09762585,0.002381507,-0.01229382,0.09449637,45.36814,16.02632,16.98014,21.12485,OPEN
-0.08048096,-0.03963768,-0.01591372,-0.08855685,-0.02471179,0.06159502,-0.06905083,-0.02064353,0.08763701,-0.03442219,-0.01962394,0.09221774,0.001238286,-0.0122149,0.090047,45.02712,16.76464,17.46213,21.25714,OPEN
-0.08269514,-0.03697532,-0.01803911,-0.08861823,-0.02254862,0.06188011,-0.0695859,-0.01788241,0.08865368,-0.03621452,-0.01659125,0.09672868,0.0006672144,-0.01191777,0.09145683,46.29908,16.89144,17.38196,20.79198,OPEN
-0.0933412,-0.02503479,0.02028489,-0.04873432,0.001532853,0.101536,-0.0203554,0.005555093,0.1147266,0.01549634,0.007294357,0.1087132,0.04881954,0.002126873,0.08565879,53.7921,15.69213,18.17506,21.69685,OPEN
-0.09434167,-0.02344269,0.02323312,-0.04355673,0.007590771,0.1046119,-0.01433866,0.007794559,0.1158963,0.01970391,0.004167557,0.1075154,0.05099134,-0.0009862781,0.08350116,55.91367,15.5175,17.4898,21.2023,OPEN
-0.08795723,-0.02414113,0.03853011,-0.02760591,0.007392526,0.1081866,0.001342341,0.01064932,0.1166515,0.03416014,0.008543015,0.1051248,0.06310174,0.003454089,0.07716513,54.60006,14.99523,17.29866,21.37699,OPEN
-0.08423951,-0.02068329,0.04385316,-0.02345012,0.01366025,0.109022,0.005782411,0.01574332,0.1160719,0.03655106,0.01121706,0.1034018,0.06346129,0.00491339,0.07536632,53.64079,14.88508,16.60431,20.78395,OPEN
-0.08354104,-0.01693046,0.04483926,-0.02301848,0.01779807,0.1080765,0.006405458,0.01954687,0.1150568,0.03687029,0.013758,0.1022851,0.0633042,0.00597465,0.07456732,53.1314,15.01251,16.63053,20.74866,OPEN
-0.08346076,-0.00973475,0.04772401,-0.01974922,0.03158534,0.1063876,0.01082838,0.03313112,0.1121837,0.04135765,0.02500063,0.09934318,0.06720841,0.01187211,0.0716145,53.89894,15.37964,16.84748,21.1776,OPEN
-0.08244492,-0.00112623,0.05699998,-0.01423256,0.07238764,0.08898985,0.01787399,0.07736236,0.09097505,0.04665153,0.06821543,0.07963783,0.07453574,0.04442316,0.05541205,57.85823,15.63475,15.47293,22.44946,OPEN
-0.0858328,0.0240882,0.04740047,-0.02126975,0.1100327,0.0347473,0.009119883,0.1176512,0.03254396,0.0363764,0.1049471,0.02993554,0.06592469,0.073403,0.02526683,58.87773,14.85959,14.16874,22.06341,OPEN
-0.08330716,0.02614564,0.04895294,-0.02032524,0.1111636,0.03227228,0.01038082,0.1186407,0.028844,0.03780198,0.1055561,0.02626091,0.06716099,0.07324558,0.02259433,58.31292,15.03058,14.30723,22.22622,OPEN
-0.08247642,0.02744746,0.04833072,-0.01988564,0.1120427,0.03008413,0.01126598,0.1193916,0.02588207,0.03889488,0.1059088,0.0237689,0.06823836,0.07290703,0.02108562,58.19629,15.2525,14.45123,22.43955,OPEN
-0.07763946,0.03388649,0.0505693,-0.01357415,0.1133212,0.02855581,0.01722777,0.1192807,0.022493,0.04409525,0.1048297,0.01853144,0.07203832,0.07049888,0.0155018,56.90385,15.10381,14.43577,22.52668,OPEN
-0.07243034,0.0402053,0.0540427,-0.002168745,0.1133912,0.03061539,0.02781647,0.1167728,0.02412659,0.05277511,0.100829,0.01721364,0.0778169,0.06475037,0.01149487,56.75087,14.5926,14.28124,22.5095,OPEN
-0.07294011,0.03972507,0.05331135,-0.002360016,0.1132342,0.03161478,0.02837828,0.1164941,0.02521896,0.05358419,0.1003612,0.01855993,0.07865673,0.06389678,0.0126949,56.79291,14.9243,14.39944,22.67491,OPEN
-0.0734285,0.03482676,0.05375838,-0.01047894,0.1125029,0.03101754,0.02185464,0.1181296,0.02273834,0.0489445,0.1027107,0.0184685,0.07625389,0.067568,0.01255816,56.17736,16.07059,14.84516,22.84736,OPEN
-0.08353603,0.03291801,0.04367667,-0.01166335,0.1117643,0.03285992,0.01810089,0.1171201,0.02994484,0.04403566,0.1027204,0.02626014,0.07339628,0.06789222,0.02069169,58.61119,14.37807,14.03909,23.5016,OPEN
-0.1040708,-0.003500015,-0.0001257658,-0.05749603,0.1016177,0.01640913,-0.02629272,0.1166972,0.02660474,0.003056139,0.1098981,0.03661636,0.04255059,0.08378351,0.04391637,62.72638,17.14035,14.96593,24.40183,OPEN
-0.1034565,-0.01452491,-0.002823174,-0.06752078,0.09455091,0.02096552,-0.03676235,0.1122015,0.03312188,-0.007650528,0.106759,0.04473674,0.03372588,0.0826993,0.05278677,63.25319,17.78988,14.99001,24.71783,OPEN
-0.09722885,-0.04805484,-0.001413256,-0.09545223,0.07139134,0.009857923,-0.07272823,0.09821734,0.02306458,-0.04772468,0.09908304,0.03788403,-0.001425338,0.08981654,0.05182901,63.26472,17.56885,13.34039,25.02487,OPEN
-0.0971644,-0.05115184,-0.001724273,-0.09853286,0.07008022,0.01010403,-0.07719595,0.09729725,0.02337429,-0.05253102,0.09831935,0.03843978,-0.004156939,0.09123343,0.05222717,63.37417,17.04193,13.00677,25.51036,OPEN
-0.09743927,-0.0506247,-0.002572417,-0.09792506,0.07126603,0.00993678,-0.0772344,0.09750783,0.02367559,-0.05272309,0.09792048,0.03928807,-0.004003435,0.09061188,0.05344883,63.72572,16.57943,13.03319,25.75477,OPEN
-0.1011089,-0.0378029,-0.003690213,-0.09040347,0.07910794,0.009001195,-0.06632324,0.1038138,0.02453214,-0.04251703,0.1026672,0.03913113,0.002959897,0.09081626,0.05311194,61.95766,17.52705,12.66707,24.5744,OPEN
-0.1061301,-0.01477322,-0.003611952,-0.07200238,0.09347448,0.01794299,-0.04151913,0.114554,0.02847907,-0.01480722,0.1117283,0.03723571,0.02628868,0.0913159,0.04672751,61.0389,17.93351,12.96106,23.19353,OPEN
-0.1068613,-0.009946316,-0.007064879,-0.06760601,0.09691447,0.01735771,-0.03638685,0.1162113,0.02832139,-0.00899836,0.1126525,0.03624797,0.030937,0.09083033,0.04478657,61.45705,17.83965,13.21112,22.8962,OPEN
-0.09964104,0.005162418,0.02358842,-0.05348285,0.108234,0.005286217,-0.02236795,0.1238945,0.009711087,0.006995752,0.1176929,0.01712596,0.04626451,0.09150434,0.02605796,60.96815,16.14433,14.08677,23.72038,OPEN
-0.09823111,0.005797207,0.02705818,-0.05300175,0.1082404,0.005822718,-0.02262545,0.1238745,0.009212792,0.006249413,0.1178174,0.01582676,0.04531741,0.09231538,0.02380449,60.88541,15.77297,13.75478,23.35184,OPEN
-0.09545943,0.00664103,0.02603179,-0.05610362,0.1064271,-1.072884E-05,-0.02997694,0.1228154,0.000752151,-0.00315173,0.1184154,0.007342339,0.03971612,0.09616017,0.01629972,59.46222,14.08375,12.59813,24.40898,OPEN
-0.0929926,0.006136835,0.02714562,-0.05901814,0.1046714,0.0002436638,-0.03545235,0.1213906,0.000806272,-0.008937299,0.1178961,0.007414401,0.03678715,0.09737891,0.01674169,58.25322,13.13783,12.36418,25.47511,OPEN
-0.08476818,0.006954968,0.04161024,-0.05811724,0.1052427,0.004695952,-0.03603587,0.120868,0.008137524,-0.006839216,0.1169617,0.01544034,0.03979962,0.0947724,0.02414149,59.07938,12.37578,13.72995,26.30824,OPEN
-0.08012559,0.006485641,0.04697752,-0.06018627,0.09904581,0.02365935,-0.03864968,0.1149657,0.02898198,-0.008004725,0.1118448,0.03463882,0.04034981,0.09277314,0.03314024,53.33706,12.54604,14.45771,26.29347,OPEN
-0.0831956,-0.01274925,0.04463458,-0.06635202,0.08205128,0.0428834,-0.04619858,0.09876806,0.04725146,-0.01692283,0.09869999,0.04830629,0.02916522,0.08954465,0.03574067,53.93592,12.87244,14.13083,25.93968,OPEN
-0.07744869,-0.06070381,0.03030622,-0.09768701,0.04292405,0.0492087,-0.08281238,0.06808472,0.05946052,-0.05618874,0.07388872,0.0655641,-0.00575082,0.08381367,0.05996048,57.77551,14.62528,12.86726,27.04363,OPEN
-0.07847139,-0.06175965,0.02652961,-0.1003992,0.04135442,0.04699522,-0.08592469,0.06651282,0.05819845,-0.05906148,0.07222372,0.06539828,-0.007266304,0.08243519,0.06204724,57.48466,14.61261,12.99242,27.63043,OPEN
-0.07812311,-0.06413507,0.02286297,-0.1058617,0.03821605,0.03992391,-0.09384406,0.06518221,0.04958123,-0.06701152,0.0724076,0.0590573,-0.01331788,0.08319974,0.06094724,57.04498,14.43016,13.31862,28.42053,OPEN
-0.07769445,-0.06557041,0.01987791,-0.1075167,0.03658879,0.03523636,-0.09655666,0.06336558,0.04529327,-0.07101929,0.07158202,0.05474371,-0.01727545,0.08276647,0.0600332,57.30039,14.28159,12.93285,28.68091,OPEN
-0.07886234,-0.06163883,0.02499783,-0.1015813,0.04118168,0.04551554,-0.08749701,0.06620544,0.05752409,-0.0611073,0.07271975,0.06492132,-0.0081187,0.0805822,0.06546259,57.32582,14.53904,12.86436,27.72318,OPEN
-0.08296208,-0.04589504,0.03751755,-0.08663899,0.05947566,0.05272657,-0.06876193,0.08193845,0.06133193,-0.04054159,0.0856514,0.06564802,0.007715981,0.08634418,0.05786616,57.52861,14.03373,13.31693,25.09119,OPEN
-0.0821319,-0.04404694,0.04056984,-0.08458176,0.06133628,0.0542984,-0.06602959,0.08358598,0.06236219,-0.03756506,0.08717102,0.06572992,0.01013112,0.08712584,0.05638778,57.40111,14.06912,13.35541,24.89387,OPEN
-0.08158156,-0.03967386,0.04481602,-0.07936722,0.06655782,0.05462825,-0.05975178,0.08770454,0.0613625,-0.03053798,0.09010452,0.06384206,0.01676822,0.08850729,0.05152863,57.9799,13.95365,13.71662,25.26912,OPEN
-0.07420835,-0.01253432,0.05848265,-0.05784,0.08318752,0.05115616,-0.03504345,0.100491,0.05324745,-0.005976886,0.09711438,0.05450565,0.03672315,0.08604997,0.03907138,54.76471,13.91878,14.11963,24.77343,OPEN
-0.07423216,-0.005911171,0.05769449,-0.05408539,0.08713043,0.04741913,-0.02991481,0.1029851,0.05005378,-0.001149759,0.09815693,0.05194134,0.040205,0.08514935,0.03678715,54.13536,14.17065,14.182,24.42592,OPEN
-0.06981602,0.006713808,0.0593124,-0.04592857,0.09313053,0.04269505,-0.02290173,0.1074333,0.04364419,0.004470974,0.1024872,0.0433684,0.04386601,0.08652109,0.02839869,51.89518,13.19373,13.49771,23.86454,OPEN
-0.07117465,0.007334888,0.05756068,-0.04726134,0.09434533,0.03912282,-0.02499533,0.1086354,0.04024607,0.002685159,0.1039718,0.04042381,0.04322866,0.08736372,0.02699137,52.38505,12.82534,13.58469,24.24533,OPEN
-0.07667786,0.01063085,0.04845506,-0.05009493,0.09774053,0.02707434,-0.02939367,0.1115203,0.02971405,-0.0007211268,0.107524,0.03149736,0.04118542,0.08921635,0.02393764,53.17337,12.00902,13.98941,24.43217,OPEN
-0.07939701,0.01422101,0.03914613,-0.05145112,0.09969306,0.01829839,-0.03082988,0.1134185,0.02210128,-0.001943991,0.1091996,0.02639699,0.04063058,0.08931911,0.02460802,52.39363,11.98839,14.17537,24.73421,OPEN
-0.08172472,0.024369,0.01513004,-0.04936995,0.1031353,0.003938258,-0.02785937,0.1162206,0.0102132,0.0006084442,0.1109295,0.01830709,0.04120973,0.08848229,0.02534896,48.17891,12.42296,14.40036,24.65753,OPEN
-0.08582778,0.02105778,0.0115585,-0.05508849,0.1003265,0.007576913,-0.03303665,0.1135591,0.0169408,-0.006148443,0.1069394,0.02973065,0.03270639,0.0857408,0.03856805,47.33573,13.21978,14.63083,23.92816,OPEN
-0.09841588,-0.01185405,0.006263912,-0.07373611,0.08396402,0.02274716,-0.05020463,0.1035832,0.03033113,-0.02234286,0.1035031,0.03617242,0.0237665,0.0873504,0.04409525,55.57079,15.37109,13.71338,26.25219,OPEN
-0.101008,-0.00814867,0.001675725,-0.06933868,0.08191511,0.03495163,-0.04300617,0.1013281,0.04278854,-0.01371871,0.1004839,0.04623529,0.03086007,0.08197826,0.0496276,56.01188,16.54877,14.39236,25.72893,OPEN
-0.09637685,0.009283632,-0.001056492,-0.06335349,0.0895167,0.02969739,-0.03672614,0.1044426,0.0424746,-0.009306386,0.09886819,0.05075642,0.02837348,0.07614526,0.05787948,51.12003,16.20401,14.14326,23.51895,OPEN
-0.09036225,0.02530402,0.0003601909,-0.05284537,0.1000828,0.01875275,-0.02963055,0.1093546,0.03555828,-0.004624605,0.09960118,0.04863656,0.02494219,0.0748401,0.05776533,47.19928,14.69427,14.42405,20.6768,OPEN
-0.09353853,0.01527545,-0.01858932,-0.0642232,0.09494212,0.009350359,-0.04530196,0.1061399,0.02824414,-0.02153843,0.09865108,0.04525715,0.008136906,0.07818869,0.05698049,49.02316,14.12225,14.5539,19.66204,OPEN
-0.09206308,0.01764488,-0.02143246,-0.06188571,0.09617129,0.009828091,-0.04383425,0.1062984,0.03005928,-0.02198085,0.09754255,0.04771838,0.006700091,0.07592922,0.06056726,49.39418,14.09333,14.16956,19.7921,OPEN
-0.08829184,0.02342245,-0.02694425,-0.06038703,0.09804875,0.006731004,-0.04239016,0.1077985,0.0283795,-0.02073603,0.09806582,0.04835269,0.006450951,0.0746105,0.06287852,47.32172,14.46634,14.95429,20.0417,OPEN
-0.08158714,0.02820951,-0.03885907,-0.0586144,0.09954268,-0.001549959,-0.04369959,0.108593,0.02259806,-0.02508166,0.09791842,0.04600716,-0.001112342,0.07349208,0.06400207,45.61277,14.47067,15.32835,20.03569,OPEN
0.01609224,0.06791586,-0.06265455,-0.04114056,0.1058883,-0.006480008,-0.05179504,0.10417,0.02214739,-0.05715449,0.08409095,0.04560143,-0.05736531,0.04950294,0.06283998,49.46867,14.96842,15.28068,20.01231,OPEN
0.03602158,0.06934813,-0.05521408,-0.03165932,0.1077415,0.00094679,-0.04798018,0.1047198,0.02622741,-0.06139394,0.08216542,0.04258689,-0.06949861,0.04623571,0.051992,54.24321,14.8022,15.10137,19.73791,OPEN
0.05003659,0.07112736,-0.04544196,-0.02588814,0.1083601,0.01561669,-0.04852409,0.10147,0.03623331,-0.06801899,0.07705656,0.04331249,-0.08013328,0.04080972,0.04127014,58.89632,15.38505,15.69003,19.81035,OPEN
0.08819953,0.05937728,0.007277459,-0.004183292,0.1191588,0.02630982,-0.03882208,0.1175467,0.01937842,-0.0629355,0.09565529,0.001998425,-0.07886145,0.05856481,-0.01075822,57.98857,16.36905,16.9492,21.29615,OPEN
0.08720759,0.05877766,0.007876158,-0.002777413,0.1198333,0.02372456,-0.03751866,0.1185725,0.01705593,-0.06241986,0.09707248,0.0007064641,-0.0771748,0.06086338,-0.01258364,57.1602,16.35839,16.87195,20.43251,OPEN
0.08417133,0.05985978,0.008468628,-0.003415845,0.1194995,0.02421769,-0.03803539,0.1180849,0.0181472,-0.06329925,0.09672421,0.002012402,-0.07750084,0.06246841,-0.009949923,55.98816,16.27568,16.9507,19.11703,OPEN
0.08142594,0.06277642,0.005264252,-0.001992501,0.1189438,0.01995334,-0.03701325,0.1168775,0.01555735,-0.06186202,0.09526116,0.0002296269,-0.07720479,0.06023481,-0.01175994,53.36734,16.59158,16.95137,20.23072,OPEN
0.08329184,0.06071505,0.004459918,0.000941664,0.1196293,0.0180856,-0.03394197,0.1183754,0.01373076,-0.05995052,0.09693044,-0.001067132,-0.07599713,0.06191102,-0.01238412,53.51451,16.46062,17.15528,20.17332,OPEN
0.08846863,0.05297202,-0.005074739,0.009928524,0.1209828,0.007551581,-0.02291258,0.1226693,0.003616065,-0.05159017,0.1028646,-0.006196558,-0.07063054,0.06886321,-0.01306155,54.73974,15.3727,16.73544,19.51928,OPEN
0.08888887,0.05202597,-0.005485028,0.01059225,0.1208966,0.006657183,-0.02145602,0.1229979,0.002313614,-0.05010936,0.1034319,-0.007290274,-0.06928263,0.06970564,-0.01367021,54.97514,15.03579,16.62069,19.35645,OPEN
0.08449435,0.0606958,-0.008350492,-0.003755063,0.1205832,0.0033454,-0.03824666,0.118091,0.001050472,-0.06358428,0.09534827,-0.008133531,-0.08032612,0.05847824,-0.01482198,56.38324,16.19687,16.38308,20.60038,OPEN
0.08414195,0.06192198,-0.008025259,-0.007325031,0.1198514,0.003204584,-0.04192707,0.1162731,0.0002574027,-0.06604083,0.0930514,-0.009085864,-0.08257135,0.05573332,-0.01562351,57.40803,16.39003,16.20735,20.92793,OPEN
0.07649881,0.07018369,-0.008653462,-0.01965981,0.1158414,0.005777359,-0.05248663,0.1095819,0.001269937,-0.07357238,0.08533105,-0.007075429,-0.08716963,0.04721406,-0.01578245,57.54723,16.10609,15.73493,21.3623,OPEN
0.07151032,0.07617661,0.0004050434,-0.03082468,0.1097376,0.002483517,-0.06161889,0.1016966,-0.001268834,-0.08159344,0.07569984,-0.007926226,-0.0895794,0.03771827,-0.01984102,58.88286,15.63238,16.29004,21.17697,OPEN
0.07195187,0.07684723,0.005471468,-0.03495488,0.1072155,0.0004146695,-0.06562315,0.0985325,-0.001229584,-0.08627723,0.07115546,-0.005720973,-0.09256909,0.03277647,-0.01801318,61.20317,15.62715,16.97471,21.2211,OPEN
0.07068817,0.07864085,0.007983506,-0.03727432,0.1045715,-0.00113222,-0.06800883,0.09552029,-0.000318408,-0.08816531,0.06765413,-0.003707528,-0.09399483,0.02979341,-0.01521179,61.70962,15.83714,17.13542,20.9682,OPEN
0.06987932,0.07953206,0.008533299,-0.0364891,0.1038819,-0.004211664,-0.06743541,0.09530613,-0.002067029,-0.08754154,0.06760302,-0.005106688,-0.09391756,0.02998653,-0.0154779,60.98655,15.96468,17.10975,20.82535,OPEN
0.08618016,0.05448967,-0.01565433,0.005918682,0.1194001,0.001269341,-0.02826233,0.1195291,0.00264284,-0.05445638,0.09886613,-0.004673213,-0.07358204,0.06493253,-0.007394046,55.43815,16.15084,15.95226,19.78715,OPEN
0.08838114,0.05244055,-0.01505458,0.007144816,0.1194903,0.002372772,-0.02666759,0.1199909,0.004684567,-0.05353022,0.09972394,-0.001729637,-0.07273293,0.06586677,-0.004954934,56.50936,15.97941,15.98834,19.70152,OPEN
0.08751082,0.05204254,-0.01630732,0.01046947,0.1196683,0.001396388,-0.0210222,0.1215083,0.003515154,-0.04854676,0.102482,-8.59499E-05,-0.06947511,0.06918475,-0.0007477105,54.90897,14.84388,15.61993,19.77629,OPEN
0.08848533,0.04959017,-0.01767993,0.01307459,0.1200022,-0.0004565716,-0.01797189,0.1228849,0.002069175,-0.04605736,0.1044656,-0.001026988,-0.06796967,0.07122076,-0.001056433,55.07357,14.58507,15.5406,19.86928,OPEN
0.06975913,0.06419912,-0.0379397,-0.01080216,0.1123561,0.005223155,-0.03936455,0.108177,0.01723534,-0.05988086,0.08634564,0.01910573,-0.07604915,0.05258396,0.02271414,57.13491,15.57538,14.65501,20.4358,OPEN
0.05321585,0.06815064,-0.0534946,-0.02951107,0.1056032,-0.006352484,-0.05429184,0.100311,0.01104081,-0.07063909,0.07708105,0.01905721,-0.08109613,0.04257056,0.02657279,57.7064,15.55478,14.74321,20.12651,OPEN
0.00479053,0.07141805,-0.06855184,-0.06189585,0.09160009,-0.001522303,-0.07519759,0.08534545,0.02440962,-0.07951079,0.06147605,0.04040867,-0.07531366,0.02826798,0.05422828,54.58672,14.81483,14.29241,19.31877,OPEN
-0.09208949,-0.009293765,0.003943026,-0.0788357,-0.003858626,0.08514318,-0.05853151,-0.007842422,0.105072,-0.02780735,-0.01162291,0.1085543,0.009626053,-0.01411521,0.09809211,44.80302,13.78104,14.86137,19.94428,OPEN
-0.08287062,-0.02543449,0.01311994,-0.06676151,-0.01776409,0.08460253,-0.03531944,-0.01888317,0.1030777,-0.002604421,-0.0197767,0.09927428,0.03289648,-0.016325,0.08321476,42.19731,19.09598,17.17399,22.67699,OPEN
-0.08440217,-0.02021459,0.01127195,-0.06793896,-0.0186708,0.08245224,-0.03588384,-0.02256453,0.1007957,-0.003535099,-0.02493769,0.0965001,0.03125831,-0.02289867,0.08109593,42.11536,19.62932,17.22392,22.41843,OPEN
-0.0813579,-0.01933587,0.01539475,-0.06115785,-0.02036697,0.08441365,-0.02843028,-0.02493995,0.100358,0.003113315,-0.02812487,0.09286737,0.03576355,-0.02627867,0.07574332,42.40006,19.7875,17.44633,22.3129,OPEN
-0.08846581,-0.01926824,0.01469529,-0.06554593,-0.02437797,0.08570629,-0.03788094,-0.0318993,0.1004484,-0.005908929,-0.0379369,0.09319955,0.02825497,-0.03696838,0.07843435,42.10458,16.63826,16.99448,21.62438,OPEN
-0.09170713,-0.01386446,0.02018154,-0.06621418,-0.02994895,0.08863443,-0.04494612,-0.03997052,0.1013901,-0.01518711,-0.05072504,0.09335035,0.0177961,-0.05354381,0.07642543,40.47176,13.11392,15.78501,20.00572,OPEN
-0.08506235,-0.0218792,0.02778506,-0.06007025,-0.04414177,0.07737458,-0.04069535,-0.04779541,0.09699422,-0.01213998,-0.05682492,0.08776087,0.01737066,-0.05809969,0.06826651,33.79429,13.71776,15.42884,19.09946,OPEN
-0.08222917,-0.02400351,0.02810895,-0.05774388,-0.04489791,0.07787335,-0.03413109,-0.04818106,0.09910941,-0.004877448,-0.05555809,0.09083396,0.02457684,-0.05576831,0.06905818,33.68406,15.92974,15.56285,19.55017,OPEN
-0.07302198,-0.02267313,0.04215521,-0.03545208,-0.04289305,0.08748955,-0.01023313,-0.03902841,0.1043118,0.0184155,-0.04012597,0.09287584,0.04252522,-0.04110914,0.06719536,36.79668,15.71913,15.82282,19.57762,OPEN
-0.07373953,-0.02586752,0.04270393,-0.02728753,-0.0484485,0.08228505,-0.004213013,-0.04026258,0.1046696,0.02433731,-0.03725719,0.09334594,0.04561265,-0.03598756,0.06599563,39.95445,16.64243,15.77948,18.72479,OPEN
-0.08253285,-0.01689702,0.04254901,-0.02407342,-0.03503746,0.09280306,0.001916185,-0.03966528,0.100581,0.02960382,-0.0380159,0.08938187,0.05219826,-0.03177339,0.06390172,47.347,14.67988,16.00501,19.46684,OPEN
-0.08662048,-0.01240891,0.04155964,-0.02622332,-0.02733976,0.1002899,0.001705281,-0.03347433,0.1022865,0.03225817,-0.03224421,0.09376901,0.05759062,-0.02980125,0.06816787,49.25286,15.33253,17.13364,20.13624,OPEN
-0.08127005,-0.01373285,0.02967393,-0.04731812,-0.03004926,0.09006983,-0.02368182,-0.03458387,0.1059046,0.005569756,-0.03782719,0.09323716,0.03566047,-0.03810841,0.07882184,41.77274,14.4927,15.68099,19.33329,OPEN
-0.08634241,-0.01556772,0.008241475,-0.07577559,-0.003430247,0.07957768,-0.05604653,-0.006694853,0.09923899,-0.02589212,-0.01690173,0.09843302,0.009431943,-0.02445817,0.09034747,41.53442,14.21446,15.82833,20.98418,OPEN
-0.09061266,-0.02034938,0.01164961,-0.07258734,0.009316206,0.08842874,-0.05426475,0.008786798,0.1064426,-0.02656657,-0.00303793,0.1060527,0.007022232,-0.01387066,0.09447432,46.33366,12.33951,14.1798,19.43952,OPEN
-0.09800917,-0.02097172,0.01702249,-0.05581327,0.03229862,0.09578168,-0.02827526,0.03917164,0.1107252,0.005260088,0.03592515,0.1088053,0.04043478,0.02227861,0.09105688,56.82541,15.39008,16.20892,21.16223,OPEN
-0.09938915,-0.02036244,0.02296484,-0.04897115,0.04875165,0.09305298,-0.01925892,0.0582943,0.1045012,0.01413105,0.05613315,0.0999428,0.0495595,0.04025996,0.08098799,60.09182,15.91485,16.1718,21.86409,OPEN
-0.09531164,0.01153797,0.02907127,-0.03896026,0.09782147,0.03644764,-0.007098965,0.1091948,0.03841931,0.01871103,0.1019704,0.03711593,0.0521843,0.0775755,0.03147173,58.12943,16.98783,13.30674,22.23769,OPEN
-0.09972472,0.001280308,0.004195929,-0.05426174,0.09761664,0.01766288,-0.02143271,0.1119961,0.02719048,0.004616328,0.10515,0.03507337,0.04049709,0.08018327,0.04167935,60.19424,18.41881,13.77472,23.43501,OPEN
-0.09950736,-0.005571306,0.0002309084,-0.06193144,0.09390557,0.01208568,-0.03076814,0.1106845,0.02346963,-0.004706159,0.1056208,0.03349069,0.03288475,0.08284697,0.04328051,59.97377,18.46098,13.93075,23.92189,OPEN
-0.09819998,-0.01404667,-0.004895896,-0.07143885,0.08738685,0.006880432,-0.04293025,0.1072357,0.01986715,-0.0173667,0.1046354,0.03174734,0.02273809,0.08551723,0.04467833,59.18075,18.42182,13.89338,24.69104,OPEN
-0.09177784,-0.03708434,-0.0009339452,-0.09244984,0.06586453,0.0008977056,-0.07291579,0.09143415,0.01312572,-0.04889418,0.09471586,0.02758509,-0.003802598,0.08741757,0.04563415,57.47724,17.00081,13.71998,26.49249,OPEN
-0.09152318,-0.03579262,0.002645552,-0.09284136,0.06546059,0.0007255971,-0.07277418,0.09159684,0.01307973,-0.04840697,0.09539264,0.02707106,-0.005137051,0.08792287,0.04430169,56.54891,17.38297,13.79709,25.29921,OPEN
-0.09242567,-0.03367546,0.001611859,-0.09144431,0.06712884,0.002990574,-0.06961758,0.09335533,0.01621678,-0.0452488,0.09632838,0.02962488,-0.002766207,0.08756888,0.04543242,56.29018,18.11278,13.6332,24.68464,OPEN
-0.0930693,-0.03236964,0.003114223,-0.08991469,0.06887364,0.007560879,-0.06610339,0.09490111,0.0209558,-0.04136346,0.09693021,0.03352123,0.0008442253,0.08694363,0.04679203,56.5877,18.69323,13.5707,24.18518,OPEN
-0.09381418,-0.02962035,0.00522849,-0.08726373,0.0717718,0.01238227,-0.06152783,0.09700423,0.02522093,-0.03635882,0.09794202,0.03662437,0.005474929,0.08651692,0.04715985,56.83772,18.94529,13.47439,23.72804,OPEN
-0.0947981,-0.02566996,0.009591043,-0.08265726,0.07648635,0.01631117,-0.05487172,0.1005062,0.02720988,-0.02921886,0.1000731,0.03727674,0.01218338,0.08650666,0.04557395,57.527,18.9551,13.41262,23.55934,OPEN
-0.09691498,0.007282436,-0.01298955,-0.05504961,0.09300664,0.02392772,-0.02395811,0.1081569,0.03200361,0.002209261,0.1040961,0.03521335,0.03892196,0.08310428,0.03702012,58.31087,17.93237,13.32502,22.60863,OPEN
-0.09608947,0.01753175,0.007426202,-0.04153047,0.1003498,0.03060663,-0.007129997,0.1102502,0.03891972,0.01981615,0.1006489,0.04288068,0.05215173,0.07184559,0.04446611,57.26327,18.26644,14.22405,22.87451,OPEN
-0.09545533,0.01893419,0.005937815,-0.04181842,0.09982079,0.03176677,-0.007154092,0.1099298,0.03949693,0.01970135,0.09984615,0.04377741,0.05264851,0.07117617,0.04455113,56.49438,18.37211,14.28944,23.17287,OPEN
-0.09254645,0.02780664,-0.007093579,-0.04288131,0.09688503,0.03566718,-0.009402484,0.1061232,0.04719499,0.0164306,0.09475073,0.05329669,0.04796018,0.06297314,0.05840108,53.72066,18.29337,14.27044,24.16801,OPEN
-0.08792988,0.03556153,-0.02411798,-0.04130646,0.1027575,0.02544242,-0.01353867,0.1073797,0.04513851,0.01015463,0.09278935,0.05848241,0.03729716,0.06223568,0.06554475,53.12971,17.01953,15.18253,21.98955,OPEN
-0.08730522,0.03653044,-0.02755541,-0.03698035,0.1062637,0.01722196,-0.008780863,0.1111015,0.03678542,0.01517662,0.09636435,0.05163479,0.04004023,0.0649468,0.06133407,53.74005,17.15634,15.66941,21.78675,OPEN
-0.09098457,0.0303185,-0.03000581,-0.04305161,0.102439,0.02414459,-0.01364124,0.1081355,0.04339051,0.01200375,0.09390363,0.05690947,0.04043746,0.06285593,0.06413689,56.55032,17.64268,15.93607,22.67303,OPEN
-0.09025136,0.01862445,-0.04227737,-0.05657285,0.09658107,0.02020442,-0.03048279,0.1052798,0.04158852,-0.004525607,0.09368402,0.05761114,0.02753356,0.06727883,0.06592759,58.35418,17.2643,16.11252,22.54953,OPEN
-0.08955413,0.006266356,-0.04783036,-0.06519027,0.0910171,0.0153853,-0.04292509,0.1025244,0.03598306,-0.0188067,0.0943484,0.05195084,0.01551071,0.07324708,0.06202653,60.43082,16.11736,14.79853,22.21294,OPEN
-0.08637872,0.003449962,-0.05054384,-0.06902948,0.08868799,0.008561522,-0.04879039,0.1016805,0.02904782,-0.02528104,0.0956637,0.04546094,0.009701911,0.07790059,0.05684426,58.86517,15.73705,14.43765,21.91758,OPEN
-0.08318955,0.005226567,-0.05043608,-0.07274476,0.08581534,0.004626423,-0.05420005,0.09963325,0.02528027,-0.03095238,0.09521303,0.04214075,0.004476476,0.07989299,0.05443969,55.15961,15.4727,14.34227,21.77985,OPEN
-0.08136361,0.008118793,-0.04780383,-0.07588875,0.08310446,0.00394249,-0.05796844,0.09769684,0.02398485,-0.03399268,0.09482181,0.04062846,0.002245981,0.08127961,0.05254197,51.35508,15.27314,14.506,21.76499,OPEN
-0.07807396,0.01327857,-0.04496686,-0.08091618,0.07869607,0.005032778,-0.06283753,0.09501866,0.02362692,-0.03730766,0.09401944,0.04020786,0.0005917102,0.0828115,0.05060381,46.09071,15.26664,15.07462,21.94492,OPEN
-0.089484,0.01024288,-0.0182597,-0.07303347,0.08402029,0.01775169,-0.04826815,0.09966952,0.03375068,-0.01732544,0.09682524,0.04617083,0.02073072,0.07944834,0.05225649,46.95293,16.73074,16.76388,22.84286,OPEN
-0.09924086,0.004764438,0.01423055,-0.05041339,0.09139571,0.04340589,-0.01845055,0.1073969,0.04268053,0.01400241,0.1040196,0.03675574,0.05344313,0.08000821,0.02747759,57.73928,17.76937,16.45266,25.05373,OPEN
-0.08423306,0.006790638,0.05302548,-0.03811612,0.09355292,0.04899764,-0.0081999,0.1090358,0.04019526,0.02190369,0.104636,0.02789995,0.05871581,0.07842857,0.01614922,54.87915,17.3802,16.34669,24.99452,OPEN
-0.0765671,0.00745213,0.06713101,-0.02743366,0.0889833,0.06699574,-0.002106622,0.1079939,0.05373025,0.02298379,0.1065384,0.03526816,0.05592424,0.08398068,0.01522976,51.68707,16.52852,14.94909,22.87692,OPEN
-0.07983318,0.004826158,0.06278196,-0.02237315,0.1033054,0.05163783,0.007576317,0.1160088,0.03976414,0.03293644,0.1073436,0.02884176,0.06620087,0.07665661,0.01519936,62.48089,16.37068,13.51923,23.99318,OPEN
-0.08288273,0.008619845,0.05737269,-0.02701242,0.1070223,0.04133981,0.004697949,0.1186,0.03149348,0.03112629,0.1089215,0.02371842,0.064689,0.07774866,0.01442546,62.35366,16.63959,13.64872,23.73526,OPEN
-0.08777658,0.01657858,0.04277629,-0.03483956,0.1094874,0.02659371,0.0003916174,0.1205724,0.02199456,0.02797385,0.110871,0.01813614,0.061635,0.08061725,0.01430872,59.02904,17.66966,13.8382,22.99953,OPEN
-0.08945561,0.01774451,0.0384481,-0.03613196,0.1095,0.02413532,-0.0003095865,0.1205457,0.02109429,0.0273176,0.1110516,0.01785785,0.06122951,0.08099806,0.01482368,58.43587,17.88633,13.81826,23.00951,OPEN
-0.0933487,0.01609743,0.03070757,-0.03962825,0.1074922,0.02462575,-0.003283553,0.1191554,0.02504614,0.02406399,0.1106946,0.02329639,0.05968378,0.08144927,0.02105141,57.98693,18.24924,13.5543,23.46366,OPEN
-0.0931069,0.007944912,0.0337404,-0.04618639,0.1044241,0.02978462,-0.01192567,0.1189484,0.02901179,0.0169697,0.1119682,0.02843302,0.05465746,0.08442649,0.02615416,58.44672,17.60817,13.9305,23.53805,OPEN
-0.09320927,0.005090714,0.03184316,-0.04957695,0.1031985,0.02695724,-0.01596688,0.1185314,0.02680281,0.01323815,0.1120418,0.02793512,0.05155775,0.08562827,0.0268788,58.82756,17.53825,14.08125,23.55801,OPEN
-0.09544861,-0.02339217,0.02734664,-0.07614573,0.08569303,0.03122661,-0.04814217,0.107657,0.03690752,-0.01891591,0.1063905,0.04314652,0.02514014,0.09036434,0.04354683,59.68562,16.9545,13.90448,23.70506,OPEN
-0.09231463,-0.04606134,0.02687097,-0.09342512,0.07073981,0.03614032,-0.06931703,0.09744972,0.04492861,-0.04218914,0.09874976,0.0525555,0.007165591,0.09271622,0.0512839,61.0051,16.85299,12.53959,24.54955,OPEN
-0.08543997,-0.01430851,0.05358338,-0.05949795,0.09477419,0.04081893,-0.03205196,0.1152239,0.03511351,-0.001663856,0.1131574,0.03219074,0.04179899,0.09278327,0.02557343,60.82543,16.16095,14.12976,24.29018,OPEN
-0.08260399,-0.002041161,0.0591467,-0.04898812,0.1013706,0.03472805,-0.02012827,0.1183746,0.02744299,0.00878638,0.1139287,0.02208829,0.05117316,0.08976442,0.01436055,60.5101,16.15788,13.89067,25.10996,OPEN
-0.08298999,0.0108186,0.05737573,-0.04461285,0.1061203,0.02291209,-0.01199784,0.1206526,0.01574725,0.01476502,0.113502,0.01358908,0.05421829,0.08721641,0.009616673,58.82624,17.32607,13.00542,24.35757,OPEN
-0.09016422,0.02796492,0.03571221,-0.03492238,0.111591,0.005815536,8.831918E-05,0.1218454,0.00401327,0.02595735,0.1122109,0.005958706,0.06011322,0.08319315,0.008398861,56.75966,17.43035,13.01601,22.83832,OPEN
-0.09029634,0.03788364,0.001839072,-0.0241235,0.113003,-0.02565131,0.007353514,0.1204836,-0.02515131,0.03230885,0.1095704,-0.01725316,0.06632774,0.07841909,0.003047377,56.41775,15.2114,13.12174,25.85485,OPEN
-0.09124359,0.03806373,-0.001941234,-0.02304584,0.1123104,-0.02905184,0.01041771,0.1200717,-0.02544662,0.03558141,0.1094106,-0.01382777,0.06770124,0.077582,0.008893967,56.62318,16.28449,13.8379,25.89035,OPEN
-0.09266903,0.03668356,-0.004394084,-0.02461404,0.1115437,-0.03130728,0.009767726,0.1198685,-0.02621144,0.03538337,0.1095738,-0.01253912,0.06717902,0.07787168,0.01109591,56.56542,16.87675,14.4041,25.97868,OPEN
-0.09477782,0.03152621,-0.002880186,-0.02958208,0.1107482,-0.02958623,0.004119307,0.1206167,-0.02398655,0.03003602,0.1113185,-0.01034671,0.06340592,0.08069432,0.01280016,57.36084,16.79544,14.3683,26.06277,OPEN
-0.09811674,0.02047715,-0.004904658,-0.03846505,0.1079717,-0.02862746,-0.006821848,0.1207247,-0.02230325,0.01933438,0.1136146,-0.008963645,0.05562656,0.08592907,0.01383129,58.8903,16.39093,14.11673,26.19094,OPEN
-0.1003386,0.01174673,-0.008827627,-0.04490471,0.1054225,-0.02777687,-0.01479837,0.1201062,-0.02115497,0.01142127,0.1146176,-0.008184016,0.04956845,0.08950731,0.01378915,59.93978,16.13711,13.90525,26.0315,OPEN
-0.1001901,-0.01659289,-0.02666196,-0.06731398,0.09291911,-0.02815449,-0.04144637,0.1137914,-0.02135935,-0.0159279,0.1139877,-0.005921662,0.02768459,0.09815064,0.01606715,61.32069,16.01435,13.89852,26.45691,OPEN
-0.1001423,-0.0236516,-0.02591044,-0.07333898,0.08900931,-0.02637851,-0.04879154,0.1111512,-0.02006251,-0.0227808,0.1127227,-0.004443884,0.02284957,0.09928003,0.01643598,61.85012,15.8755,14.15459,26.83196,OPEN
-0.09951226,-0.0296782,-0.02340844,-0.07984102,0.08354348,-0.02603936,-0.05668466,0.1072574,-0.01992124,-0.03025381,0.1105863,-0.005101115,0.01613573,0.1005288,0.01464492,61.19733,15.91131,14.20223,26.61315,OPEN
-0.09614491,-0.04025492,0.03317216,-0.09288749,0.07450354,0.02897254,-0.07202547,0.1035645,0.02338979,-0.0423636,0.1103979,0.02212843,0.009316374,0.1049176,0.02118152,59.05674,16.39023,13.58913,25.59354,OPEN
-0.08109403,-0.04167637,0.05758721,-0.07876451,0.0736151,0.05703771,-0.06229497,0.1035095,0.0434503,-0.03403476,0.1113261,0.03332216,0.01613344,0.103914,0.02330434,59.86197,16.61991,13.88915,25.25474,OPEN
-0.05228742,-0.02407804,0.08334869,-0.05315614,0.07874402,0.07324177,-0.04359689,0.1055418,0.05666953,-0.02091265,0.1128192,0.03810191,0.01782426,0.1042156,0.01526931,54.89506,14.89418,13.63718,22.09959,OPEN
-0.04480037,-0.004725099,0.08776477,-0.04362355,0.08080953,0.07628617,-0.03313427,0.1064806,0.05895218,-0.01308353,0.1127398,0.03661558,0.021017,0.1027267,0.01000148,45.4125,14.98234,13.99263,21.6821,OPEN
-0.050136,-0.01065853,0.08730042,-0.04302398,0.08387426,0.07503313,-0.02986892,0.1092009,0.05766845,-0.008467697,0.1136159,0.03750169,0.02696036,0.10197,0.01099595,50.16296,15.21289,13.43163,22.28546,OPEN
-0.05406241,-0.01469433,0.08616385,-0.04371437,0.0862422,0.07265678,-0.02876171,0.1111565,0.05548093,-0.006652914,0.1146483,0.03655383,0.03047824,0.1016344,0.01097581,53.7139,15.32002,13.1846,22.80895,OPEN
-0.05817794,-0.01858824,0.08443022,-0.04312275,0.08969143,0.06705511,-0.02534577,0.113126,0.0506205,-0.002656326,0.1152718,0.03270286,0.0361241,0.09954304,0.009335876,58.66472,15.42118,13.15931,23.50244,OPEN
-0.08418085,0.01153514,0.05984849,-0.04091744,0.1008401,0.03786778,-0.01005596,0.1166151,0.02681136,0.01354818,0.1115282,0.01689118,0.05163954,0.08843821,0.003438354,54.96941,17.63173,12.43038,24.16887,OPEN
-0.08711269,0.02059302,0.04955012,-0.03554353,0.1054071,0.02946687,-0.003667936,0.1180814,0.02155966,0.02165009,0.1105201,0.01506242,0.05735546,0.08367276,0.007356703,55.15471,17.04528,12.99197,23.47565,OPEN
-0.08701541,0.02530262,0.04521132,-0.03168067,0.1094564,0.02436358,0.0006047636,0.1197446,0.01959166,0.02707313,0.1106182,0.01447573,0.06035306,0.08195612,0.008793712,55.83047,16.38051,13.47825,22.60276,OPEN
-0.08100111,0.04820681,0.001544088,-0.0148745,0.1166737,-0.002981335,0.01537889,0.1221637,0.0009585023,0.03800149,0.1084839,0.01076052,0.06838453,0.0720056,0.02702644,52.02676,14.56341,13.06526,25.75858,OPEN
-0.08726057,0.03563014,-0.01121205,-0.03371551,0.1112607,0.01395944,-0.00553827,0.1197849,0.02645233,0.01757307,0.1077106,0.03892806,0.05182133,0.07338122,0.05208895,52.60506,15.07903,13.51151,25.69718,OPEN
-0.1002971,0.003649294,-0.01048192,-0.06831131,0.09314272,0.02569929,-0.03999122,0.1078259,0.04394576,-0.01375654,0.09847966,0.05966565,0.02585595,0.07016286,0.07187817,54.57131,17.36324,14.98967,25.64835,OPEN
-0.1004936,0.001812279,-0.008662105,-0.06903618,0.09283212,0.02508342,-0.04089042,0.1078257,0.04318196,-0.01442404,0.09876806,0.05907357,0.02554737,0.07093018,0.07126164,54.77159,17.31979,15.08178,25.64869,OPEN
-0.1005435,0.001094788,-0.006933331,-0.06901743,0.09294793,0.0249114,-0.0409059,0.1079772,0.04286861,-0.01422853,0.09900665,0.05879623,0.0258336,0.07135379,0.07076108,54.86826,17.2762,15.16153,25.59316,OPEN
-0.1008166,-0.00264293,-0.001938641,-0.07172231,0.09082511,0.02606404,-0.04317047,0.1066692,0.04398894,-0.01542905,0.0986529,0.05914223,0.02463574,0.07203728,0.07025343,54.54977,17.59031,15.29242,25.16308,OPEN
-0.1010231,-0.005504817,-0.001932383,-0.07383666,0.08937025,0.02517188,-0.04520693,0.1062319,0.0429067,-0.0169969,0.09885237,0.05839485,0.0234528,0.07317594,0.06950033,54.80556,17.79384,15.49915,25.05831,OPEN
-0.1013649,-0.0190568,0.005766392,-0.07955277,0.08033893,0.03264993,-0.0493912,0.102612,0.0456174,-0.01881997,0.09944752,0.05702132,0.02380935,0.07878849,0.0634914,56.43569,18.85275,15.46752,24.28172,OPEN
-0.09439506,-0.03977805,0.03160673,-0.07937949,0.07073218,0.0526855,-0.05349651,0.09895271,0.05331814,-0.02250898,0.1026961,0.05333209,0.02249667,0.08991981,0.04891449,60.08014,17.91752,14.46759,23.428,OPEN
-0.08756974,-0.04417962,0.04392213,-0.07673111,0.06829619,0.05946034,-0.05419185,0.09880847,0.053294,-0.02449213,0.1037713,0.04986548,0.02102549,0.09373373,0.04107797,60.33202,17.95654,13.98701,23.70286,OPEN
-0.08442549,-0.04514927,0.0486621,-0.07466679,0.06750643,0.06208405,-0.05341966,0.09895235,0.05296615,-0.02459776,0.1040337,0.04817113,0.02059153,0.09463865,0.03787681,60.38272,18.30038,13.70442,23.72174,OPEN
-0.07530414,-0.0257588,0.06542879,-0.0636074,0.07372057,0.06100899,-0.04596137,0.1022442,0.04531044,-0.02168427,0.1083373,0.03024685,0.02154569,0.09809116,0.01702869,54.45203,17.83506,13.91546,23.81786,OPEN
-0.07450414,-0.02185738,0.06676537,-0.06051136,0.0744192,0.06240952,-0.04262489,0.1027783,0.04629034,-0.01917709,0.1088015,0.02972645,0.02333707,0.09778067,0.01569682,53.02217,17.9807,14.03509,23.71189,OPEN
-0.07239212,-0.01021439,0.06927526,-0.0509817,0.08252043,0.06163281,-0.02787086,0.1077988,0.04651034,-0.00554765,0.1107594,0.02929646,0.03507179,0.09516042,0.01331466,52.0549,18.07576,13.52646,23.79427,OPEN
-0.07187983,-0.003410399,0.06907147,-0.04579939,0.09189147,0.05480331,-0.01899175,0.1126834,0.04201591,0.005210944,0.1116806,0.02815318,0.04454573,0.09180894,0.01246983,54.36169,17.3243,13.15948,23.89707,OPEN
-0.07251339,0.002069384,0.06750569,-0.04264949,0.09744507,0.04852667,-0.01471569,0.1158097,0.03642741,0.01073505,0.1123174,0.02497026,0.04925276,0.08966711,0.01098788,55.4521,16.90065,13.19203,23.85615,OPEN
-0.07643169,0.01614192,0.0591675,-0.03722326,0.1085003,0.02649814,-0.006673232,0.1213758,0.01746705,0.02159087,0.1129493,0.01251277,0.05752437,0.08455494,0.00685972,57.70295,16.24753,13.99648,23.4339,OPEN
0.007350951,0.07103711,-0.04608557,0.007375404,0.1157594,0.009494811,0.004804328,0.1158547,0.03629613,-0.002255782,0.09885016,0.05541712,-0.006220073,0.06737676,0.07112962,37.5754,12.76248,12.35698,17.43886,OPEN
0.08443479,0.0569146,-0.02715948,-0.007849663,0.1198022,0.006936967,-0.0362135,0.1167271,0.02766758,-0.06363583,0.09339994,0.03422871,-0.08439051,0.05516383,0.02768579,61.91085,16.34602,16.9596,21.71547,OPEN
0.08684823,0.05664381,-0.02258477,-0.006116524,0.1206535,0.009075433,-0.03459283,0.117571,0.02927789,-0.06214671,0.0944688,0.0354231,-0.0834907,0.05621952,0.02887923,61.68412,16.15103,16.79881,21.77969,OPEN
0.08644597,0.05891228,-0.0188587,-0.004677817,0.1213645,0.01245731,-0.03363965,0.1179852,0.03160036,-0.06021567,0.09540826,0.03633809,-0.08204027,0.05656478,0.03127328,59.89028,15.9805,16.05796,22.05863,OPEN
0.07846449,0.06544009,-0.01926634,-0.002657555,0.1216821,0.01864198,-0.03340059,0.1173057,0.03726038,-0.05946978,0.09484461,0.04105574,-0.08169634,0.05514774,0.03607714,54.71445,16.48864,15.6654,22.41299,OPEN
0.07900123,0.06558153,-0.01382196,-0.006642453,0.1221982,0.01053005,-0.03887616,0.1189711,0.02412441,-0.06500582,0.0963935,0.02819324,-0.08630982,0.05582148,0.02456933,54.75423,15.99816,15.7685,22.46225,OPEN
0.07909419,0.0651547,-0.006751984,-0.007270031,0.1219358,0.008058101,-0.0395777,0.1195172,0.01694843,-0.06621507,0.09715462,0.01962566,-0.08794857,0.05608746,0.01647148,54.41756,15.33478,15.87743,22.89834,OPEN
0.0766809,0.06970853,-0.001254737,-0.01445573,0.1215937,0.001233459,-0.04808259,0.1171253,0.003583908,-0.07491454,0.0926185,0.003972054,-0.09414099,0.04884151,-0.0003483891,54.52034,15.57141,16.64294,23.70049,OPEN
0.07303103,0.07436496,-0.006625026,-0.02242975,0.1190817,-0.01109093,-0.05648994,0.1111133,-0.01230142,-0.08185598,0.08318841,-0.01439768,-0.09595741,0.03859735,-0.01602513,54.99078,16.21317,17.53571,23.38949,OPEN
0.06999744,0.07512587,-0.02017337,-0.03068716,0.1121866,-0.03298706,-0.0649965,0.1002427,-0.03359398,-0.08670457,0.06955582,-0.03330138,-0.09557895,0.02704629,-0.0273889,56.70087,16.99149,17.59853,22.06755,OPEN
0.06554306,0.0760572,-0.02700931,-0.03749295,0.1079059,-0.03789678,-0.07112682,0.09421772,-0.03684375,-0.09054416,0.06274098,-0.03482834,-0.09641653,0.02146712,-0.02725795,57.23017,17.05277,17.38744,21.34885,OPEN
0.06130496,0.07684979,-0.03234538,-0.04325627,0.1036983,-0.04129791,-0.07578038,0.08896151,-0.03882405,-0.0933339,0.05707142,-0.0351586,-0.09752508,0.01708853,-0.02536613,57.51795,16.87376,17.23499,20.93569,OPEN
0.05679762,0.07897082,-0.03676382,-0.05399837,0.09450966,-0.045627,-0.08445559,0.07863408,-0.03947726,-0.09999006,0.04683685,-0.02979007,-0.1008904,0.008237422,-0.01668939,60.33756,16.61502,17.48223,20.76158,OPEN
0.05505401,0.08038056,-0.03797141,-0.05851996,0.08981481,-0.04767025,-0.08815006,0.07377595,-0.03957176,-0.1030789,0.04234442,-0.0263887,-0.1022361,0.004008025,-0.01189762,61.74314,16.55677,17.81328,20.8696,OPEN
0.04939482,0.08251065,-0.0424442,-0.06530333,0.07795724,-0.05592725,-0.09376807,0.06359702,-0.04324952,-0.107662,0.03366938,-0.02356631,-0.103655,-0.004281491,-0.005892187,62.77887,16.4336,18.46955,21.3291,OPEN
0.04441547,0.0839088,-0.04517072,-0.0693597,0.06921288,-0.0611321,-0.0969431,0.05696398,-0.04592222,-0.1099753,0.02882445,-0.02202174,-0.104203,-0.00876227,-0.001569271,63.12838,16.14648,18.80114,21.83989,OPEN
0.03527324,0.08384326,-0.05163348,-0.07488015,0.06196991,-0.06429857,-0.1009312,0.05044389,-0.04673535,-0.1120736,0.02456626,-0.01942676,-0.1042065,-0.01228824,0.005215883,61.18841,15.89734,18.73676,22.73342,OPEN
0.06252567,0.07749715,-0.03403151,-0.04919694,0.09208146,-0.05190441,-0.07912295,0.08181471,-0.04219413,-0.0977997,0.0543187,-0.02548659,-0.1018932,0.01539353,-0.008827955,61.64783,15.82124,17.84279,21.69685,OPEN
0.0732668,0.06428429,-0.03228384,-0.02216687,0.1015892,-0.05403024,-0.05455452,0.09609982,-0.04985201,-0.07763533,0.07159641,-0.0415104,-0.09041214,0.03561822,-0.0277496,56.44263,15.84966,16.57019,20.78678,OPEN
0.07075208,0.06441921,-0.03125903,-0.01721491,0.1057166,-0.04735643,-0.04897694,0.1020287,-0.04296401,-0.07212333,0.07836798,-0.03733367,-0.08592713,0.04365906,-0.02623689,53.13414,15.4617,16.01213,19.92894,OPEN
0.05851299,0.06719244,-0.05002731,-0.03421309,0.1066937,-0.02944392,-0.06056157,0.1041692,-0.01171619,-0.07930457,0.08205959,0.005089343,-0.08991712,0.04484406,0.01824114,55.88029,15.24991,16.03347,20.82315,OPEN
-0.03416275,0.04828429,-0.07922781,-0.06423339,0.09400567,-0.005191326,-0.04857828,0.1102647,0.02345198,-0.03049082,0.09994224,0.05272889,-0.01939598,0.06803745,0.07541379,50.65194,17.21004,17.01828,20.06866,OPEN
-0.08408148,0.02987066,-0.04398707,-0.06271964,0.09720999,0.01141435,-0.03103537,0.1194876,0.01811749,-1.573563E-05,0.1139084,0.0316883,0.02804976,0.087394,0.04982749,48.41952,18.33311,15.94177,20.92914,OPEN
-0.1028425,0.01661178,0.02021351,-0.04062252,0.1139177,0.01114663,-0.001532957,0.1252389,0.01723745,0.02819184,0.115522,0.02032021,0.06604752,0.0808095,0.02883789,60.7618,18.97331,14.3667,25.56584,OPEN
-0.101888,0.005178928,0.03889802,-0.0433277,0.1118378,0.02143687,-0.006254569,0.1258844,0.01832536,0.02309432,0.1171852,0.01811448,0.06071995,0.08553442,0.02202931,64.0187,18.18937,13.84498,24.04544,OPEN
-0.09267684,0.01062489,0.04861444,-0.04161158,0.1049537,0.03256422,-0.008758627,0.1197209,0.02647966,0.01719152,0.1129821,0.02250618,0.05323738,0.0874261,0.0171662,57.97481,17.28732,12.63079,22.37256,OPEN
-0.09168641,0.01145616,0.04891452,-0.04029509,0.1040003,0.03555521,-0.007418893,0.1184832,0.02977112,0.01806618,0.1117902,0.02518412,0.05358067,0.0866428,0.01803568,57.2263,17.29553,12.51359,22.24977,OPEN
-0.09215709,0.01067501,0.04752141,-0.04095559,0.1033359,0.03645247,-0.00770732,0.1179137,0.03150773,0.01760373,0.1113272,0.02735901,0.05318299,0.0863288,0.02019882,57.17561,17.43282,12.39678,22.23547,OPEN
-0.09088639,0.002782524,0.05251455,-0.04189586,0.09578496,0.05015296,-0.007473797,0.1125465,0.04437798,0.01780607,0.1074251,0.03775924,0.05408166,0.083305,0.02732038,56.5685,18.6213,12.60686,22.80939,OPEN
-0.09471352,-0.005632102,0.04794931,-0.04504334,0.09239912,0.05410814,-0.01140328,0.1101912,0.04944032,0.01474183,0.1056397,0.04343921,0.05161483,0.08332336,0.03155422,59.10868,18.41687,12.87546,22.78004,OPEN
-0.1009444,-0.00545913,0.03402364,-0.04700381,0.09297955,0.05210507,-0.01430108,0.1086287,0.05243444,0.01385445,0.1034334,0.04887289,0.05116743,0.08075601,0.03863966,61.07278,17.3644,13.67502,22.84632,OPEN
-0.1043701,-0.01168168,0.02085757,-0.05537698,0.09221554,0.04774183,-0.02420951,0.1056842,0.05728209,0.005540073,0.09948188,0.05976468,0.04273284,0.07637894,0.05501038,63.11425,16.71467,14.34355,22.16729,OPEN
-0.1026056,-0.01325858,0.009987175,-0.0662342,0.08439887,0.0476234,-0.03747056,0.09717417,0.06427604,-0.007959697,0.09247071,0.07011229,0.03066906,0.07177949,0.06835353,59.71552,16.91376,14.36581,22.05058,OPEN
-0.09913705,-0.01837707,0.005995572,-0.0775969,0.07427061,0.04661626,-0.05069212,0.08997631,0.06583554,-0.02163892,0.08611405,0.0753147,0.01924454,0.0668394,0.07740122,56.03556,17.39004,14.53157,22.80554,OPEN
-0.09788525,-0.02333295,0.0004484057,-0.06864259,0.0200814,0.08963358,-0.04637118,0.03102386,0.1078685,-0.00868756,0.03933901,0.1099381,0.03568006,0.02566463,0.09546596,56.96402,14.62477,18.53106,24.52922,OPEN
-0.08805069,-0.02374786,0.01886731,-0.05269708,0.008770943,0.0974074,-0.02738982,0.02393872,0.1134147,0.01109727,0.03073895,0.1102385,0.04967836,0.01851934,0.08835429,52.70047,16.29125,19.18127,23.55379,OPEN
-0.08114544,-0.02530998,0.03339434,-0.04173416,0.01287639,0.09999537,-0.01347513,0.0307107,0.1131261,0.02242532,0.03420228,0.1056184,0.05651745,0.02201223,0.08125335,50.04202,17.63632,18.18538,22.60012,OPEN
-0.08182777,-0.01929808,0.04428989,-0.03117418,0.02944267,0.1020039,-0.0007483959,0.04846215,0.1087801,0.03292852,0.05093843,0.0964343,0.0637432,0.03391033,0.07087362,51.81271,17.804,17.57114,22.34068,OPEN
-0.08358881,-0.0146817,0.04412758,-0.03145224,0.0382213,0.1011069,6.070733E-05,0.05387443,0.1068175,0.03266355,0.05509126,0.09452629,0.0628406,0.03703541,0.07003301,52.67252,17.31645,16.94255,21.89745,OPEN
-0.08697253,-0.009742141,0.04455549,-0.02920202,0.0526365,0.09910434,0.004285023,0.0626266,0.1041847,0.03427587,0.06115669,0.09241253,0.0635246,0.04242933,0.06861556,55.54367,16.8757,15.36359,21.08733,OPEN
-0.08772513,-0.01026148,0.0451867,-0.0288033,0.05466926,0.09848827,0.004704043,0.06446904,0.1033055,0.03443463,0.06277549,0.09157455,0.06397343,0.04412889,0.06762981,56.20464,16.80863,15.21301,21.186,OPEN
-0.08966472,-0.01103729,0.04461873,-0.03025676,0.06260639,0.09351486,0.001928881,0.07192498,0.09877938,0.03190753,0.06913412,0.0884372,0.06332561,0.04986006,0.0655008,58.1595,16.10867,15.08713,21.71222,OPEN
-0.09812519,-0.005692244,0.03203535,-0.05093694,0.09287483,0.03860867,-0.02115712,0.1073098,0.04292643,0.006943256,0.1031025,0.04250145,0.04496734,0.08288753,0.03505218,60.68587,16.5016,13.94898,22.99255,OPEN
-0.09702308,-0.003472328,0.02258408,-0.06139602,0.09021246,0.02072585,-0.0355107,0.106573,0.02622664,-0.007220972,0.1054871,0.02751082,0.03258511,0.08702159,0.03053564,56.49453,15.64704,14.16073,23.70795,OPEN
-0.09603974,-0.002864331,0.009306103,-0.06547375,0.09301233,-0.02320272,-0.03725486,0.1129787,-0.01851019,-0.008837245,0.1127159,-0.005539775,0.0302562,0.09429991,0.01592252,58.79639,16.83829,14.96198,25.20374,OPEN
-0.09599375,0.002476782,0.003564835,-0.06107827,0.09110159,-0.03803965,-0.03271822,0.1109748,-0.03318477,-0.005024992,0.1114296,-0.0183636,0.03473593,0.09438848,0.007412583,57.747,16.88361,15.04863,26.45171,OPEN
-0.09657151,0.005104035,0.001556724,-0.05928509,0.08966812,-0.04348916,-0.03177812,0.109453,-0.03881106,-0.003826719,0.110579,-0.02457792,0.03712418,0.09442267,0.001915962,56.95805,16.50266,15.04327,26.95578,OPEN
-0.09650486,0.005533218,0.002045244,-0.05889948,0.08971447,-0.04396102,-0.03136101,0.1093755,-0.03956857,-0.003514385,0.1105431,-0.02527335,0.03725039,0.09442672,0.001299173,57.10061,16.45211,15.00437,26.8607,OPEN
-0.09652404,0.006376565,0.003138036,-0.05821914,0.08975625,-0.04485741,-0.03084714,0.1091301,-0.04085812,-0.003119506,0.1103038,-0.02678931,0.03714989,0.09443727,-0.0003485978,57.38865,16.26976,14.89032,26.52951,OPEN
-0.09641691,0.007643908,0.003079653,-0.05778876,0.08996248,-0.04487687,-0.0300699,0.1091528,-0.04123574,-0.002607938,0.110007,-0.0278888,0.03720227,0.09425139,-0.002376109,56.94073,16.34417,14.60819,26.04098,OPEN
-0.09649598,0.009671271,0.003380984,-0.05759392,0.09028873,-0.04380816,-0.02913288,0.1093272,-0.04073969,-0.002290718,0.1096293,-0.02881837,0.03680525,0.09405503,-0.0054636,55.97532,16.61028,14.04727,25.1065,OPEN
-0.09631273,0.01104319,0.004112035,-0.05787493,0.09111825,-0.04123139,-0.02903298,0.1100065,-0.03848523,-0.002502799,0.1098977,-0.02755496,0.0358149,0.09418094,-0.006172597,55.12577,16.73378,13.72553,24.25196,OPEN
-0.09553827,0.01388055,0.005948484,-0.05786114,0.09295994,-0.03632686,-0.02788809,0.1112843,-0.03493449,-0.001558535,0.1102537,-0.02631041,0.0356444,0.09376198,-0.008905262,53.72454,17.04401,13.26613,22.89562,OPEN
-0.09529569,0.01397449,0.00770247,-0.0580966,0.09427258,-0.03222954,-0.02832095,0.112384,-0.03070167,-0.001639448,0.1110061,-0.0231874,0.03581148,0.0938625,-0.007612348,53.64653,16.91272,13.28941,22.75488,OPEN
-0.09376259,0.01599121,0.01439202,-0.05595294,0.09765738,-0.02433231,-0.02697202,0.1145914,-0.02236813,0.0001797453,0.1121809,-0.01649553,0.03834449,0.0932205,-0.004117906,54.34059,16.29542,13.36562,22.96294,OPEN
-0.092457,0.01688102,0.01862645,-0.0548676,0.09913212,-0.02001125,-0.02643456,0.1154758,-0.01792735,0.0009706095,0.1126342,-0.01271945,0.03936861,0.09288532,-0.001924753,54.67892,15.91883,13.44609,23.04749,OPEN
-0.09152894,0.01680553,0.02158964,-0.05524768,0.09913066,-0.01739907,-0.02777909,0.1153716,-0.0151965,-0.0002058968,0.1126869,-0.0105353,0.0388447,0.09311768,-0.0009232163,54.64197,15.50561,13.49317,23.21673,OPEN
-0.08807923,0.01865739,0.03074992,-0.05309963,0.1005302,-0.00647217,-0.02660161,0.1158043,-0.005263686,0.001152962,0.1127004,-0.003188789,0.0411239,0.09229773,0.001880944,54.09524,14.90396,13.54513,23.58073,OPEN
-0.0846896,0.02113467,0.03739488,-0.05115215,0.1008051,0.0004323721,-0.02477015,0.1155223,6.28233E-05,0.002462357,0.1120223,0.0002721548,0.04242,0.09135115,0.00182575,52.87576,14.80399,13.36169,23.66473,OPEN
-0.08152717,0.0211553,0.0472033,-0.04902106,0.1011946,0.01458269,-0.02214754,0.1160061,0.01169419,0.004526123,0.1122684,0.008970141,0.04395349,0.09137049,0.005025327,51.42852,15.03984,13.11018,23.39459,OPEN
-0.08206911,0.01664478,0.04984736,-0.04966047,0.1000858,0.01837343,-0.02285546,0.1151232,0.01458639,0.004218832,0.1112302,0.01220918,0.04405437,0.09050313,0.006863713,52.89211,15.17174,13.33532,23.80403,OPEN
-0.08554055,0.01608014,0.04477102,-0.04851118,0.1017006,0.01369083,-0.02059814,0.1156601,0.0120011,0.006908,0.1101934,0.01318187,0.04547688,0.0882796,0.01032746,54.83852,15.34598,13.6364,23.53546,OPEN
-0.08851489,0.01470828,0.03828156,-0.05068684,0.1011924,0.008271277,-0.02308627,0.1154541,0.008719623,0.004422247,0.1103166,0.01240021,0.04319874,0.08902112,0.01238155,55.36631,15.25695,13.71678,23.43423,OPEN
-0.09057785,0.01457345,0.03236485,-0.05234387,0.1002306,0.003067791,-0.02519887,0.1148332,0.005036652,0.0019316,0.1102806,0.0101999,0.04074961,0.08996546,0.01242632,55.06818,15.21546,13.64497,23.30028,OPEN
-0.09554487,-3.33786E-05,0.02045727,-0.06837558,0.09179187,3.427267E-05,-0.04345858,0.1111965,0.00478977,-0.01797824,0.1101096,0.01361877,0.02405969,0.09579539,0.02142376,54.27276,15.49995,12.90251,23.62837,OPEN
-0.0957318,-0.004010201,0.02133846,-0.07216591,0.09029606,0.001789093,-0.04771702,0.1106292,0.007016599,-0.02226066,0.1100535,0.01600087,0.02071289,0.0968298,0.02384222,54.53256,15.48354,12.7616,23.70523,OPEN