0.07323375,0.04635009,-0.07280231,0.004899263,0.1273227,-0.004042417,-0.0167429,0.01259336,-0.03747037,-0.02538842,0.007159382,-0.02354202,-0.06382164,0.08159173,0.01954696,62.98356,72.20127,22.9805,62.09507,LOVE
0.0739459,0.04624909,-0.071843,0.005484819,0.1273836,-0.003961951,-0.01619101,0.01261863,-0.03771225,-0.02499107,0.007316738,-0.02384493,-0.06340231,0.08207467,0.01934832,62.83195,72.2696,22.93315,62.43731,LOVE
0.07470329,0.0459882,-0.07101855,0.005575515,0.1274094,-0.004536211,-0.01558486,0.01254097,-0.03805652,-0.02456856,0.007345885,-0.02426124,-0.06350283,0.08234394,0.01858711,62.7361,72.13009,22.88022,62.63432,LOVE
0.07535146,0.04592794,-0.07044205,0.004708797,0.1274405,-0.005310327,-0.01469149,0.01231107,-0.03862128,-0.02388708,0.00707382,-0.02496859,-0.06456871,0.08216056,0.01710138,62.82553,71.95357,22.76038,62.98263,LOVE
0.07213277,0.04679847,-0.07325289,0.002825581,0.1272919,-0.006734759,-0.01576072,0.01241931,-0.03851143,-0.02496646,0.006981224,-0.02456501,-0.06591655,0.08125213,0.01964208,62.48178,71.07545,23.13099,62.92588,LOVE
0.07470412,0.04515681,-0.07222894,0.004201926,0.1270791,-0.007550925,-0.01565919,0.01222217,-0.0383327,-0.02470271,0.006897986,-0.02449057,-0.0648027,0.0818387,0.01749602,62.79434,71.14897,22.94478,62.43709,LOVE
0.07614271,0.04447576,-0.07187241,0.004169367,0.1271582,-0.004971951,-0.01576096,0.01262,-0.03799328,-0.02453448,0.007310152,-0.02414906,-0.06433879,0.08154136,0.01925519,64.08479,71.61365,22.74445,62.62228,LOVE
0.07313538,0.0440115,-0.07532522,0.001346312,0.1266482,-0.00763908,-0.01899201,0.01154074,-0.03607535,-0.02673012,0.006590992,-0.02213705,-0.06406261,0.08040205,0.02044225,64.37143,71.43587,22.55757,61.09488,LOVE
0.0712301,0.04336712,-0.07748774,0.0009905174,0.1265414,-0.008721441,-0.01991232,0.01092392,-0.03553727,-0.0272623,0.006137252,-0.02129504,-0.06358809,0.08029094,0.02092689,64.42234,71.7815,22.7318,60.99847,LOVE
0.07206921,0.05052471,-0.07254055,-0.0002460778,0.1265731,0.004715145,-0.01817927,0.01337567,-0.03471032,-0.02658842,0.007369071,-0.02102563,-0.06595502,0.0771417,0.0313589,65.30621,72.99347,24.03189,63.17713,LOVE
0.07371151,0.05141842,-0.07018641,0.0003650039,0.1270326,0.005333722,-0.01700591,0.01445481,-0.0358876,-0.02589348,0.00807941,-0.022708,-0.06787498,0.07711586,0.02929884,64.75132,72.24487,23.3997,63.00697,LOVE
0.07715689,0.05040327,-0.06766248,0.002706952,0.1276961,0.006530941,-0.01462086,0.01489919,-0.03835711,-0.02396255,0.008209229,-0.02539396,-0.06877171,0.07835159,0.02294558,64.89761,73.21875,22.53508,63.49823,LOVE
0.07875302,0.04949978,-0.0663667,0.004017927,0.1278166,0.006330818,-0.01342594,0.01519263,-0.03937969,-0.02318699,0.008561313,-0.02657491,-0.06870143,0.07925835,0.02032503,64.82638,73.20524,22.242,63.47927,LOVE
0.08530347,0.04791862,-0.05964005,0.006029211,0.1277703,0.008220613,-0.01020405,0.01607054,-0.04039925,-0.02124674,0.009782106,-0.02899134,-0.06853477,0.08037999,0.01344985,65.25989,73.14561,21.74384,62.15873,LOVE
0.08628,0.04769737,-0.05884108,0.005998284,0.1276323,0.009001017,-0.01005635,0.01657036,-0.04032901,-0.02120039,0.01026934,-0.02913234,-0.06854222,0.08025801,0.0135974,65.598,72.83382,21.63765,61.84544,LOVE
0.08655392,0.04683447,-0.05905384,0.005119257,0.1277664,0.005466729,-0.00980968,0.01586577,-0.04070926,-0.0210318,0.009772301,-0.02958691,-0.06919679,0.07978046,0.00972718,65.44564,72.17513,21.53979,60.76513,LOVE
0.07790334,0.04906616,-0.06651798,0.005180106,0.1278823,0.004321665,-0.01228582,0.01463962,-0.03999171,-0.02265673,0.008638144,-0.02744833,-0.06803653,0.0803065,0.01634118,63.93655,73.25166,22.24468,62.74213,LOVE
0.07813044,0.04920679,-0.06632432,0.004530847,0.1278159,0.004544437,-0.01264498,0.01346579,-0.03896198,-0.02267114,0.00746119,-0.02621946,-0.06727534,0.08040178,0.01665911,64.15746,74.36957,22.86321,63.34718,LOVE
0.07862001,0.04981568,-0.06575796,0.00401444,0.1275699,0.006469667,-0.01341714,0.01353738,-0.03766298,-0.0231314,0.007381022,-0.02512717,-0.0667516,0.07993436,0.01781589,64.60748,74.63412,23.10264,62.81884,LOVE
0.07789597,0.0502035,-0.06646937,0.003744721,0.1274552,0.007197171,-0.01404006,0.01363173,-0.03716356,-0.02353526,0.007419676,-0.02458659,-0.06656586,0.07959372,0.01927942,64.75439,74.67838,23.14774,62.75182,LOVE
0.07455342,0.04935873,-0.07137638,0.002354465,0.127007,0.005318522,-0.01684714,0.01287261,-0.03490508,-0.0254473,0.007058829,-0.02179807,-0.06517337,0.07829502,0.02480444,65.35802,74.24796,23.70744,62.27154,LOVE
0.06728443,0.0464007,-0.07931292,0.002365872,0.1262082,-1.829863E-05,-0.02056692,0.01192054,-0.03287327,-0.02791311,0.006666839,-0.01835853,-0.06080938,0.0797143,0.0315055,65.25871,73.47665,24.55585,62.55029,LOVE
0.06497454,0.04357815,-0.08322847,0.001503639,0.125612,-0.003100216,-0.02155853,0.01177529,-0.03256941,-0.02827082,0.006836146,-0.01742142,-0.05951873,0.08036959,0.03220296,66.03707,72.42741,24.61796,62.02337,LOVE
0.06216636,0.04304436,-0.08598366,0.001302607,0.1254677,-0.00347212,-0.02245515,0.0123919,-0.03225714,-0.02865133,0.007422775,-0.01675695,-0.05838506,0.08051693,0.03493261,66.28613,71.54485,24.45616,61.96545,LOVE
0.05945624,0.04250991,-0.08847743,0.001159132,0.1252829,-0.004208803,-0.02332951,0.0129506,-0.03169152,-0.0290304,0.008057237,-0.01594853,-0.05679583,0.08079571,0.0382809,66.36761,70.55596,24.30837,62.10498,LOVE
0.05487555,0.03652716,-0.09569022,-0.001589336,0.1245592,-0.01297504,-0.0260612,0.01144406,-0.03024402,-0.03035294,0.007439703,-0.01404563,-0.05515277,0.08164015,0.0405643,66.92384,69.05613,23.89896,62.03873,LOVE
0.05108982,0.03670144,-0.09673691,-0.003188141,0.1240289,-0.01559326,-0.02748582,0.0109883,-0.02916405,-0.03134773,0.007278234,-0.01273236,-0.05287106,0.08244887,0.04311472,65.87518,68.48994,24.08664,62.52839,LOVE
0.04577973,0.03460875,-0.09886819,-0.00586693,0.1226817,-0.02279389,-0.02880825,0.01044446,-0.0278343,-0.03241673,0.007537246,-0.0110296,-0.04813386,0.08520475,0.04801214,64.13057,66.22488,24.61168,64.03983,LOVE
0.04276625,0.037442,-0.09748855,-0.005089231,0.1224342,-0.02219045,-0.02918652,0.01165453,-0.0264723,-0.0324743,0.008875877,-0.009724349,-0.04326908,0.08595172,0.0514704,62.31273,64.99665,24.65015,64.14739,LOVE
0.04162609,0.03813124,-0.09717426,-0.005524121,0.1221531,-0.02273166,-0.02940406,0.0119296,-0.02628958,-0.03242663,0.009157598,-0.009426922,-0.0423887,0.08619028,0.05182078,61.65152,64.36536,24.63675,63.97742,LOVE
0.04100709,0.03834581,-0.09715858,-0.00552652,0.1220693,-0.0229243,-0.02952355,0.01217261,-0.02627286,-0.03245091,0.009358883,-0.009362251,-0.04181052,0.08636519,0.05206764,61.38467,64.03014,24.58105,63.99418,LOVE
0.03910148,0.03828767,-0.09748179,-0.006351098,0.1218358,-0.02447411,-0.02988588,0.01199317,-0.0264731,-0.03265554,0.009289801,-0.009398818,-0.04143653,0.08700067,0.0517745,60.72515,63.69257,24.51575,64.24152,LOVE
0.03400082,0.03799048,-0.09933785,-0.004631206,0.1222463,-0.02503547,-0.03070898,0.01222998,-0.02576482,-0.03283287,0.009551346,-0.008518398,-0.03842745,0.08806112,0.05195466,59.98856,64.14352,24.43794,64.44816,LOVE
0.03254958,0.03872019,-0.09842294,-0.00475847,0.1213947,-0.02665028,-0.03130531,0.01232538,-0.02494207,-0.032332,0.009756863,-0.008016735,-0.03549663,0.08885288,0.05206305,58.61188,63.6763,23.57674,65.01134,LOVE
0.03292216,0.04244977,-0.09609696,-0.0112674,0.120552,-0.02469552,-0.03170712,0.01250628,-0.02427217,-0.03248949,0.009461164,-0.007685781,-0.03736904,0.08589327,0.05628133,58.4435,61.53632,23.15701,65.13999,LOVE
0.03202558,0.04536337,-0.09438717,-0.01109675,0.1211568,-0.02335989,-0.03194733,0.01273665,-0.02356434,-0.03307569,0.009420186,-0.007010013,-0.03839489,0.08442855,0.05708617,57.21835,61.70666,23.50617,64.17635,LOVE
0.03265003,0.04573125,-0.09419617,-0.01079459,0.1214887,-0.02339527,-0.03205384,0.01277199,-0.02345255,-0.03350955,0.009443909,-0.007109374,-0.03890226,0.0840494,0.05731732,57.05874,61.82617,23.31044,64.11064,LOVE
0.03776178,0.04983628,-0.09047472,-0.00994695,0.1224425,-0.01815432,-0.03111453,0.0140253,-0.02348489,-0.03334687,0.01009464,-0.007868052,-0.03927455,0.08159071,0.06037611,57.3457,61.52127,22.82291,64.74956,LOVE
0.03834873,0.05193958,-0.08896622,-0.01013239,0.1227711,-0.01561734,-0.03095013,0.0145157,-0.02334237,-0.03324796,0.01019436,-0.007905483,-0.03926706,0.08038178,0.06200552,57.28321,61.4035,22.73514,65.09322,LOVE
0.03926124,0.05395502,-0.08745185,-0.01067097,0.1230947,-0.01293147,-0.03064701,0.01480317,-0.02351475,-0.03312912,0.01009223,-0.008238226,-0.04032976,0.0789136,0.06311548,57.44559,61.48618,22.71469,65.39614,LOVE
0.0428699,0.05574429,-0.08489531,-0.00877958,0.123793,-0.009512126,-0.02947533,0.01599631,-0.02436778,-0.03248686,0.01063892,-0.009270996,-0.04122027,0.07775667,0.06401592,57.70004,61.38894,22.79032,65.91738,LOVE
0.04439587,0.06029803,-0.07647911,-0.008893552,0.1237198,-0.01202935,-0.02950148,0.01814061,-0.02487829,-0.03240368,0.01248232,-0.009294003,-0.04255013,0.07778326,0.06410769,53.22595,58.12766,22.74881,63.51625,LOVE
0.04178607,0.06266582,-0.07402575,-0.008941302,0.1235613,-0.01407692,-0.02975913,0.01846829,-0.02477065,-0.03271266,0.01265609,-0.009144038,-0.04264168,0.07825604,0.06316602,50.29623,57.20832,22.77458,62.83494,LOVE
0.04059492,0.04643083,-0.08707979,0.000976555,0.1216384,-0.01868576,-0.02967861,0.01489764,-0.02515823,-0.03231343,0.01356679,-0.00959444,-0.0318914,0.08844444,0.05400375,56.15265,63.93039,22.10679,64.23829,LOVE
0.03776839,0.0505563,-0.08493194,-0.001580596,0.1220808,-0.01016605,-0.03249544,0.01518419,-0.02831042,-0.03432196,0.01528823,-0.01186189,-0.03869808,0.0833818,0.05824155,57.44466,66.93913,20.78253,63.51567,LOVE
0.0360752,0.055419,-0.08298984,-0.001409508,0.1235435,-0.004987419,-0.03320758,0.01799622,-0.02748549,-0.03417325,0.01747918,-0.01007745,-0.03800037,0.08025479,0.0636726,56.66907,65.37029,21.36766,61.64022,LOVE
0.03710934,0.05811918,-0.08086646,-0.0007335246,0.1239142,-0.000797689,-0.03405271,0.02029514,-0.02681935,-0.03468752,0.02007845,-0.008643627,-0.03572514,0.07807249,0.06816453,56.65446,64.41572,21.91993,60.43764,LOVE
0.05121512,0.06064788,-0.07108346,-0.005896203,0.1234161,0.007595241,-0.03375244,0.02114505,-0.02296847,-0.03615884,0.01694295,-0.004984617,-0.04068377,0.07253438,0.06507242,59.75989,62.43013,23.77273,56.00922,LOVE
0.05170354,0.06130743,-0.06871498,-0.005284011,0.1236268,0.007282913,-0.03186175,0.01963279,-0.02253845,-0.03455136,0.01537296,-0.005037069,-0.04055213,0.07256919,0.06662351,58.67616,63.32153,24.53671,57.54405,LOVE
0.05142294,0.06101495,-0.0686259,-0.006145969,0.1235578,0.005660772,-0.03115905,0.01853195,-0.02245152,-0.03404443,0.01428708,-0.005636036,-0.0404745,0.07330659,0.06703234,58.37462,63.52583,24.25067,59.26376,LOVE
0.05219776,0.05919838,-0.07119578,-0.007183284,0.1235944,0.004143327,-0.03109704,0.01730761,-0.02318826,-0.03406816,0.01315248,-0.006646246,-0.04255377,0.07351434,0.06624338,59.68111,64.48542,23.92841,60.37721,LOVE
0.05568124,0.05542904,-0.07335314,-0.006113917,0.124226,-0.0004064143,-0.03067155,0.01678497,-0.02658424,-0.03419537,0.01249701,-0.009493947,-0.04603181,0.07458818,0.06208125,60.53968,65.29237,23.89207,61.68517,LOVE
0.05647906,0.05046895,-0.07817641,-0.003855817,0.1243602,-0.004632145,-0.03000332,0.01539311,-0.02941972,-0.03385235,0.0120346,-0.01209158,-0.0478298,0.07720739,0.05945307,61.72141,67.12083,23.42056,63.60352,LOVE
0.06934255,0.03873998,-0.0829353,0.01270727,0.126365,-0.001012295,-0.01817773,0.0127067,-0.03474429,-0.02607502,0.008229047,-0.02023202,-0.05778338,0.08446503,0.02842242,66.3082,74.37695,23.93343,63.23852,LOVE
0.08319082,0.03857595,-0.06942582,0.006044582,0.1275857,-0.006923586,-0.01225106,0.01147172,-0.04132399,-0.02266485,0.006006628,-0.02838132,-0.06945633,0.08159843,0.007945687,66.33562,72.92018,22.27981,62.29887,LOVE
0.08666611,0.05167973,-0.05199829,-0.0004420429,0.1268708,0.01076055,-0.00992927,0.01241416,-0.04140306,-0.01992696,0.006936789,-0.0294809,-0.07222179,0.07760623,0.01549712,65.65225,78.4167,20.64707,66.95267,LOVE
0.08600204,0.05294907,-0.05125627,-0.001407534,0.1267107,0.0116398,-0.01099603,0.01202479,-0.04060903,-0.02053605,0.006525576,-0.02850559,-0.07210672,0.07685816,0.01550296,65.43482,78.95774,20.77807,66.1283,LOVE
0.08515631,0.05396017,-0.05224609,-0.0009456649,0.1261837,0.01597464,-0.01250448,0.01368994,-0.03858891,-0.02155153,0.007691681,-0.02637151,-0.07081793,0.07566971,0.01743948,65.91557,78.10053,21.32733,63.30717,LOVE
0.08179516,0.05938157,-0.05381835,-0.003227711,0.1245381,0.02905011,-0.01940502,0.01901639,-0.03638685,-0.02591659,0.0100944,-0.02342331,-0.03980375,0.01790005,-0.01855385,67.66062,76.31989,20.45197,17.25064,LOVE
0.08354832,0.05916697,-0.05162281,0.002379008,0.1233662,0.03557223,-0.0201468,0.0240978,-0.03590399,-0.02702784,0.01397526,-0.02338547,-0.04033166,0.02129799,-0.0177356,67.38537,74.3965,19.94036,16.30165,LOVE
0.0839625,0.05854452,-0.05149198,0.0021782,0.1238619,0.03378516,-0.01998757,0.02427858,-0.03662813,-0.02697751,0.01438212,-0.02405608,-0.04216507,0.02555329,-0.0169735,67.22848,73.83148,19.57001,19.39671,LOVE
0.08818125,0.05427393,-0.04870865,0.001373492,0.1260476,0.02372342,-0.01574439,0.02070493,-0.04006219,-0.0240059,0.01259512,-0.02772582,-0.04429193,0.0322746,-0.01660728,66.69576,74.49562,19.1697,29.62737,LOVE
0.08898185,0.05242017,-0.04783177,0.001856141,0.1267179,0.01844096,-0.01256403,0.01750442,-0.04174399,-0.02210764,0.01106465,-0.03028142,-0.05820336,0.05457678,-0.007174522,66.01198,76.29851,19.07957,47.69426,LOVE
0.09026106,0.05126983,-0.04672837,0.002434529,0.1267477,0.01423132,-0.007015668,0.01502076,-0.04103008,-0.01816771,0.009563744,-0.03115565,-0.06603248,0.07125032,0.01563689,65.36611,76.65646,20.21825,67.68649,LOVE
0.1005299,0.04233608,-0.03813079,0.00369864,0.1279477,0.005593747,-0.00164365,0.01464573,-0.04185393,-0.01444795,0.009607434,-0.03275844,-0.0703026,0.0787017,0.0003275275,67.87783,73.30015,21.01071,63.24414,LOVE
0.1026541,0.03969604,-0.03525987,0.005277932,0.1281855,0.006159157,-0.002537914,0.01684803,-0.04375464,-0.01586272,0.01208651,-0.03438795,-0.07090174,0.08017841,0.002496898,68.61348,71.86897,20.48543,61.84904,LOVE
0.0995423,0.03743154,-0.04588616,0.004372478,0.1283494,-0.004191101,-0.006564781,0.01492044,-0.04524016,-0.01928571,0.01079661,-0.03458425,-0.07177451,0.07958651,1.955032E-05,68.59348,70.36822,20.19886,59.34396,LOVE
0.09285173,0.03715771,-0.05736372,0.004648358,0.1280206,-0.01067665,-0.009508379,0.01266792,-0.04481322,-0.02138664,0.008632243,-0.03327739,-0.07116678,0.07964426,-4.857779E-06,66.95798,70.33609,20.37761,59.27118,LOVE
0.06261448,0.04472205,-0.08493516,-0.00288108,0.1262529,-0.006952405,-0.02300099,0.01124254,-0.03363433,-0.02915874,0.005476505,-0.01783225,-0.06345676,0.07899556,0.03645256,65.30269,71.23804,24.44327,64.0192,LOVE
0.06046487,0.04429281,-0.08743119,-0.005181216,0.1255067,-0.007920593,-0.02464883,0.01102105,-0.03181028,-0.03022048,0.005389184,-0.01587009,-0.0620797,0.07810658,0.04088667,65.81461,70.38564,24.7779,63.74792,LOVE
0.05791277,0.04379055,-0.08960873,-0.00752753,0.1246021,-0.01028454,-0.02627909,0.01127881,-0.03050652,-0.03128854,0.005963862,-0.01461926,-0.05999051,0.07763556,0.04613066,65.71077,68.53024,24.31306,64.00038,LOVE
0.05119624,0.04355851,-0.09317821,-0.0182202,0.1211574,-0.01908284,-0.02844805,0.01036346,-0.0285579,-0.032646,0.006036103,-0.01260683,-0.05815903,0.07685348,0.05171314,64.54692,63.29919,23.90038,63.87043,LOVE
0.04873579,0.0447197,-0.09317675,-0.0227396,0.1194243,-0.02255794,-0.02909523,0.01054019,-0.02847964,-0.03338736,0.006938845,-0.01271227,-0.05809683,0.07647243,0.05312067,63.36337,60.47226,23.21887,63.29366,LOVE
0.04836177,0.04773763,-0.09074706,-0.02423935,0.1193305,-0.0233635,-0.02941757,0.01133919,-0.02933598,-0.03523931,0.01024005,-0.01417005,-0.05770726,0.07612473,0.05459559,61.7907,58.9812,22.20247,61.88745,LOVE
0.04633161,0.0488936,-0.09075898,-0.0249301,0.1194994,-0.02310425,-0.02993627,0.0111286,-0.02897355,-0.0364319,0.01185209,-0.01387811,-0.05663081,0.07611722,0.05565029,61.10762,59.17069,22.39102,60.70485,LOVE
0.0435301,0.05146921,-0.08997747,-0.02385558,0.1199279,-0.02198941,-0.03020966,0.01202956,-0.02846485,-0.03568373,0.01192933,-0.01286167,-0.05451686,0.0763,0.05743492,59.38811,58.70065,22.49595,61.04467,LOVE
0.0519668,0.05026984,-0.08666539,-0.02049248,0.1205624,-0.02169615,-0.02800705,0.01247963,-0.03027341,-0.03451589,0.01152119,-0.0154261,-0.05818107,0.07630682,0.05407035,60.62554,59.2616,22.1345,61.85757,LOVE
0.05891342,0.04581463,-0.08645958,-0.006748483,0.124159,-0.01396799,-0.02691659,0.01314878,-0.03006208,-0.03178808,0.008825719,-0.01484782,-0.0586034,0.07836542,0.04847103,62.95326,65.12026,22.54565,62.32626,LOVE
0.06175094,0.04341176,-0.08637342,-0.003031462,0.1246868,-0.01281253,-0.02629627,0.01305705,-0.03032634,-0.0312202,0.008162141,-0.01534849,-0.05881897,0.07944271,0.04606444,63.87762,66.66482,22.54832,62.8582,LOVE
0.06413455,0.04172724,-0.08600307,9.959936E-05,0.1251022,-0.0113557,-0.02561155,0.01293179,-0.03067958,-0.03066368,0.007641435,-0.0158844,-0.05919335,0.08034554,0.04389927,64.59669,68.15204,22.61022,63.31482,LOVE
0.07371148,0.04026657,-0.07910338,0.004693478,0.1260111,-0.007468611,-0.02160686,0.0119203,-0.03328314,-0.02840556,0.006174475,-0.0190697,-0.06343181,0.08157942,0.03256539,65.64318,71.63225,23.39299,63.43577,LOVE
0.09035049,0.04111356,-0.05536959,0.01499569,0.1272276,0.002010494,-0.008381538,0.01532707,-0.03983101,-0.01996291,0.01037142,-0.02839574,-0.06335796,0.08545244,0.01137403,63.60392,71.75935,22.3463,61.8568,LOVE
0.09388484,0.03869858,-0.05113146,0.01852157,0.1269706,0.003818333,-0.006361201,0.01633573,-0.04008952,-0.0183899,0.01204827,-0.02946597,-0.06167151,0.08718663,0.01027921,63.7412,71.27392,21.65485,61.50607,LOVE
0.09469596,0.03468519,-0.0522792,0.02110911,0.1266925,-0.0005081296,-0.00643371,0.01513243,-0.04057857,-0.01822349,0.01204157,-0.02995899,-0.0597155,0.0886744,0.007123858,63.89488,71.31091,21.03426,60.7245,LOVE
0.09534039,0.03225899,-0.05335051,0.0211046,0.1265828,-0.003185272,-0.006617367,0.01463661,-0.04106104,-0.01835167,0.01188472,-0.03027314,-0.05985349,0.08906198,0.006472588,64.63012,70.98744,20.87284,60.75933,LOVE
0.0959886,0.03185496,-0.05205449,0.02139367,0.1265033,-0.003188133,-0.006288469,0.01533285,-0.04160562,-0.01818621,0.01243335,-0.03072682,-0.05988617,0.08934468,0.00620994,64.65376,70.29716,20.74899,60.44632,LOVE
0.09715136,0.03167129,-0.04938385,0.02177209,0.1264739,-0.002462268,-0.005436331,0.01669431,-0.04281047,-0.01768444,0.01336652,-0.03212109,-0.06030603,0.08923012,0.005045474,64.62666,69.3095,20.23429,60.10688,LOVE
0.097666,0.03165394,-0.04780358,0.02230942,0.1264251,-0.001459807,-0.005116038,0.01769736,-0.0435676,-0.01749786,0.014074,-0.03298938,-0.06008798,0.08920404,0.004399568,64.5397,68.89394,19.82001,59.7863,LOVE
0.09779654,0.03174821,-0.0472109,0.02246041,0.1264118,-0.001028121,-0.00505235,0.01800334,-0.04377329,-0.01745272,0.01429415,-0.03323415,-0.05997019,0.0891647,0.004216552,64.48053,68.82766,19.6799,59.67377,LOVE
0.09670775,0.0310733,-0.04968256,0.02112605,0.1264744,-0.004944742,-0.006448366,0.01718628,-0.04438785,-0.01847488,0.01360399,-0.03352112,-0.06054851,0.08861443,0.003650606,64.6229,68.52145,19.35762,59.68575,LOVE
0.0685482,0.03487751,-0.08441451,0.009599686,0.1264282,-0.01430911,-0.01949182,0.01262859,-0.038656,-0.02707337,0.008061051,-0.0227128,-0.05995925,0.0862377,0.02470696,64.48981,70.05742,22.74396,63.29995,LOVE
0.06268699,0.04216582,-0.08447832,0.005374864,0.1253546,-0.004772544,-0.02204315,0.01249412,-0.03332633,-0.02853876,0.008280903,-0.0180881,-0.055197,0.0840956,0.03523481,64.94708,72.20152,23.52388,63.84717,LOVE
0.06323896,0.04211202,-0.08386165,0.008514419,0.1255053,-0.00281021,-0.02163684,0.01352891,-0.03357953,-0.02864271,0.009862304,-0.01900613,-0.0541069,0.08456779,0.03547966,64.81358,72.36042,22.70531,63.32531,LOVE
0.07130774,0.04297218,-0.07677707,0.01244996,0.1252532,0.005059093,-0.01849112,0.01511472,-0.03389966,-0.02629511,0.01082057,-0.01993814,-0.05395848,0.08392707,0.03101438,65.65227,73.41048,22.99414,61.9088,LOVE
0.07119256,0.0406549,-0.07824862,0.007659875,0.1251419,-0.001639515,-0.0201406,0.01507223,-0.03483129,-0.02756234,0.01170164,-0.02101117,-0.05357539,0.0842132,0.04033464,66.08206,70.60513,21.39733,65.79395,LOVE
0.06845136,0.04027367,-0.08176696,0.007358372,0.1249205,-0.001061916,-0.02131255,0.01423594,-0.03400847,-0.02812944,0.01155362,-0.01966223,-0.05399222,0.08285466,0.04182789,66.79099,71.87718,21.71533,64.83216,LOVE
0.06671511,0.04101732,-0.08272484,0.005248848,0.1246472,-0.00119099,-0.02227467,0.01365736,-0.03376147,-0.02888847,0.01114169,-0.01927918,-0.05467308,0.08209133,0.04311121,66.96434,72.22905,21.72292,64.94122,LOVE
0.07021172,0.04111314,-0.07853287,-0.0008144081,0.1239609,-0.007724851,-0.02103455,0.01135257,-0.03447783,-0.02838632,0.008663863,-0.02027267,-0.05790126,0.0824492,0.03959963,66.29789,71.06635,22.36916,66.44076,LOVE
0.06838814,0.04043636,-0.0807392,0.0004744716,0.1242106,-0.01047125,-0.02014539,0.01141959,-0.03410912,-0.0279721,0.008320421,-0.01932764,-0.05718417,0.08353463,0.03469315,65.29853,69.90049,24.05341,64.30552,LOVE
0.0685197,0.04101866,-0.08086717,0.002696604,0.1247648,-0.007823139,-0.01946507,0.01215687,-0.03412503,-0.02751845,0.008731902,-0.01939499,-0.05696808,0.08344808,0.03351334,65.31434,70.32555,24.29396,63.59826,LOVE
0.0731501,0.03999189,-0.0779638,0.008083988,0.1258903,-0.001939088,-0.01775788,0.01229537,-0.03503048,-0.02598593,0.008011609,-0.02044582,-0.0580209,0.08349377,0.02358431,66.3489,73.52783,24.2901,61.49885,LOVE
0.07664149,0.04101297,-0.07370263,0.009285513,0.1263345,5.549192E-05,-0.01586951,0.01158744,-0.0356746,-0.02497878,0.007228136,-0.02172577,-0.05942673,0.08257997,0.01723635,65.92597,75.23852,24.56009,60.78136,LOVE
0.07955199,0.04239964,-0.06942987,0.009438515,0.126797,0.001130313,-0.01384494,0.01134092,-0.0365462,-0.02382132,0.006943882,-0.0233627,-0.0613634,0.08171636,0.0127421,65.28758,75.83733,24.46028,60.43933,LOVE
0.09319188,0.03671598,-0.05411774,0.01626795,0.1272713,-0.0007310808,-0.005175963,0.01490569,-0.0440172,-0.01773371,0.01059389,-0.03341001,-0.06287424,0.08563396,0.0006712079,64.76185,72.09,20.50997,61.3667,LOVE
0.09423564,0.03522253,-0.05198449,0.01844319,0.1272703,-0.003813714,-0.003801387,0.01563182,-0.04653329,-0.01708683,0.01199859,-0.03622931,-0.0628856,0.08694193,-0.001328409,63.85823,70.66946,19.6921,61.13975,LOVE
0.0963392,0.03519627,-0.0479978,0.0192915,0.1272917,-0.002813339,-0.002548669,0.01588708,-0.04670355,-0.01610982,0.01251414,-0.03682327,-0.062691,0.08737537,-0.002560884,63.64521,70.68047,19.543,60.96632,LOVE
0.09973674,0.03462052,-0.04055843,0.02019596,0.1272402,-0.002206236,-0.0006257929,0.01591739,-0.04696757,-0.01453725,0.01303783,-0.03784406,-0.06211906,0.08808389,-0.004714698,63.47129,70.66034,19.23943,60.96475,LOVE
0.1016776,0.03346276,-0.03717291,0.02053083,0.1272118,-0.001557887,0.0002981871,0.01608649,-0.0471518,-0.01379581,0.01330182,-0.03839904,-0.06180283,0.08818331,-0.006161094,63.99551,70.66257,19.09622,60.74397,LOVE
0.105561,0.03041279,-0.03023177,0.02106037,0.1271585,-0.001271099,0.002326354,0.0162091,-0.04773286,-0.01215213,0.01364806,-0.03960532,-0.06112419,0.08817869,-0.01034221,65.33485,70.50459,18.82088,59.92846,LOVE
0.1025145,0.02474824,-0.04443488,0.02175454,0.125504,-0.0145168,-0.003424674,0.01182714,-0.04576227,-0.01596625,0.009925157,-0.03581712,-0.06079257,0.08842528,-0.008462489,65.94026,70.03741,19.12769,60.38997,LOVE
0.09739149,0.02549079,-0.05445451,0.01884964,0.1252026,-0.01987237,-0.006407559,0.01068383,-0.0453707,-0.01832659,0.008703291,-0.03453338,-0.06266917,0.08750138,-0.005941629,65.38717,69.432,19.42169,60.66299,LOVE
0.08743916,0.02754971,-0.06811234,0.01543964,0.124859,-0.02519727,-0.01034827,0.009062171,-0.04380178,-0.02150844,0.006654054,-0.03154662,-0.06483378,0.08699796,-0.0002876222,63.64198,69.37096,20.68267,61.87229,LOVE
0.06631675,0.03697786,-0.08450156,0.006402925,0.1261663,-0.01795253,-0.01951836,0.009671122,-0.03857413,-0.02691313,0.004551381,-0.02182463,-0.06333133,0.08459073,0.0196346,62.88398,71.56284,24.28451,63.75661,LOVE
0.06427665,0.0374451,-0.0864366,0.004025027,0.1260526,-0.01562858,-0.02168545,0.009472877,-0.03601295,-0.02829559,0.004558384,-0.01912153,-0.06129535,0.08359167,0.02459237,64.10262,72.2486,25.01543,63.37036,LOVE
0.06604704,0.03746828,-0.08572832,0.001435995,0.125818,-0.01385954,-0.0217724,0.009161204,-0.03502315,-0.02849182,0.00447768,-0.01836741,-0.06114027,0.08278579,0.02701646,65.56367,72.51425,25.41953,63.62183,LOVE
0.06597136,0.03804874,-0.08581942,0.0003756806,0.1255561,-0.01171148,-0.02176844,0.009431601,-0.03405228,-0.02855772,0.004975647,-0.01763332,-0.06006444,0.08258843,0.03124547,66.337,72.48737,25.68154,64.23129,LOVE
0.06180179,0.03908375,-0.08930546,-0.004969738,0.1243835,-0.0117512,-0.02349602,0.01044285,-0.03192478,-0.02949923,0.007069081,-0.01607561,-0.0574916,0.08077309,0.04063898,67.15245,69.54917,24.54086,63.98117,LOVE
0.06107998,0.04307601,-0.08725774,-0.01281855,0.12248,-0.01308081,-0.0262503,0.0118812,-0.03081498,-0.03180345,0.008064449,-0.01559669,-0.05790817,0.07745364,0.04896292,66.67196,65.15993,22.95207,64.38153,LOVE
0.05734824,0.04281616,-0.088494,-0.01211203,0.1221626,-0.01411751,-0.02860219,0.01369607,-0.03072393,-0.03317254,0.009287804,-0.01504183,-0.05504083,0.07834855,0.0529356,65.70998,63.27949,22.06594,64.70385,LOVE
0.05771665,0.04384798,-0.08736593,-0.01216936,0.1219974,-0.01302481,-0.02870271,0.01402441,-0.03055167,-0.0332543,0.009449452,-0.01503679,-0.05477169,0.0779703,0.05358902,65.5864,63.18935,21.87901,64.83713,LOVE
0.06162298,0.04477602,-0.08370745,-0.009037413,0.1227478,-0.009011626,-0.02717016,0.01445279,-0.03182811,-0.03216605,0.009998024,-0.01656836,-0.05480287,0.07874593,0.05168805,65.94338,65.03081,21.54786,65.54185,LOVE
0.06213643,0.0462434,-0.08192354,-0.004948072,0.1236882,-0.00385949,-0.0252589,0.0144656,-0.03235382,-0.03075194,0.01031607,-0.01710489,-0.05366098,0.07958621,0.04997519,65.77841,67.77068,22.02765,65.96338,LOVE
0.0617394,0.04746339,-0.0810219,-0.003199086,0.1239803,-0.002823025,-0.02404509,0.01430538,-0.03222653,-0.02982386,0.01043811,-0.01720414,-0.0536076,0.0798521,0.04882821,64.89112,68.48696,22.27371,65.77612,LOVE
0.06173459,0.04745317,-0.08073613,-0.00270202,0.1239749,-0.003585994,-0.02355106,0.01398164,-0.03224117,-0.02944762,0.01033929,-0.01732847,-0.0536373,0.08032057,0.0475702,64.43073,68.6267,22.34456,65.63387,LOVE
0.0614834,0.04858363,-0.07958254,-0.002981961,0.1239824,-0.003620058,-0.02294017,0.01330945,-0.03256127,-0.02888523,0.009909213,-0.01805475,-0.05556787,0.08000267,0.04458421,63.75266,69.36277,21.89036,65.21949,LOVE
0.05759742,0.05394948,-0.079,-0.013154,0.1228107,0.00519672,-0.03057378,0.01375198,-0.03483251,-0.03520953,0.01387247,-0.0181796,-0.05723942,0.07233042,0.05876753,66.71274,71.36155,20.55226,64.86441,LOVE
0.05622087,0.05703336,-0.07635474,-0.01930851,0.1213694,0.003263563,-0.03358721,0.01559821,-0.03534001,-0.03913516,0.0159975,-0.01782647,-0.05753678,0.06850338,0.06264621,65.74892,67.32199,20.91506,63.56521,LOVE
0.05843119,0.05655763,-0.07440206,-0.01970371,0.121188,0.0007399917,-0.03349373,0.01594016,-0.0365122,-0.0394588,0.0165171,-0.01901013,-0.05907054,0.06881887,0.06073278,65.334,66.3392,20.70755,63.08301,LOVE
0.06341171,0.05576736,-0.07157415,-0.0105961,0.1230651,0.006627291,-0.02997522,0.01714808,-0.03420606,-0.03388105,0.01322493,-0.01835102,-0.05938284,0.06955761,0.05938268,65.32358,68.52416,19.19229,65.50101,LOVE
0.06595439,0.05286735,-0.07356215,-0.008125141,0.1236429,0.0060063,-0.02711433,0.01617807,-0.03361872,-0.03177229,0.0115177,-0.0187037,-0.06023411,0.07145086,0.0567283,66.42834,69.33991,19.75543,66.6198,LOVE
0.06625801,0.05138522,-0.07503027,-0.006666727,0.1240626,0.00481835,-0.02627181,0.01570007,-0.03368884,-0.03131931,0.01128685,-0.01899338,-0.06037462,0.07252201,0.05544013,66.52986,69.72961,19.94427,66.74155,LOVE
0.06844634,0.04740211,-0.07794032,-6.66827E-06,0.1249364,0.005235761,-0.02340834,0.0160802,-0.03407443,-0.02940318,0.01234317,-0.01941475,-0.05896273,0.07591125,0.05271935,67.25515,70.72762,20.78135,66.26917,LOVE
0.0722944,0.04069394,-0.07901502,0.01046944,0.1254398,0.003708631,-0.01842545,0.01281559,-0.0337902,-0.02599584,0.008366615,-0.01956746,-0.05406519,0.08421043,0.03144073,67.29665,75.38024,23.74958,64.90135,LOVE
0.07011107,0.0395613,-0.0814994,0.01133472,0.1256158,0.002437174,-0.01972682,0.012914,-0.03369585,-0.02716322,0.008491725,-0.0191873,-0.05350996,0.08441991,0.03242457,67.34798,75.30016,23.74972,64.57861,LOVE
0.07115967,0.03605634,-0.08078203,0.01273182,0.1264077,-0.009874463,-0.01781766,0.01223865,-0.03725904,-0.02638282,0.008619815,-0.02276027,-0.056482,0.08729193,0.02235389,64.35474,72.08898,22.96572,62.98618,LOVE
0.07219613,0.03531829,-0.08016387,0.01133694,0.1264652,-0.01212695,-0.01756599,0.01233527,-0.03900445,-0.02625433,0.008435637,-0.02429211,-0.05828585,0.08727744,0.02047226,64.39565,71.1592,22.39368,63.24233,LOVE
0.07030547,0.03117017,-0.08472423,0.009784706,0.1258181,-0.02094924,-0.01953774,0.01072884,-0.03961146,-0.02726962,0.006808251,-0.023974,-0.06084625,0.08774757,0.02122843,64.13966,70.0013,22.12417,64.24305,LOVE
0.05239169,0.04221132,-0.09328181,-0.01339126,0.1242769,-0.0182282,-0.02827723,0.007926404,-0.03157324,-0.03208429,0.002746224,-0.01508445,-0.06689324,0.07633525,0.0379715,64.54351,69.14302,23.57992,62.43763,LOVE
0.05140094,0.04062793,-0.09450205,-0.01390259,0.1238513,-0.02088803,-0.02868471,0.007568181,-0.0314537,-0.03244692,0.002729267,-0.01512095,-0.06669153,0.07716224,0.03918663,64.3458,68.60521,23.1752,62.98009,LOVE
0.05250263,0.03898466,-0.09492822,-0.01266415,0.1237395,-0.02164084,-0.0285355,0.007357657,-0.03136253,-0.03236617,0.002820879,-0.01525822,-0.06613243,0.07786611,0.03741744,64.72717,68.96185,22.90553,62.73111,LOVE
0.05354993,0.03884846,-0.09451243,-0.01137076,0.1238204,-0.02092075,-0.028163,0.007164568,-0.03118524,-0.03195729,0.002665401,-0.01517013,-0.06560406,0.07839444,0.03698334,64.86517,69.75577,22.97886,63.10589,LOVE
0.05420684,0.03870906,-0.09423724,-0.01094063,0.1238118,-0.02081487,-0.02787651,0.007140607,-0.03124192,-0.0318076,0.002697974,-0.01529709,-0.06556229,0.07853481,0.03668585,64.93568,69.90247,23.0142,63.17513,LOVE
0.06829443,0.03451738,-0.08687603,0.0004359782,0.1256568,-0.01538032,-0.02321225,0.01004264,-0.03507617,-0.02932428,0.00585562,-0.01890153,-0.06179914,0.08319998,0.02523133,67.09893,70.90046,23.5399,61.12025,LOVE
0.06815428,0.03700197,-0.08526379,-0.0003810003,0.1260889,-0.01345268,-0.02310948,0.009824783,-0.03485304,-0.02925931,0.005355269,-0.01900971,-0.06303675,0.0811666,0.02499485,66.67587,71.63245,23.43584,61.10807,LOVE
0.06846878,0.03691149,-0.08505544,-0.0002860948,0.1261162,-0.01341003,-0.02307811,0.009752393,-0.03477818,-0.02925111,0.005287707,-0.01900613,-0.063055,0.08088428,0.02453536,66.72556,71.7445,23.42712,60.96423,LOVE
0.06725159,0.03534594,-0.08703008,0.001893766,0.1262077,-0.01249939,-0.02400228,0.009908199,-0.03341684,-0.02970655,0.0054847,-0.01767579,-0.06051101,0.08064499,0.02530554,67.20961,72.40379,23.52938,60.48122,LOVE
0.07398585,0.03621814,-0.08089006,6.780773E-05,0.1258343,-0.01506168,-0.0203156,0.008891672,-0.0363057,-0.02758522,0.004787207,-0.02140802,-0.06530862,0.07999921,0.01857877,66.72782,72.01964,22.99895,61.10843,LOVE
0.08643393,0.04206654,-0.06073052,0.01028068,0.127611,-0.002884775,-0.009898759,0.01339278,-0.0419021,-0.02099473,0.008435369,-0.0299753,-0.06620397,0.08176774,0.00367564,63.78527,72.58464,21.38502,60.12245,LOVE
0.09102282,0.0407263,-0.05528876,0.01596103,0.127648,0.003749341,-0.008009046,0.01571649,-0.04259339,-0.0196883,0.01113465,-0.03168315,-0.06309798,0.08337459,0.0007920265,63.95011,73.16175,20.39379,58.19021,LOVE
0.09735148,0.03711125,-0.04873094,0.01421081,0.1275527,0.00328204,-0.004948378,0.01713714,-0.04478446,-0.01772999,0.01263016,-0.0346843,-0.06452028,0.08435518,-0.0003359914,66.20768,71.45287,19.78443,59.28915,LOVE
0.1017181,0.03695512,-0.03939322,0.01368289,0.1272804,0.008389086,-0.001991816,0.01917204,-0.04548529,-0.01544129,0.01451066,-0.03617629,-0.06510981,0.08452582,-0.001380384,67.03388,71.30488,19.32491,59.33155,LOVE
0.1060702,0.03657165,-0.02703607,0.01218708,0.1269322,0.01402733,0.001603469,0.02092192,-0.04544899,-0.01256128,0.016141,-0.03720942,-0.06543916,0.08460432,-0.003299683,67.96078,71.49999,19.08434,59.43695,LOVE
0.1138772,0.02207041,0.0104489,0.01565425,0.1229165,0.03183538,0.01229194,0.01828092,-0.03697541,-0.003103748,0.01695302,-0.03272095,-0.05461804,0.08934605,-0.004996747,71.09273,76.74704,21.43508,61.53869,LOVE
0.109345,0.03156474,-0.02197856,0.01602317,0.1259564,0.01897451,0.001973726,0.01925707,-0.04257575,-0.01218443,0.01554832,-0.03425524,-0.06092737,0.08669367,-0.0002877712,69.09102,74.0567,20.36553,59.9188,LOVE
0.09939127,0.03403702,-0.04798654,0.01694679,0.1267124,0.009879857,-0.006279036,0.01853272,-0.0430887,-0.01850187,0.0143396,-0.03203008,-0.06153098,0.08689734,0.01116908,68.10229,72.58368,20.19015,61.49808,LOVE
0.09132612,0.0372037,-0.05872965,0.01526283,0.1270698,0.004659086,-0.008915916,0.01779974,-0.04282844,-0.0205473,0.01307994,-0.03112182,-0.06236573,0.0863111,0.01308289,66.55769,71.43055,20.44635,61.80561,LOVE
0.08993788,0.03794497,-0.06004813,0.01481435,0.1271842,0.003004611,-0.008815162,0.01701325,-0.04278174,-0.020457,0.01216099,-0.03116283,-0.06282485,0.086016,0.01073599,65.96741,71.504,20.61129,61.59808,LOVE
0.08192243,0.03778735,-0.07009092,0.01494468,0.1271064,-0.001446009,-0.01225021,0.0153223,-0.04196465,-0.02267713,0.01044479,-0.02906412,-0.06146741,0.08605331,0.01316398,65.22008,72.07092,20.95612,62.10845,LOVE
0.05611262,0.03274637,-0.09274828,0.01099145,0.1245902,-0.01698563,-0.02347749,0.009941459,-0.03249326,-0.02928538,0.00702405,-0.01618746,-0.05023722,0.08911631,0.02841803,63.97219,72.90479,24.65902,63.19317,LOVE
0.05025408,0.02871212,-0.09912956,0.01183365,0.1235333,-0.02100039,-0.02628217,0.01312652,-0.03080752,-0.03064042,0.01027703,-0.01389471,-0.044103,0.08988342,0.04068366,64.48483,68.57088,23.98083,63.27325,LOVE
0.03329687,0.02376094,-0.1069092,0.01049464,0.1222124,-0.03289598,-0.03133692,0.01297483,-0.02648053,-0.03301441,0.01039225,-0.0089809,-0.03545953,0.09403896,0.04525787,62.24304,67.083,23.85262,63.77744,LOVE
0.02585087,0.02926569,-0.105763,0.01244197,0.1220244,-0.0323377,-0.03185182,0.01368591,-0.02463493,-0.03280091,0.01083177,-0.007381886,-0.02984169,0.09465948,0.04704675,59.24587,67.43243,23.76609,64.71954,LOVE
0.02273498,0.03843139,-0.1008086,0.01427884,0.1224812,-0.02715546,-0.03172288,0.01462898,-0.02295285,-0.0322418,0.01100782,-0.006098777,-0.02589883,0.09325662,0.05003738,56.07694,68.17547,23.78576,65.62364,LOVE
0.02183645,0.03907062,-0.100592,0.01400023,0.1224995,-0.0269444,-0.0318648,0.01525202,-0.0225518,-0.03222248,0.01158082,-0.005692005,-0.02471328,0.09299773,0.05116227,55.84056,67.43331,23.73033,65.2766,LOVE
0.004054904,0.03478754,-0.101135,0.009176344,0.1196593,-0.04396874,-0.03608281,0.01573706,-0.02049387,-0.03589094,0.01589391,-0.004050344,-0.01901166,0.09722334,0.04756543,50.79525,64.37612,21.61271,62.01348,LOVE
0.004225075,0.03321967,-0.1027849,0.009009987,0.1200894,-0.04386699,-0.03747305,0.01555696,-0.02064091,-0.03779249,0.0178197,-0.004749477,-0.01932641,0.09676847,0.04931238,51.96786,65.32162,20.63874,61.40088,LOVE
0.005805913,0.03813985,-0.101316,0.007291686,0.1227065,-0.03647476,-0.0388235,0.01680797,-0.02002108,-0.03967011,0.01945534,-0.004771173,-0.02028523,0.09261903,0.0571723,52.73029,65.27995,19.33794,61.68452,LOVE
0.00831141,0.04295623,-0.09866928,0.005949914,0.1239984,-0.03192002,-0.038782,0.01730886,-0.0199455,-0.04036332,0.01905712,-0.005011499,-0.02149516,0.08996364,0.06131279,51.95898,64.88959,18.78727,62.84641,LOVE
0.01192243,0.04843107,-0.09418239,0.005681846,0.1244209,-0.02922624,-0.03851797,0.01890498,-0.02164614,-0.04040312,0.01952344,-0.00662598,-0.02251229,0.08843559,0.06372124,49.54787,63.26423,18.3737,63.99034,LOVE
0.00838339,0.06507957,-0.07795402,-0.0003782995,0.125614,-0.02337408,-0.03806715,0.02184358,-0.02323472,-0.03833585,0.0204078,-0.006992996,-0.02850125,0.08333224,0.06714702,39.85867,58.64756,18.82764,61.51194,LOVE
0.006400596,0.06521934,-0.0777626,-0.002315756,0.1253078,-0.02574354,-0.03885485,0.02231005,-0.02414215,-0.03852031,0.02121457,-0.007141083,-0.03011736,0.08421361,0.06493187,38.66351,57.41306,19.11787,59.71716,LOVE
0.01036915,0.04152313,-0.0994419,0.003347542,0.122093,-0.04244035,-0.03776476,0.01830333,-0.02278495,-0.03770779,0.02534094,-0.00518766,-0.02325995,0.09376103,0.05340511,48.23084,60.12842,23.26451,53.87063,LOVE
0.01283487,0.03474034,-0.1023299,0.006275877,0.1204931,-0.04730743,-0.03777031,0.01591417,-0.02379918,-0.0391703,0.023323,-0.007485062,-0.02399518,0.09667894,0.05018657,49.77805,62.81317,22.09408,56.83325,LOVE
0.006193975,0.05773667,-0.08683506,0.003569456,0.1256799,-0.03027388,-0.03885167,0.01858974,-0.02724746,-0.04223658,0.02316266,-0.01071367,-0.03266437,0.08752126,0.06154478,42.83092,62.70398,19.99235,60.1529,LOVE
0.01305203,0.03505908,-0.1017633,0.004124723,0.1214023,-0.04397157,-0.03665151,0.013877,-0.02370429,-0.03544012,0.02352235,-0.005834937,-0.02942807,0.09424111,0.04758233,51.15689,64.19356,26.24999,50.67295,LOVE
0.03483877,0.01974323,-0.1020064,0.0166358,0.1166684,-0.04770228,-0.02972684,0.009689242,-0.02770868,-0.03200301,0.009647489,-0.01030177,-0.03732802,0.0976246,0.02610546,56.20763,68.37217,24.44337,60.28936,LOVE
0.03497364,0.01966953,-0.1019895,0.01653243,0.1166781,-0.0477111,-0.02977188,0.009629995,-0.02779949,-0.03208132,0.009544045,-0.01039815,-0.03765006,0.09762049,0.0258432,56.26006,68.4136,24.38855,60.31187,LOVE
0.04622713,0.01452279,-0.1018188,0.01714364,0.1180167,-0.04282856,-0.02692193,0.006243706,-0.02976319,-0.03087261,0.004680276,-0.0131892,-0.04602451,0.09525803,0.01961863,61.27413,72.47137,24.48432,63.83989,LOVE
0.05293591,0.02593076,-0.0966661,0.01354785,0.1226728,-0.02929208,-0.02460341,0.007973433,-0.03353757,-0.03042008,0.004761815,-0.01765066,-0.05572632,0.08967289,0.02321053,62.05739,72.36874,23.50649,63.48875,LOVE
0.05353313,0.03067851,-0.09506941,0.01261237,0.1240635,-0.02333987,-0.02444247,0.01028362,-0.03355742,-0.03069556,0.006672174,-0.01770693,-0.0550754,0.08855256,0.02993459,62.22664,71.1766,23.6169,63.40606,LOVE
0.06604604,0.02342039,-0.09090659,0.008948296,0.1223557,-0.02907896,-0.02103749,0.008768678,-0.03587759,-0.02827786,0.007265002,-0.02056563,-0.05601656,0.0891118,0.02211592,65.06957,68.91518,23.0801,62.44913,LOVE
0.05666407,0.0274455,-0.0935089,0.001913637,0.1218749,-0.0262371,-0.02440574,0.007464647,-0.03280243,-0.02930965,0.007262558,-0.01738301,-0.05078388,0.08955294,0.03065386,65.14963,70.57137,22.30472,64.58913,LOVE
0.05430079,0.03651708,-0.09185231,-0.0007420294,0.1241539,-0.01129121,-0.02682097,0.009667724,-0.02986851,-0.03034731,0.008334965,-0.01409641,-0.05129387,0.08401373,0.04266229,66.8364,72.38916,22.49262,63.41714,LOVE
0.08351062,0.05116671,-0.04671961,-0.00517071,0.1214486,0.02286065,-0.02580684,0.022641,-0.02521229,-0.03000341,0.01645756,-0.01019233,-0.05438927,0.06521749,0.05862051,69.43674,64.03329,22.62084,55.10675,LOVE
0.07844649,0.04849225,-0.05736762,-0.0008684248,0.1245506,0.009400964,-0.02719726,0.01798809,-0.02602494,-0.03099358,0.01325923,-0.01134938,-0.05171574,0.06942642,0.05519515,66.39535,67.20023,21.90744,58.70533,LOVE
0.06328008,0.032184,-0.08892077,0.00216154,0.1249306,-0.01580745,-0.02902886,0.00903973,-0.02860042,-0.03171063,0.007089019,-0.01393804,-0.05136146,0.08403832,0.04259244,67.15755,73.20911,20.40487,64.54261,LOVE
0.03589995,0.01304588,-0.1080322,0.01077484,0.1200918,-0.03591707,-0.02958685,0.007272035,-0.03027076,-0.0321072,0.007307202,-0.01361936,-0.04190324,0.09508419,0.02684724,66.12969,72.31165,22.35878,64.03119,LOVE
0.03273177,0.01362267,-0.1087987,0.01103257,0.1197444,-0.03347653,-0.03062138,0.0103209,-0.0279139,-0.03207035,0.009966522,-0.01073581,-0.03282487,0.09637743,0.03406465,66.76658,69.89142,23.12348,64.19901,LOVE
0.0538096,0.04651594,-0.08181199,-0.004023314,0.1235622,0.001509666,-0.03492822,0.01972884,-0.01976794,-0.03308237,0.01763523,-0.002302527,-0.0281034,0.07724065,0.07049012,66.20573,62.55453,22.75823,58.42456,LOVE
0.05293298,0.03758007,-0.08941194,-0.01268113,0.1209738,-0.02534205,-0.0295901,0.008324057,-0.03403309,-0.03329284,0.008051604,-0.01779252,-0.05404638,0.08486915,0.04181457,63.42918,66.79984,20.52848,65.58004,LOVE
0.05173267,0.04178825,-0.09045297,-0.02346556,0.1196775,-0.01819053,-0.03023786,0.009720683,-0.03035295,-0.03328726,0.00717482,-0.0142594,-0.05615956,0.07915196,0.05078906,66.89411,63.40671,21.49259,64.93581,LOVE
0.05026885,0.04464746,-0.09029546,-0.02635416,0.120097,-0.01192439,-0.03156468,0.010364,-0.02807787,-0.03387124,0.006774694,-0.01214212,-0.05784054,0.07553461,0.05157736,68.42434,63.33606,21.65243,62.25515,LOVE
0.04871769,0.05083126,-0.0897139,-0.02214722,0.1219877,0.01092196,-0.03428796,0.01299646,-0.02180633,-0.03420806,0.007080197,-0.006459057,-0.04778753,0.0261907,0.01420492,73.03358,66.62557,21.94377,30.23792,LOVE
0.05872808,0.05400109,-0.08310258,-0.0125516,0.1205204,0.03032023,-0.03415312,0.01580983,-0.0181073,-0.03405121,0.008803964,-0.003619254,-0.03298436,0.009884119,0.01239216,76.9408,69.99007,22.14918,25.75835,LOVE
0.06210496,0.04482287,-0.08012691,-0.004855648,0.1252751,-0.01690191,-0.02631445,0.006626666,-0.03377846,-0.03047749,0.004281968,-0.01908052,-0.06189853,0.08051771,0.03494036,61.60629,73.80383,19.94473,66.27843,LOVE
0.05575567,0.03289902,-0.09339461,0.005954668,0.1256079,-0.01824796,-0.02576953,0.0097785,-0.03717801,-0.03078918,0.007014126,-0.0214358,-0.05856826,0.08497214,0.02942011,64.70967,72.65448,20.08354,64.41672,LOVE
0.05130494,0.02839109,-0.0983834,0.01166742,0.1251955,-0.01505369,-0.02730259,0.01247835,-0.03505909,-0.03124855,0.00949803,-0.01872581,-0.05193376,0.08665079,0.03020912,67.14171,72.35744,20.44221,61.72927,LOVE
0.05002618,0.03645906,-0.09605685,0.01837619,0.1246526,0.001570106,-0.02934338,0.01995638,-0.03022429,-0.03184825,0.01499641,-0.01387018,-0.04070923,0.08499658,0.05158341,68.34743,71.11713,20.4032,62.83811,LOVE
0.06959526,0.03119278,-0.08336174,0.004001163,0.1245061,-0.02298442,-0.02155346,0.007410526,-0.0372473,-0.02806791,0.005420685,-0.02242604,-0.06010412,0.0868597,0.01681319,64.86926,72.18279,21.07656,62.72625,LOVE
0.08864953,0.02421951,-0.06668946,0.006538035,0.1211545,-0.03555804,-0.01107106,-0.0003785491,-0.03925872,-0.0210919,-0.001325041,-0.02741298,-0.0633875,0.08518001,-0.009005904,65.79853,75.65605,21.88275,66.4959,LOVE
0.09866647,0.04093671,-0.0365431,0.009528156,0.125186,-0.005264282,0.0004627779,0.01213753,-0.03951082,-0.01371921,0.008826792,-0.0308266,-0.06682645,0.08529678,0.004419357,63.82859,70.52337,23.82913,66.08189,LOVE
0.09199116,0.05170643,-0.03403851,0.0003966242,0.1241448,-0.004639566,-0.0005484745,0.01120615,-0.03651583,-0.01465326,0.007406235,-0.02858943,-0.06872475,0.08103442,0.005491614,61.3074,70.80421,25.68255,65.57916,LOVE
0.09325503,0.04780728,-0.03953466,0.0007997677,0.1234704,-0.0136714,-0.001561683,0.009195954,-0.03677127,-0.01550332,0.005517572,-0.02818087,-0.06788942,0.08121735,0.0001341403,62.0671,69.67542,26.15782,64.32195,LOVE
0.09515983,0.03165323,-0.05317593,0.007363444,0.120666,-0.03267664,-0.004230432,0.00360769,-0.03876776,-0.01743545,0.001882762,-0.02849051,-0.06273393,0.08314896,-0.01321623,63.88182,70.08039,25.24993,62.40931,LOVE
0.09796154,0.01612273,-0.05676413,0.01558129,0.1179803,-0.04358375,-0.00561778,0.0003935993,-0.0423452,-0.01812966,0.0001244545,-0.03116485,-0.05982328,0.08670345,-0.02026635,65.96773,70.53048,22.63285,63.47954,LOVE
0.08700994,-0.0003875196,-0.07634765,0.01451736,0.1147385,-0.0541504,-0.01514432,-0.002153575,-0.0470807,-0.02521007,-0.0007094741,-0.03326342,-0.05895658,0.09096256,-0.01485047,68.77001,70.76653,19.37707,65.19943,LOVE
0.06709403,0.05040464,-0.07623979,0.002717786,0.1265345,-0.000347048,-0.01822573,0.01278779,-0.03319529,-0.02637374,0.006659299,-0.01817727,-0.06272752,0.07927972,0.03705332,62.6764,71.79956,26.60196,64.639,LOVE
0.09890017,0.01152021,-0.05610818,0.03016633,0.1214065,-0.02715552,-0.002369615,0.006643862,-0.04917434,-0.01597004,0.006471187,-0.03839597,-0.05475343,0.09448457,-0.01281828,66.19268,70.99916,19.65096,64.69366,LOVE
0.08966983,0.05492267,-0.03617483,0.00512068,0.1266778,0.005255282,-0.001238279,0.01522112,-0.03825808,-0.0150943,0.009261727,-0.02927053,-0.07276797,0.07956791,0.008213997,59.19328,70.77931,24.78024,64.46179,LOVE
0.08804131,0.05965137,-0.03149459,0.000155434,0.1261984,0.008908361,-0.001189224,0.01629123,-0.03737411,-0.01517016,0.009167254,-0.02853411,-0.07519176,0.07632652,0.009549618,58.83724,70.49645,25.7723,64.28349,LOVE
0.08885877,0.0613268,-0.02670985,-0.003747404,0.1253634,0.009522319,-0.0006241426,0.01636145,-0.03668386,-0.01502001,0.008684367,-0.02824849,-0.07648322,0.0748474,0.009425223,59.49718,70.28967,26.89257,64.51181,LOVE
0.09242514,0.05783153,-0.02546808,-0.003430281,0.1254466,0.003198802,-0.0003157072,0.01452035,-0.03703642,-0.01487156,0.007598191,-0.02911744,-0.0746807,0.07677194,0.00358659,60.80304,70.04795,26.65648,63.77576,LOVE
0.0929268,0.05469841,-0.03058243,-0.001095079,0.1256854,-0.001477599,-0.001736946,0.01293552,-0.03720355,-0.01568189,0.006865382,-0.02896491,-0.07278287,0.07856172,0.002257258,61.05634,70.15157,25.86465,63.37159,LOVE
0.09254627,0.04645485,-0.04300052,0.00660865,0.1257316,-0.01024261,-0.003751885,0.01040113,-0.03782305,-0.01738691,0.006060064,-0.02844623,-0.06824934,0.08229282,0.000751555,60.8788,70.39336,25.602,62.658,LOVE
0.09327187,0.04394343,-0.04431289,0.008315774,0.1255008,-0.01279601,-0.003847148,0.009723485,-0.03811872,-0.01736077,0.005788714,-0.0286901,-0.06699184,0.08295727,-0.001683742,61.09636,70.40292,25.23732,62.21745,LOVE
0.09534574,0.03752533,-0.04696575,0.01092677,0.1243451,-0.02064243,-0.004314089,0.007613003,-0.03906333,-0.01746834,0.004619747,-0.02933404,-0.06555837,0.08403406,-0.006718904,62.08002,70.31734,24.35781,61.94381,LOVE
0.0886872,0.01156148,-0.0715965,0.01528999,0.1182365,-0.04551947,-0.01160496,-0.0004426241,-0.04162025,-0.02226354,-6.222725E-05,-0.02887177,-0.06082629,0.0868881,-0.01506814,65.84781,72.42828,22.06137,62.82429,LOVE
0.04266717,-0.002853751,-0.1081131,-0.003188036,0.1136854,-0.05655354,-0.03076787,-0.0006404221,-0.03271726,-0.0340253,0.0006939173,-0.01583779,-0.05682741,0.09028184,0.008620828,67.48917,70.80691,21.87775,62.42543,LOVE
0.04587042,0.04997981,-0.09345663,0.009029761,0.126174,0.005641758,-0.02728523,0.01698601,-0.0272353,-0.03097782,0.009807706,-0.0112296,-0.04703734,0.07721245,0.05970192,64.94257,70.92655,24.52333,65.51156,LOVE
0.05139545,0.05723637,-0.08607695,0.01141664,0.1241023,0.01799539,-0.02426685,0.0196259,-0.02636215,-0.02896451,0.01153323,-0.01113087,-0.04508346,0.07256415,0.06652826,65.0102,70.88953,25.30254,66.97105,LOVE
0.05716608,0.05065858,-0.086061,0.004310086,0.1250239,0.004716158,-0.02184676,0.01546746,-0.0287289,-0.02741499,0.00946188,-0.01341808,-0.04968762,0.07796562,0.05543721,64.62112,69.71582,25.6887,66.8185,LOVE
0.04657647,0.01597646,-0.1059789,-0.01513454,0.1187725,-0.04044256,-0.02920691,0.001401156,-0.02979141,-0.03227673,0.0004851222,-0.01185244,-0.06184279,0.08418441,0.02307552,68.22447,69.8964,25.42044,61.35612,LOVE
0.04608495,0.0144776,-0.1062905,-0.02373106,0.1145265,-0.04558071,-0.02877954,-0.001303434,-0.0295777,-0.03238578,-0.001322538,-0.01182011,-0.0659413,0.08196744,0.0254257,68.34054,68.70995,25.71948,62.45728,LOVE
0.05027955,0.02039525,-0.1031304,-0.02390846,0.1156646,-0.04238972,-0.02718422,-0.0005462766,-0.03104335,-0.03168403,-0.001366705,-0.01352882,-0.0686093,0.0802604,0.02838695,67.786,68.44339,25.70445,63.53397,LOVE
0.05364593,0.03057796,-0.09764004,-0.02314596,0.1181115,-0.03591037,-0.02575995,0.002041847,-0.03255635,-0.03097056,-9.796023E-05,-0.01563454,-0.07037701,0.07785535,0.03406641,66.11086,67.39699,25.0301,64.64325,LOVE
0.06022117,0.03759229,-0.09077549,-0.02013975,0.1202458,-0.02966714,-0.0240002,0.005845338,-0.03454986,-0.03022618,0.002533227,-0.01834318,-0.07105479,0.07629171,0.03701267,65.48224,65.48582,24.12719,64.92378,LOVE
0.04579818,0.07358143,-0.06524456,-0.03325721,0.1189418,-0.006454766,-0.02572853,0.01433399,-0.03230512,-0.03095146,0.006381631,-0.01744759,-0.07014889,0.06025925,0.05969036,55.23621,59.1903,23.10916,67.59711,LOVE
0.04122952,0.07189891,-0.06905019,-0.03278652,0.1191873,-0.01215953,-0.02747186,0.01359713,-0.032224,-0.03187884,0.005432189,-0.01718247,-0.06894837,0.06364962,0.05714488,53.03582,58.17409,22.62352,67.15717,LOVE
0.04107997,0.06447998,-0.07677764,-0.02974747,0.1187616,-0.02367991,-0.02871594,0.01231763,-0.03290069,-0.03253032,0.004509419,-0.01702216,-0.06714282,0.07037657,0.05122054,52.34695,56.8241,22.58218,66.37417,LOVE
0.04123814,0.05882752,-0.08162895,-0.02608965,0.1184928,-0.03022435,-0.02919657,0.01195657,-0.03304613,-0.03278558,0.004658848,-0.01644167,-0.06432375,0.07525605,0.04780793,52.04869,56.20892,22.88256,65.68785,LOVE
0.04876416,0.01656127,-0.09985818,-0.0134253,0.114,-0.05194652,-0.02888637,0.0006296635,-0.02960926,-0.03290636,0.0009816885,-0.01274365,-0.05633096,0.09140256,0.02641493,63.02823,67.46479,24.54281,65.69161,LOVE
0.05221426,0.03355199,-0.09339628,-0.009042392,0.1217355,-0.03009617,-0.02643906,0.006672323,-0.0309599,-0.03056323,0.00341323,-0.01427883,-0.05608478,0.08637926,0.04369208,62.8972,67.52222,24.49862,68.58346,LOVE
0.05669536,0.04453823,-0.0838697,-0.008951962,0.1230286,-0.02009398,-0.02407888,0.01065889,-0.03291702,-0.0285192,0.005367637,-0.01685405,-0.05695819,0.08269021,0.04941618,61.20895,65.45718,23.35768,70.7952,LOVE
0.05386241,0.05031052,-0.08125669,-0.01026105,0.1233419,-0.01451421,-0.02467534,0.01266313,-0.0320158,-0.02851629,0.006592602,-0.01633987,-0.0552875,0.08057064,0.05413702,60.01622,64.41218,22.6612,70.93442,LOVE
0.04810801,0.05767706,-0.07727471,-0.01316752,0.1223013,-0.009978473,-0.02564587,0.01477084,-0.02982751,-0.02907642,0.008398414,-0.0143992,-0.05065815,0.07872999,0.05988884,57.26445,61.90837,22.69646,70.03525,LOVE
0.03804506,0.02855706,-0.09810802,-0.008558422,0.118312,-0.03463292,-0.03100784,0.009728551,-0.02587622,-0.03223222,0.008509099,-0.008368999,-0.03277134,0.09395406,0.04621655,61.39454,63.22506,24.54595,67.07382,LOVE
0.03754057,0.02293465,-0.1040089,0.004089206,0.1211243,-0.02857861,-0.03217357,0.01189831,-0.02817446,-0.03284637,0.009989768,-0.0111891,-0.03091191,0.09474552,0.04733232,65.17455,67.50491,21.54636,68.9304,LOVE
0.04368179,0.04035643,-0.09580737,0.0104911,0.1238044,-0.004278183,-0.0292556,0.01698741,-0.02551138,-0.03162476,0.01319316,-0.009824097,-0.02843916,0.08570424,0.06307429,65.27142,68.79494,22.04685,68.94764,LOVE
0.05742776,0.03483531,-0.09113684,0.01147006,0.1233896,-0.006869584,-0.02523592,0.01591831,-0.02695984,-0.02993903,0.01281178,-0.01156572,-0.03399976,0.08783486,0.05329067,66.58804,68.12034,23.82111,65.90263,LOVE
0.0477782,0.02362794,-0.1004369,0.004958197,0.1221358,-0.02824625,-0.02725308,0.009247541,-0.02881294,-0.03088479,0.008159459,-0.01255336,-0.04346064,0.09156772,0.03448203,65.30534,69.27309,23.80205,63.20481,LOVE
0.05056679,0.01473764,-0.1009216,-0.000477992,0.1185543,-0.03930742,-0.02692118,0.005043596,-0.03045589,-0.03084673,0.005350262,-0.01295596,-0.04677743,0.09357575,0.02836615,66.41073,69.30518,25.56045,64.58686,LOVE
0.05175301,0.0124597,-0.1006457,-0.002509303,0.1171979,-0.04284689,-0.02699664,0.003847152,-0.0312306,-0.03073987,0.004461735,-0.01334229,-0.04754263,0.09398544,0.02654526,66.60381,68.97251,25.62869,65.43388,LOVE
0.04969389,0.01105484,-0.1019962,-0.00645544,0.1162211,-0.04471639,-0.02862714,0.002957255,-0.03078991,-0.03144449,0.003830492,-0.01247218,-0.0474755,0.09381664,0.0273743,67.12754,68.74326,25.45605,65.89272,LOVE
0.06568003,0.06091228,-0.06189874,-0.02003153,0.1214952,-0.002028078,-0.02067687,0.01288706,-0.03252891,-0.02778118,0.007625937,-0.018435,-0.06458895,0.07226294,0.05084687,62.40982,65.87315,23.74408,67.90483,LOVE
0.06178496,0.06632021,-0.05804187,-0.02238261,0.1212489,0.003609121,-0.02149549,0.01465166,-0.0319947,-0.02782911,0.007707,-0.01847857,-0.06451933,0.06957248,0.05344123,60.93916,65.09286,22.89212,68.89688,LOVE
0.05631395,0.06950536,-0.05861747,-0.02643716,0.1204987,0.001938045,-0.02275512,0.01294801,-0.03079265,-0.02984283,0.005414486,-0.01621029,-0.06574841,0.06702214,0.0524801,59.11768,65.06834,26.09138,66.51138,LOVE
0.05581127,0.05194834,-0.08073032,-0.02310768,0.1205154,-0.01846039,-0.02469045,0.00728932,-0.03016821,-0.03091172,0.002907246,-0.01291642,-0.06233513,0.07559669,0.04767591,62.03748,65.94627,28.31561,65.30537,LOVE
0.05132056,0.01681307,-0.1020206,-0.01369712,0.1181829,-0.03764951,-0.02977847,0.004735857,-0.0259954,-0.03277098,0.003947169,-0.008179694,-0.05561076,0.08158636,0.02443942,69.15794,66.93571,26.91403,55.7938,LOVE
0.05054113,0.0166634,-0.1024655,-0.0124686,0.1183476,-0.03780437,-0.03032741,0.005171001,-0.02557343,-0.03290785,0.004454553,-0.008058965,-0.05536099,0.08124867,0.02297196,68.79121,66.93659,26.15139,54.60007,LOVE
0.04877797,0.01263547,-0.1036977,-0.00936956,0.1177382,-0.04019105,-0.03075469,0.005427927,-0.02631602,-0.03302126,0.005606264,-0.007857203,-0.0490048,0.08870092,0.02639607,68.81374,67.07251,26.91911,58.01938,LOVE
0.04424688,0.01030836,-0.1060506,-0.008500479,0.1177673,-0.04010475,-0.03208387,0.005764395,-0.02517828,-0.03321147,0.006808162,-0.007003933,-0.04230373,0.09329763,0.03299597,69.27603,67.5507,26.0399,60.95087,LOVE
0.04151479,0.009762436,-0.1073698,-0.006037071,0.1184984,-0.0382089,-0.03254288,0.006479681,-0.02470624,-0.03298621,0.007824719,-0.006690741,-0.03893884,0.09431073,0.03644258,69.64715,68.28102,25.57527,61.63718,LOVE
0.03553484,0.0225133,-0.1038649,-0.002563849,0.1200767,-0.03254643,-0.0322048,0.00786075,-0.02550533,-0.03255888,0.008857757,-0.007374257,-0.03730921,0.09273997,0.04155156,64.54792,69.10181,25.28192,62.44251,LOVE
0.03711388,0.02524137,-0.1024713,0.0006193668,0.1211585,-0.02779722,-0.03171218,0.009334475,-0.02583691,-0.03164776,0.009578824,-0.008057803,-0.03503457,0.09193987,0.04580104,64.76093,69.4649,24.3179,63.97841,LOVE
0.03858086,0.02789426,-0.1008095,0.003100216,0.1217797,-0.02376696,-0.03110977,0.01056781,-0.02596506,-0.03082044,0.01044756,-0.008786887,-0.03275043,0.0914585,0.0493691,64.70428,69.64857,23.20849,65.36556,LOVE
0.03827031,0.04343066,-0.09455085,0.01088399,0.1236222,-0.0006918311,-0.0320711,0.01764125,-0.02404213,-0.03154552,0.01463938,-0.007114828,-0.02869736,0.08269763,0.06622839,64.8327,70.11639,22.03046,65.03207,LOVE
0.04166298,0.04997569,-0.08980259,0.01747392,0.1225407,0.0109182,-0.03155401,0.02142367,-0.02161714,-0.03120032,0.01669502,-0.005374908,-0.02422979,0.07774913,0.07225978,64.78003,70.28294,21.65703,64.69551,LOVE
0.04594831,0.05250365,-0.08627588,0.02073868,0.1212876,0.0160467,-0.0295537,0.02310631,-0.01968458,-0.02955611,0.01701385,-0.003967643,-0.01860641,0.0763517,0.0755049,64.45863,69.11948,22.40667,65.53787,LOVE
0.04582874,0.0505043,-0.08768338,0.01815847,0.1221557,0.01202589,-0.02969681,0.02187434,-0.01994991,-0.02998768,0.01610196,-0.003875613,-0.01977953,0.07865292,0.07242668,64.43915,68.66618,23.22743,64.92041,LOVE
0.06398049,0.02272239,-0.09185013,0.003955211,0.1228325,-0.02400014,-0.02549713,0.008154064,-0.03364664,-0.02892124,0.00631693,-0.01661441,-0.05130558,0.08833316,0.03398764,68.47125,71.50087,22.55593,66.16017,LOVE
0.06465228,0.02761623,-0.08970648,0.001608089,0.1233177,-0.02105123,-0.02459228,0.008020222,-0.03305197,-0.02865728,0.005861729,-0.01642656,-0.0537104,0.08679622,0.03444475,67.75574,71.74034,23.14418,65.7873,LOVE
0.0664427,0.03840879,-0.08390278,-0.004023942,0.1244143,-0.009695858,-0.02348442,0.009851098,-0.0327127,-0.02855359,0.00666526,-0.01647753,-0.05745963,0.08209056,0.04184216,67.97218,71.55984,23.85455,65.77855,LOVE
0.06389154,0.05014026,-0.07629219,-0.007562544,0.1242635,-0.001321644,-0.02304401,0.01158145,-0.03222579,-0.02810781,0.00782603,-0.01657534,-0.05957159,0.07800964,0.04586998,65.0673,71.20055,23.25749,65.20607,LOVE
0.06589671,0.07251707,-0.04418626,-0.0249311,0.117,0.01824525,-0.02083529,0.01708853,-0.03053108,-0.02799556,0.009082049,-0.01775882,-0.06563993,0.06115422,0.05824456,62.3537,66.54035,23.80692,68.31337,LOVE
0.06649785,0.07238314,-0.04359972,-0.02511011,0.117568,0.01681846,-0.02013594,0.0166724,-0.03063643,-0.02863734,0.007926434,-0.01747304,-0.06737731,0.06130713,0.05595142,62.10455,66.48655,26.34409,67.0351,LOVE
0.06445254,0.06731954,-0.05869401,-0.02266682,0.1218083,0.006768733,-0.02121759,0.01190221,-0.03098407,-0.0284634,0.004026055,-0.01668102,-0.0691487,0.06577107,0.04710484,62.35215,69.38556,26.7963,65.848,LOVE
0.06698537,0.06133235,-0.06434029,-0.02032772,0.1229692,-0.001927793,-0.02158274,0.01038069,-0.03190154,-0.02834534,0.003712416,-0.01747561,-0.06962165,0.06990194,0.04019955,62.97412,69.06488,25.35687,64.61137,LOVE
0.082161,0.03796414,-0.07113558,-0.007238466,0.1246404,-0.01677942,-0.01960712,0.01057655,-0.03725249,-0.02713648,0.005998045,-0.02180254,-0.06672384,0.08104363,0.02279222,68.43253,67.58189,23.34468,61.68455,LOVE
0.0862503,0.03725702,-0.06571504,-0.002399344,0.1252199,-0.01147529,-0.01891691,0.01384863,-0.03845218,-0.02681536,0.009009629,-0.02273595,-0.06414753,0.08220902,0.0252775,68.80889,66.91583,22.84246,61.02951,LOVE
0.08447593,0.03792161,-0.06619027,-0.003777109,0.1247458,-0.01487845,-0.01936954,0.01316795,-0.0389123,-0.02710894,0.007832408,-0.02281156,-0.06404096,0.0827612,0.02570483,67.83913,66.29675,23.09719,62.62346,LOVE
0.07536019,0.05213988,-0.06748217,-0.01459381,0.1240044,0.000623405,-0.02079314,0.01315886,-0.03566366,-0.02713859,0.007429749,-0.0203923,-0.0677195,0.07471305,0.03750443,67.99741,69.29292,22.67205,64.18347,LOVE
0.06230702,0.08030817,-0.04034096,-0.0263433,0.1158078,0.03368378,-0.0189604,0.01771921,-0.0306049,-0.02530688,0.008613795,-0.01814419,-0.07284626,0.0538559,0.05736727,62.18176,72.12327,23.62642,68.55653,LOVE
0.06146517,0.07686356,-0.04878074,-0.02428322,0.1187314,0.02663952,-0.02199778,0.01593801,-0.0295991,-0.02858622,0.006667674,-0.01607209,-0.07051983,0.05676425,0.05444229,62.30747,70.81693,25.76433,64.54602,LOVE
0.07831331,0.02998933,-0.07494554,-0.004008792,0.1227794,-0.02492186,-0.02771537,0.01207969,-0.03525078,-0.03119685,0.00859338,-0.01803172,-0.05954009,0.08061168,0.02506232,68.19778,64.86266,21.183,56.74784,LOVE
0.0634127,0.02270681,-0.09134001,-0.004281826,0.1215811,-0.03069085,-0.03065358,0.00971809,-0.03608021,-0.03292963,0.007291853,-0.01814869,-0.05082812,0.08876693,0.034354,68.1805,66.47816,20.3912,65.74772,LOVE
0.0570738,0.02547309,-0.09531942,-0.005754046,0.1228012,-0.02589118,-0.03129499,0.009147018,-0.03439134,-0.03269649,0.006612211,-0.01630864,-0.05250856,0.08662337,0.03622335,68.41671,68.37872,20.83524,64.8304,LOVE
0.05069419,0.03214908,-0.09729138,-0.006891988,0.1242428,-0.01678258,-0.03080953,0.009193033,-0.0316408,-0.03235514,0.006326556,-0.01419976,-0.05363489,0.08208179,0.04147893,68.4274,70.55534,21.71903,64.16039,LOVE
0.04663476,0.03730693,-0.0974873,-0.00714314,0.1247192,-0.01072037,-0.02946899,0.008546859,-0.02971423,-0.03164987,0.005957097,-0.01327041,-0.053061,0.08010063,0.04768202,68.0212,72.67287,22.15814,65.93069,LOVE
0.04782483,0.0572232,-0.08386797,0.0101347,0.1223607,0.02143401,-0.02907915,0.01882842,-0.02430698,-0.03138666,0.01337302,-0.009403646,-0.03984212,0.07263273,0.07178706,66.00213,73.61211,21.53889,66.50164,LOVE
0.04715042,0.03832853,-0.09478515,0.01109126,0.1249983,-0.007563919,-0.03075595,0.01557049,-0.02694538,-0.03259029,0.01151904,-0.01046067,-0.03989361,0.08570933,0.05314469,64.7811,70.80003,22.14652,63.76306,LOVE
0.0442922,0.03133047,-0.09888479,0.01318409,0.1243872,-0.01676261,-0.03101842,0.01516852,-0.02782795,-0.03274637,0.01145577,-0.01067469,-0.03698508,0.08980212,0.0488399,64.45279,69.67143,22.55384,64.18119,LOVE
0.04104266,0.02006811,-0.1038815,0.009891421,0.1222759,-0.02869597,-0.03126296,0.01200995,-0.02871782,-0.03247129,0.009157479,-0.01079902,-0.0351067,0.09511504,0.04158968,65.88816,69.0938,23.30946,66.27589,LOVE
0.03013173,0.04921934,-0.09350148,-0.01494126,0.1229159,-0.009903163,-0.03570284,0.01112103,-0.0275538,-0.03752193,0.009266645,-0.01074463,-0.04829374,0.07893446,0.05628693,61.43746,67.87294,21.07036,63.49887,LOVE
0.02177057,0.05376542,-0.09049621,-0.02101084,0.1218216,-0.0128133,-0.03662015,0.009590894,-0.0200741,-0.03594893,0.005710274,-0.003404588,-0.04067484,0.08045506,0.06204042,57.12275,65.65783,23.22198,64.6902,LOVE
0.03119836,0.0647687,-0.08030552,-0.0204496,0.1234543,0.0003536344,-0.03306329,0.01142085,-0.01983774,-0.03416479,0.006445348,-0.004743755,-0.04609577,0.0704737,0.07050267,57.0828,65.59716,23.1652,63.91324,LOVE
0.03143773,0.0702498,-0.07407159,-0.02854927,0.1216154,0.0049842,-0.03271028,0.01153052,-0.02188343,-0.03445623,0.005430609,-0.006548226,-0.05170109,0.06518885,0.07253638,56.98252,64.25446,23.67384,64.92204,LOVE
0.04198955,0.06194109,-0.08004361,-0.03807481,0.1184337,-0.00997597,-0.03322313,0.01109847,-0.02551702,-0.03520522,0.004304349,-0.009370983,-0.05877492,0.06791064,0.06398118,61.45054,58.40058,23.62701,64.17956,LOVE
0.02863909,0.05894896,-0.08452648,-0.04048735,0.1139922,-0.02518281,-0.03472948,0.008282989,-0.02363044,-0.03604998,0.003764808,-0.007929802,-0.05662187,0.0728451,0.06026295,54.42381,56.16887,22.2248,63.2934,LOVE
0.02812913,0.05473915,-0.08888283,-0.04219743,0.1119384,-0.0305523,-0.03500046,0.007949382,-0.02492815,-0.03591318,0.003194779,-0.008555174,-0.05712633,0.07409319,0.05929244,55.00076,54.56231,22.53935,64.28317,LOVE
0.02608036,0.05444181,-0.09035781,-0.04464015,0.1113751,-0.029322,-0.03573883,0.007790893,-0.0248996,-0.03599487,0.00270474,-0.008290142,-0.05787163,0.07274577,0.06055394,55.77864,54.25062,22.51341,64.36165,LOVE
0.02468922,0.05257693,-0.09197068,-0.05157778,0.1069879,-0.0342679,-0.03624739,0.00540024,-0.02624607,-0.03616741,9.894371E-05,-0.009435117,-0.06366293,0.07092953,0.05760843,56.08189,53.08634,22.27431,64.89713,LOVE
0.01731132,0.05627346,-0.08853507,-0.0553641,0.1040104,-0.04217756,-0.03758757,0.00714305,-0.03192011,-0.03783686,-0.002292067,-0.01625371,-0.07340412,0.06801477,0.04952222,49.57363,48.02858,20.5224,66.76693,LOVE
0.0136521,0.05672386,-0.08853883,-0.05484706,0.1054613,-0.04036728,-0.03791411,0.007201999,-0.0301705,-0.0373725,-0.002543896,-0.01494324,-0.07238594,0.0679433,0.05050844,48.57368,48.72261,20.58255,66.68927,LOVE
0.02121653,0.04704154,-0.09243262,-0.02781333,0.1175264,-0.03163195,-0.03650905,0.01031443,-0.02081123,-0.03619828,0.007673681,-0.003851712,-0.03762593,0.08544809,0.05904812,53.49542,57.7095,23.08743,64.17606,LOVE
0.01870677,0.04200771,-0.09747294,-0.01041949,0.1223065,-0.02725118,-0.03528034,0.01081988,-0.02030852,-0.0349832,0.009144723,-0.002757281,-0.03055138,0.08850211,0.05784485,55.89153,64.9274,24.57065,64.49278,LOVE
0.0228378,0.03249016,-0.1012744,-0.006547675,0.1196426,-0.03595874,-0.03459622,0.01137438,-0.02165961,-0.03441448,0.01049304,-0.004159063,-0.02793847,0.09349474,0.0508444,57.16314,63.48765,24.17614,64.25419,LOVE
0.02467173,0.02752572,-0.1034675,-0.005129255,0.1180372,-0.03996229,-0.0337269,0.01097983,-0.02377114,-0.03389873,0.01059863,-0.006079108,-0.02868629,0.09527406,0.04705849,58.02237,62.98483,24.12487,64.68081,LOVE
0.0237938,0.04004714,-0.09903353,-0.008855063,0.1222647,-0.02461588,-0.03556453,0.0119969,-0.0253644,-0.0352601,0.009973139,-0.007744133,-0.03642105,0.08767125,0.05572692,58.62902,64.86166,22.26871,65.236,LOVE
0.02493679,0.04844895,-0.09040985,-0.01698319,0.1216334,-0.02274644,-0.03507677,0.009117365,-0.02523917,-0.03548741,0.007087857,-0.007675886,-0.04255188,0.08613309,0.05488041,55.19319,65.59999,23.07036,65.46979,LOVE
0.02477403,0.05975637,-0.07672676,-0.02869914,0.1186491,-0.02123332,-0.03338993,0.009127855,-0.02673253,-0.03358,0.003276616,-0.01006851,-0.05180052,0.08353844,0.04608309,49.90737,61.2211,22.73347,66.09061,LOVE
0.02262738,0.07129592,-0.05847487,-0.03597712,0.1149704,-0.01330608,-0.03155642,0.01031208,-0.02587643,-0.03157941,0.004043311,-0.01003829,-0.06042918,0.07384491,0.03223851,44.83056,58.50475,22.51958,55.93492,LOVE
0.01910866,0.0724113,-0.05270582,-0.03239944,0.1151115,-0.01146111,-0.03023743,0.01094839,-0.02473989,-0.0306059,0.004870147,-0.008479267,-0.03112575,0.01819226,0.01815858,40.86117,58.82016,24.25702,46.83609,LOVE
0.0192179,0.0693284,-0.05828351,-0.03515241,0.1138081,-0.01931012,-0.03097737,0.0088633,-0.02551997,-0.03172154,0.003531814,-0.008043319,-0.03559174,0.006670117,0.00812757,41.71405,58.51411,25.68603,27.12506,LOVE
0.02058633,0.06750375,-0.06082553,-0.03476338,0.1137612,-0.02254996,-0.03147269,0.008595109,-0.02549303,-0.03220795,0.003379136,-0.007677346,-0.0356167,0.006070703,0.008832306,42.35925,58.13042,26.012,27.31844,LOVE
0.02558657,0.06368148,-0.06310406,-0.02663911,0.1158959,-0.02770621,-0.03134701,0.01005375,-0.02659267,-0.03251074,0.004503369,-0.008288413,-0.03673604,0.008486211,0.008949161,42.09512,58.0157,26.25183,27.98843,LOVE
0.03947399,0.04647422,-0.08325055,-0.01193038,0.1183117,-0.0325858,-0.03121315,0.01097569,-0.02722692,-0.03305633,0.007491827,-0.009663731,-0.04629877,0.08585775,0.02826539,52.52895,61.03898,24.23464,57.92963,LOVE
0.04211469,0.04087228,-0.09223026,-0.0009574741,0.121697,-0.02071986,-0.03283845,0.01594499,-0.02615201,-0.03435948,0.0125196,-0.009813428,-0.03041436,0.08586442,0.06156766,59.52386,63.03513,21.25864,68.64639,LOVE
0.04580006,0.03965551,-0.09204149,-0.0007084757,0.121565,-0.01816943,-0.03188248,0.0145621,-0.02665371,-0.03406982,0.01257095,-0.01136571,-0.03664729,0.08383742,0.05779928,61.51035,65.12038,20.22836,66.44779,LOVE
0.04561358,0.04090634,-0.09153455,-0.00162296,0.1217353,-0.01544404,-0.03159348,0.01407036,-0.02613631,-0.0338944,0.0124082,-0.01110575,-0.03784949,0.08303723,0.05735067,62.12815,65.95348,20.27025,65.67949,LOVE
0.03491502,0.04970762,-0.09021309,-0.00327044,0.1230484,-0.005476326,-0.03221105,0.01425448,-0.02132437,-0.0335231,0.01226833,-0.006180495,-0.03081622,0.08006001,0.06690714,61.00188,67.07656,21.65279,66.02181,LOVE
0.02354366,0.05496997,-0.08697066,-0.009175688,0.123248,-0.01059034,-0.03314696,0.01236224,-0.01765433,-0.03323689,0.00962311,-0.00177744,-0.02907146,0.08253443,0.06506237,55.15672,65.74442,23.93871,64.19132,LOVE
0.02341359,0.04928648,-0.09172198,-0.01155481,0.1225249,-0.0188221,-0.03341644,0.01101544,-0.01897514,-0.03361605,0.008589923,-0.0021272,-0.03114618,0.08630395,0.05908003,55.66359,65.13219,25.1069,64.00421,LOVE
0.02257954,0.04566157,-0.09472248,-0.01177151,0.1220842,-0.02272126,-0.03393953,0.01063809,-0.01940921,-0.03402253,0.008606791,-0.002737284,-0.03183115,0.0880304,0.05647436,56.21056,64.9592,24.35238,64.01572,LOVE
0.01334047,0.02694944,-0.1048671,-0.01069964,0.1174628,-0.04263461,-0.03887163,0.01155469,-0.02593553,-0.03836194,0.01085266,-0.00755778,-0.03092114,0.09602955,0.04687321,56.79062,61.51958,21.87789,65.46918,LOVE
0.01147072,0.02687207,-0.104255,-0.01162865,0.1163382,-0.04469088,-0.03941523,0.01194322,-0.02567554,-0.0384207,0.01093689,-0.007180065,-0.02899643,0.09688091,0.04581776,55.62271,60.45768,21.76913,65.83463,LOVE
0.008009158,0.02925315,-0.1023567,-0.01510622,0.1146594,-0.04650581,-0.04168969,0.01357058,-0.02542734,-0.04028222,0.01264793,-0.007275641,-0.0268906,0.09713992,0.04522988,53.08142,57.78102,20.34267,65.23453,LOVE
0.005709581,0.03053841,-0.1017383,-0.01740381,0.1148601,-0.04502696,-0.04062352,0.01218724,-0.02317968,-0.03909207,0.01213494,-0.005182266,-0.02728439,0.09635532,0.04550719,52.92947,58.4543,21.44863,63.8521,LOVE
0.01414488,0.05606937,-0.08438122,-0.02500921,0.118952,-0.01907021,-0.03695983,0.01250777,-0.02121893,-0.03455862,0.008325368,-0.004745364,-0.04039707,0.08570695,0.04650053,50.97519,58.97293,21.49118,60.06338,LOVE
0.01275804,0.06078142,-0.07910269,-0.02748944,0.1189384,-0.01561242,-0.03691822,0.01254126,-0.02124608,-0.03455453,0.007386297,-0.004958928,-0.04728642,0.08083957,0.04181373,49.03999,58.70938,21.5432,56.42818,LOVE
0.01327275,0.07374391,-0.05511209,-0.03944793,0.1095338,-0.01647389,-0.03650307,0.01917541,-0.02190697,-0.03350137,0.01006287,-0.00533247,-0.05762132,0.07078007,0.0294098,39.3121,44.71585,21.9214,42.8926,LOVE
0.008602425,0.07380131,-0.03864491,-0.04298239,0.08130899,-0.04047602,-0.03280614,0.02873328,-0.02821136,-0.03248171,0.01054811,-0.008987248,-0.05375481,0.04928297,-0.001113117,31.24161,20.51008,27.81885,27.91879,LOVE
0.04536768,0.01504713,-0.1046409,0.007147245,0.1201957,-0.0374229,-0.02975709,0.006744236,-0.03120235,-0.03288847,0.006785691,-0.01503253,-0.0483856,0.09191737,0.03042525,65.35442,71.28471,21.54431,63.80886,LOVE
0.04330929,0.01302668,-0.1058337,0.00798931,0.1195609,-0.03962937,-0.02967034,0.006895125,-0.03103998,-0.03269352,0.007099986,-0.01485461,-0.04731604,0.09363395,0.02889881,65.17947,70.66361,21.60816,63.41776,LOVE
0.04713792,0.02668977,-0.1010685,0.004957683,0.1236066,-0.02417919,-0.0279206,0.0108043,-0.03200144,-0.03163729,0.008587629,-0.01488787,-0.04917885,0.08878368,0.03818923,65.57578,69.09628,22.98279,63.37443,LOVE
0.0438319,0.02805406,-0.1011341,0.0002834052,0.1219784,-0.03094709,-0.02939403,0.009894818,-0.02993575,-0.03257532,0.008133531,-0.01316583,-0.04722685,0.09012818,0.0368287,62.70233,66.93662,22.89215,62.7548,LOVE
0.04315905,0.02353698,-0.1034694,-0.0009376705,0.1209912,-0.03487587,-0.03012694,0.008438051,-0.02963352,-0.03300376,0.006926566,-0.01250914,-0.04886213,0.09028473,0.03414407,63.59053,67.42992,23.31101,62.26614,LOVE
0.04965576,0.0479472,-0.08859307,-0.004889395,0.123538,-0.01187822,-0.02637085,0.01227009,-0.02845418,-0.03139056,0.0093261,-0.01296657,-0.05000271,0.07998094,0.0532943,61.14027,66.90045,23.804,64.80326,LOVE
0.05458305,0.05936843,-0.07532609,-0.01741856,0.1216157,-0.005317032,-0.02439029,0.01386037,-0.029037,-0.03005956,0.009545654,-0.01419771,-0.05621701,0.07105327,0.06011286,60.56059,62.85984,23.79757,66.24946,LOVE
0.04757385,0.06375098,-0.07484701,-0.02503534,0.1198852,-0.007012546,-0.02648856,0.01385128,-0.02866158,-0.03049946,0.008247644,-0.01385018,-0.05695831,0.06877804,0.06281701,58.62065,60.19991,22.58126,67.61425,LOVE
0.04784792,0.05818638,-0.07610643,-0.01676213,0.1200018,-0.01656836,-0.02856609,0.01662168,-0.02682638,-0.03235126,0.01045731,-0.01129752,-0.04728185,0.07812673,0.0616951,55.37367,55.90794,23.26667,65.30473,LOVE
0.04925178,0.05298969,-0.08120805,-0.01170046,0.1206075,-0.01783383,-0.02800963,0.01622999,-0.02628589,-0.03175809,0.01161847,-0.01059803,-0.04478417,0.08012938,0.06071723,56.95895,57.37004,23.35774,64.00043,LOVE
0.04104968,0.03897753,-0.09486103,-0.009854943,0.1190429,-0.03151548,-0.03035799,0.01114956,-0.02471566,-0.03305253,0.0102272,-0.008937836,-0.04021468,0.08786568,0.05156037,58.03301,61.42193,23.05557,63.16223,LOVE
0.03767265,0.03314593,-0.0995453,-0.001751214,0.1203682,-0.0322684,-0.03088322,0.01112688,-0.02420491,-0.0330507,0.01023123,-0.008089244,-0.03652145,0.09086892,0.04819041,59.095,64.67326,23.36182,63.2271,LOVE
0.03269827,0.001874179,-0.1131134,0.01881459,0.1182487,-0.04105347,-0.03250212,0.01067027,-0.02539724,-0.03327294,0.009888977,-0.008356333,-0.0311038,0.09846136,0.03084272,68.42763,71.70538,23.10091,62.93124,LOVE
0.0375725,0.04254997,-0.09899843,0.01327449,0.124422,-0.005057484,-0.02905218,0.01897791,-0.02444261,-0.03070573,0.01452494,-0.008539021,-0.02777413,0.08396146,0.06047201,63.87135,66.73848,22.20046,65.50146,LOVE
0.03528361,0.04383346,-0.09828109,0.008799314,0.1245433,-0.007214069,-0.03001897,0.01838788,-0.02454069,-0.03141569,0.01426294,-0.00848043,-0.02796422,0.08387366,0.06124425,62.7788,65.76458,22.01705,65.98047,LOVE
0.02209373,0.04787767,-0.09471691,-0.007399589,0.1229059,-0.01530799,-0.03378266,0.01567855,-0.02200532,-0.03312782,0.01200303,-0.005575925,-0.02539622,0.08545858,0.06283399,57.78278,62.0727,22.07871,67.05729,LOVE
0.0151823,0.01647851,-0.1077176,-0.00683561,0.114393,-0.04923955,-0.03563832,0.008359373,-0.02414545,-0.03506432,0.01035595,-0.00717172,-0.02826107,0.09903789,0.03888705,58.91539,64.10378,22.50978,64.93457,LOVE
0.003003575,0.0404636,-0.09555769,-0.01133266,0.1185862,-0.03823286,-0.03925136,0.01260284,-0.0214265,-0.03910228,0.01453462,-0.005321383,-0.02233368,0.09610277,0.04804772,49.60148,61.66889,20.34215,64.11988,LOVE
0.0007595047,0.06610677,-0.0780488,-0.05157313,0.09195578,-0.02929607,-0.04449735,0.03077677,-0.02166697,-0.04372398,0.04759976,0.002999514,-0.03132147,0.08193162,0.06023148,41.93479,25.42571,27.47764,37.66193,LOVE
0.007213205,0.07930589,-0.06689277,-0.04547772,0.05197197,-0.02109411,-0.04341132,0.03943908,-0.01330936,-0.0281062,0.104342,0.0558399,-0.03238952,0.0697096,0.07263911,46.12823,7.601194,51.11784,17.91807,LOVE
0.01068408,0.08079943,-0.06519628,-0.01322524,0.1221156,0.01616323,-0.04223626,0.03391623,-0.01214612,-0.04993839,0.08813274,0.04466021,-0.03609687,0.06774068,0.06628025,47.88242,49.08899,42.15606,17.06424,LOVE
0.01769464,0.07916617,-0.06336218,-0.001435235,0.1238456,0.02176207,-0.03913279,0.02820462,-0.01371154,-0.05928681,0.07656169,0.02592885,-0.0450373,0.06495988,0.05144703,49.53672,58.96996,34.88144,18.2744,LOVE
0.04975442,0.06304541,-0.0610171,-0.004076317,0.1240023,-0.004737079,-0.03111333,0.01657712,-0.02562922,-0.05899674,0.06608161,-0.01971352,-0.04625297,0.06102443,0.03129309,50.86468,64.80346,29.68823,35.06559,LOVE
0.04380469,0.03281945,-0.09125781,-0.004687963,0.1148866,-0.0474503,-0.0316612,0.01118091,-0.03469706,-0.06078714,0.05335212,-0.04090756,-0.03408235,0.09782249,0.03942859,53.38197,59.15504,25.78647,55.58512,LOVE
0.04379201,0.03234971,-0.0917083,-0.005568603,0.114585,-0.04836369,-0.03108439,0.01080233,-0.03587049,-0.06130525,0.05392867,-0.04078266,-0.03695513,0.09661272,0.03744295,53.49871,58.73086,27.21208,53.66603,LOVE
0.05003354,0.04152003,-0.08564755,-0.01086063,0.1165502,-0.03947034,-0.0265037,0.01002917,-0.03637642,-0.06102989,0.05265018,-0.04254115,-0.04913181,0.08900318,0.03873351,54.69756,59.48244,28.50737,52.49475,LOVE
0.05461757,0.06031457,-0.072431,-0.01406945,0.1246037,-0.008287579,-0.02228909,0.01415125,-0.03532392,-0.06150001,0.05780715,-0.03739065,-0.06068052,0.07581452,0.04897791,57.54144,64.68623,30.44937,51.25888,LOVE
0.06508137,0.06506988,-0.05849743,-0.01665236,0.1198806,-0.009971499,-0.01558039,0.01422986,-0.03647581,-0.05116613,0.05704471,-0.04421955,-0.06379893,0.07439896,0.04776493,56.54758,62.92748,30.20933,55.98345,LOVE
0.06965546,0.03807759,-0.07811728,-0.004063996,0.118108,-0.0383212,-0.01780495,0.01209223,-0.03946629,-0.0522655,0.04926157,-0.05658859,-0.06181503,0.0868839,0.03149721,58.60613,57.35137,23.843,55.7037,LOVE
0.07153411,0.03282279,-0.08302903,0.0008161087,0.1225487,-0.02963188,-0.02033115,0.01340482,-0.03765795,-0.05334196,0.05408123,-0.05079415,-0.0592275,0.08675623,0.03559047,63.03326,60.99121,24.72716,53.39516,LOVE
0.05995405,0.02376826,-0.09677821,0.002435092,0.1225272,-0.03107446,-0.0245466,0.009769559,-0.03428808,-0.0530277,0.0440841,-0.04025099,-0.05603079,0.0876123,0.03205606,65.63659,66.26513,25.77093,50.36222,LOVE
0.06302854,0.02628404,-0.0944595,-0.001705032,0.122474,-0.0268124,-0.02425252,0.008293271,-0.03410572,-0.03167976,0.006905079,-0.02042085,-0.06006218,0.08397293,0.02897474,67.28153,68.37382,21.40332,62.60023,LOVE
0.06511277,0.03291714,-0.0895887,-0.00338285,0.1234514,-0.02041247,-0.0228902,0.009245217,-0.03469089,-0.02844111,0.007476211,-0.0175657,-0.06210444,0.08163768,0.02910662,66.90873,68.805,24.27581,59.28714,LOVE
0.06438807,0.04540765,-0.08047369,0.00093548,0.1254719,-0.004907072,-0.02097169,0.01268679,-0.03388849,-0.02782047,0.008509129,-0.01938075,-0.05803452,0.08133265,0.03446138,64.21154,70.66868,22.76007,63.66994,LOVE
0.06100842,0.0448482,-0.08295494,0.0008300841,0.1255684,-0.007485002,-0.02186619,0.0121609,-0.03355664,-0.0285803,0.008205354,-0.01925534,-0.05748977,0.08217585,0.03533757,63.50506,70.47224,22.40536,64.24269,LOVE
0.05840809,0.04295972,-0.08542684,0.003328115,0.1258093,-0.0113104,-0.02200798,0.01099232,-0.03347498,-0.02879657,0.007355183,-0.01884598,-0.05792427,0.08390158,0.03158861,62.37364,71.23876,23.02819,63.26522,LOVE
0.06207521,0.03800976,-0.08494565,0.004977502,0.1255758,-0.02101853,-0.02034751,0.00744006,-0.0363377,-0.02797231,0.00412178,-0.02181047,-0.06275728,0.08410376,0.01439378,61.19693,72.76971,22.82857,61.78531,LOVE
0.06352646,0.03494415,-0.08502063,0.006338477,0.1249197,-0.02597493,-0.01962031,0.006196946,-0.03782323,-0.02760855,0.003162265,-0.0230926,-0.06319518,0.08471626,0.009029627,60.74292,72.73837,22.74877,61.91927,LOVE
0.08826727,0.03492376,-0.05974331,0.01703946,0.1269696,-0.01257798,-0.01028231,0.01355857,-0.04498836,-0.02143652,0.01003334,-0.03305984,-0.0641671,0.0865069,0.002559394,62.39654,70.05345,19.47504,60.47293,LOVE
0.08561805,0.03855795,-0.06128457,0.01594481,0.1273521,-0.006009042,-0.01188922,0.0151245,-0.0429295,-0.02244722,0.01124549,-0.03024557,-0.06330847,0.08606896,0.01002425,62.53864,70.7325,20.20439,60.36576,LOVE
0.07225284,0.05014497,-0.06972229,0.01436417,0.1259625,0.01231015,-0.01554639,0.01604936,-0.03581786,-0.02401501,0.01064089,-0.02184635,-0.05843809,0.08291447,0.02914342,62.97367,75.37866,23.10325,62.78578,LOVE
0.06659757,0.05244914,-0.07335055,0.01290302,0.1252278,0.01386201,-0.0171836,0.01401436,-0.03280479,-0.02437676,0.008883923,-0.0188702,-0.05603121,0.08125898,0.03063306,63.1584,77.58064,23.78428,62.91352,LOVE
0.06178232,0.05238333,-0.07774222,0.00926245,0.1249403,0.01172698,-0.01888085,0.0122461,-0.03090262,-0.02522578,0.007628828,-0.01721841,-0.05478247,0.08019486,0.03452137,63.94407,78.08974,23.71803,64.45289,LOVE
0.06245336,0.05171135,-0.07788756,0.006895527,0.1249141,0.0103716,-0.01912791,0.01258647,-0.03111225,-0.02594232,0.008237869,-0.01766589,-0.05541879,0.08002698,0.03655085,64.47264,76.67503,23.50105,64.52468,LOVE
0.06069218,0.04469508,-0.08407733,0.005732298,0.1255833,-0.002961725,-0.02116189,0.01234615,-0.03150234,-0.02786612,0.008402407,-0.01727211,-0.05482198,0.08286858,0.03291324,64.06564,72.33945,23.6159,62.13953,LOVE
0.05616783,0.03444174,-0.09167117,0.004254535,0.124306,-0.01945156,-0.02438335,0.01104489,-0.03265253,-0.03010748,0.008255243,-0.0171282,-0.05362137,0.08739626,0.03119779,63.6709,69.00597,22.94013,61.83276,LOVE
0.0517514,0.02895159,-0.09655678,0.001450986,0.122797,-0.02709505,-0.02637184,0.009934306,-0.03256473,-0.03134584,0.00801295,-0.016366,-0.05229623,0.08907807,0.03178281,64.00147,67.59821,22.82235,62.11147,LOVE
0.02565334,0.03423232,-0.100466,-0.009783991,0.1189252,-0.03649354,-0.03611344,0.01056504,-0.02417347,-0.03686301,0.009909004,-0.008255064,-0.03825846,0.09099904,0.04691595,56.6712,63.47847,20.54819,63.19717,LOVE
0.03914192,0.031847,-0.0983575,-0.007052712,0.1189132,-0.03650755,-0.03279478,0.009907186,-0.02872151,-0.03542065,0.008840173,-0.01259476,-0.04675817,0.08968481,0.04055959,58.96068,63.81376,21.07927,62.57663,LOVE
0.06898083,0.03049859,-0.08291399,0.01473201,0.1251732,-0.02187943,-0.01881731,0.009174019,-0.03983891,-0.02692835,0.005873084,-0.02405268,-0.05910194,0.08891991,0.01091889,62.37708,72.37893,22.69478,61.86885,LOVE
0.06914622,0.02951264,-0.08263361,0.01596817,0.1249761,-0.02405128,-0.01777918,0.008393586,-0.04129913,-0.02620544,0.005146682,-0.02539375,-0.05971324,0.08861348,0.006134391,61.76129,72.55979,22.45119,61.77981,LOVE
0.07579595,0.0311445,-0.07533386,0.02020016,0.1254178,-0.02157825,-0.0130415,0.008835256,-0.04356101,-0.02319527,0.005640268,-0.02903357,-0.06014879,0.08838427,-0.001232117,60.50015,72.60268,21.75705,61.30667,LOVE
0.08036641,0.04683059,-0.06023192,0.01516916,0.1274464,-0.004697323,-0.009844229,0.01479203,-0.04118705,-0.02075943,0.01007146,-0.02933449,-0.06541255,0.08521312,0.01147866,58.33847,70.43376,21.13091,62.21741,LOVE
0.07926031,0.05446258,-0.05301353,0.01177271,0.1273033,0.004281789,-0.00807976,0.01647934,-0.03927669,-0.01914149,0.01081952,-0.02804318,-0.06467953,0.08445829,0.01647186,57.05434,70.68189,21.80271,63.86163,LOVE
0.09340305,0.03294823,-0.05171052,0.01817839,0.1249569,-0.02452266,-0.004870705,0.005746901,-0.0434629,-0.01714899,0.004292458,-0.0334827,-0.06143935,0.08188942,-0.02146551,60.47265,72.61453,20.59297,57.57083,LOVE
0.09798478,0.02911741,-0.04685831,0.01723523,0.1238891,-0.02947819,-0.003102981,0.004652172,-0.04592517,-0.01602153,0.003803551,-0.03633642,-0.06312104,0.08077633,-0.0262517,62.47813,71.59991,19.83382,57.433,LOVE
0.1016511,0.03087807,-0.03649873,0.01768361,0.1249645,-0.02345639,0.0003097206,0.006104648,-0.04761818,-0.01338723,0.005482256,-0.03912461,-0.06275646,0.08275351,-0.0255174,63.15275,72.18719,19.1004,59.08205,LOVE
0.1002781,0.03847393,-0.02831915,0.01637702,0.1268392,-0.01004681,0.003059916,0.009776264,-0.04709354,-0.01118151,0.009123802,-0.03983903,-0.06315719,0.08423001,-0.01961848,61.46573,73.42966,18.97651,60.18312,LOVE
0.09783246,0.04325539,-0.02478388,0.01705318,0.1271182,0.0004439652,0.00358516,0.0137333,-0.04618534,-0.01086056,0.01266527,-0.03919297,-0.06213107,0.08583611,-0.01281476,59.46096,73.24592,19.07365,60.13223,LOVE
0.09890174,0.04159927,-0.02177194,0.01983789,0.1260777,0.007324308,0.001645327,0.01588571,-0.04275867,-0.01195324,0.01319012,-0.03449845,-0.0579985,0.08847645,-0.003866494,59.76658,72.8327,20.00647,60.97924,LOVE
0.1005774,0.03903407,-0.02023494,0.02011229,0.1261463,0.003422856,0.002407484,0.01398876,-0.04286566,-0.01131042,0.01166067,-0.03459713,-0.05702043,0.08853003,-0.007990241,60.63832,73.21471,20.27632,61.052,LOVE
0.1037723,0.03343591,-0.02235037,0.01857173,0.126129,-0.008794427,0.001687273,0.01003096,-0.04433253,-0.01205439,0.008542478,-0.03577131,-0.05801363,0.08646768,-0.01643005,63.52237,73.13412,20.28452,60.22998,LOVE
0.1052396,0.02947325,-0.02829081,0.01608973,0.1257677,-0.01726949,-0.0007665455,0.009009868,-0.0467748,-0.01446954,0.007874757,-0.03766748,-0.06172217,0.08525163,-0.01693249,65.94383,71.55733,19.70468,59.8355,LOVE
0.10552,0.02827495,-0.03097424,0.01451457,0.1256207,-0.01999816,-0.002165236,0.009254873,-0.04835367,-0.01579206,0.008079231,-0.03883892,-0.06405839,0.08515409,-0.01486924,66.90278,70.57567,19.209,60.28563,LOVE
0.1052604,0.02973124,-0.03283334,0.009750813,0.1252151,-0.02580139,-0.001678213,0.008012801,-0.05073294,-0.01556072,0.006172627,-0.04076892,-0.06850225,0.0831466,-0.01562509,67.53004,69.60736,18.80745,62.48768,LOVE
0.1054458,0.03256142,-0.02760062,0.00980065,0.1261927,-0.02085203,0.00103242,0.009543359,-0.05186257,-0.01331544,0.006972075,-0.04259807,-0.06796569,0.08348349,-0.01588771,66.93111,70.16394,18.29949,63.88298,LOVE
0.1050893,0.03369099,-0.02667165,0.009998851,0.1267758,-0.01664168,0.001290359,0.0104897,-0.05192477,-0.01294434,0.007592648,-0.04275328,-0.06742477,0.08431715,-0.01330513,66.67354,71.05112,18.04418,65.01523,LOVE
0.1029011,0.03692791,-0.02905118,0.008243587,0.1274925,-0.0101186,-0.000112541,0.01113957,-0.05024421,-0.0135871,0.007566541,-0.04090908,-0.06782924,0.08430305,-0.007712781,66.20041,73.00623,18.07084,66.73764,LOVE
0.1005151,0.04293746,-0.02586922,0.006443471,0.1277654,0.0009431839,0.001150861,0.01141322,-0.04586515,-0.01161703,0.00721243,-0.03746566,-0.06855878,0.08360237,-0.004381567,64.83973,76.39848,18.57894,68.75806,LOVE
0.09829696,0.05340615,-0.007510513,-0.0007168967,0.1241512,0.02790779,0.006297378,0.02740264,-0.04198813,-0.007847829,0.02005434,-0.03650928,-0.07428806,0.07902932,0.006177604,63.57054,69.74902,18.34671,65.05202,LOVE
0.09627607,0.05651394,-0.009253174,-0.002855442,0.1235785,0.02835864,0.005852198,0.02715141,-0.04161301,-0.007842502,0.01933965,-0.03598952,-0.07595604,0.07747757,0.007525653,63.01414,70.11149,18.23951,66.2372,LOVE
0.09067032,0.06303719,-0.01646405,-0.007175017,0.1242571,0.0149149,0.006841243,0.02000993,-0.03909057,-0.006643049,0.0127137,-0.03368133,-0.07807394,0.07514939,0.0007012188,60.28915,70.55964,20.34131,68.55466,LOVE
0.09652877,0.05597255,-0.02151376,-0.008352142,0.126352,-0.001086295,0.005431237,0.01033098,-0.04048342,-0.006871365,0.004174232,-0.03402942,-0.07583231,0.07271945,-0.01813561,64.08359,75.85359,20.10606,67.24865,LOVE
0.09723388,0.05363721,-0.02493271,-0.008343976,0.1267464,-0.006366968,0.004251606,0.008351296,-0.04126257,-0.008161871,0.002631336,-0.03424537,-0.07578935,0.07186472,-0.02055258,64.87527,76.17708,20.37421,66.28261,LOVE
0.09877489,0.05011475,-0.02699274,-0.008230766,0.1265957,-0.01368248,0.003002379,0.007219851,-0.04325509,-0.009797379,0.00200808,-0.03549802,-0.07527676,0.07180849,-0.0226233,66.06887,74.68803,20.28569,64.59017,LOVE
0.1009055,0.04742205,-0.02679256,-0.008543232,0.1264889,-0.01510239,0.001435654,0.008966029,-0.04531565,-0.01155318,0.003842086,-0.03692532,-0.07579461,0.0726887,-0.0192371,67.76047,72.17529,19.75686,63.29802,LOVE
0.1023536,0.04603541,-0.02475026,-0.00823855,0.1264694,-0.01556605,0.00129197,0.009474993,-0.04596648,-0.01172905,0.004482746,-0.03749287,-0.07616882,0.07314342,-0.01755029,68.55997,71.49103,19.42527,63.64122,LOVE
0.1034353,0.0465135,-0.01835454,-0.009337015,0.1260249,-0.01581448,0.002858082,0.009002775,-0.04713735,-0.01037011,0.004308015,-0.03892034,-0.07897341,0.07330519,-0.01538363,69.23962,72.37974,18.77732,66.84826,LOVE
0.1022214,0.04883468,-0.01673573,-0.009938857,0.1265701,-0.01228362,0.003110431,0.009932846,-0.04678056,-0.01029492,0.00487119,-0.03879383,-0.08068714,0.07297963,-0.01277313,68.42763,72.86583,19.08293,67.68464,LOVE