0.008861232,0.1059893,0.02628627,-0.008132683,0.03531089,-0.03107926,-0.01067818,0.02835068,-0.03830829,-0.008524651,0.01009765,-0.03448504,-0.0154561,-0.003575087,-0.03205645,56.93447,12.23828,19.67462,24.58724,THUMB
0.009916242,0.1058968,0.02550414,-0.01610173,0.03711852,-0.03295115,-0.02063441,0.0300639,-0.04106674,-0.0168588,0.01117805,-0.03734967,-0.02157015,-0.003240168,-0.032767,59.1029,12.16394,18.06208,21.90391,THUMB
0.006362673,0.1064821,0.0240455,-0.01847074,0.03650603,-0.03281164,-0.02264511,0.02932912,-0.04104513,-0.01883899,0.01083931,-0.03742853,-0.02254292,-0.004200131,-0.03246748,58.68338,12.08746,17.6404,22.06619,THUMB
0.007233102,0.1061494,0.02261651,-0.01881779,0.03659412,-0.03395483,-0.02332365,0.02992356,-0.04228845,-0.01983499,0.01157457,-0.03877836,-0.02316232,-0.003514886,-0.0328522,59.09623,11.52641,16.98002,21.43742,THUMB
0.005491977,0.106377,0.02217433,-0.02039073,0.03668374,-0.03415987,-0.02507084,0.03005281,-0.04247695,-0.02149845,0.01181802,-0.03915718,-0.02430184,-0.003482461,-0.03306875,58.99524,11.32756,16.61536,21.04234,THUMB
0.005611426,0.1062066,0.02220485,-0.02114647,0.03695568,-0.0349319,-0.0262333,0.03063315,-0.04333153,-0.02305616,0.01265752,-0.04018882,-0.02560023,-0.002695113,-0.03374699,59.57023,10.98218,15.93182,20.26846,THUMB
0.005951592,0.1062428,0.02153978,-0.02099717,0.03669682,-0.03562459,-0.0261692,0.03044051,-0.04406348,-0.02314288,0.01260772,-0.04081625,-0.02568292,-0.00265789,-0.03407228,59.94184,10.87835,15.70471,20.01641,THUMB
0.00826506,0.1056965,0.02169856,-0.01821597,0.03571761,-0.03543177,-0.02286112,0.02926835,-0.04391438,-0.02024617,0.01163724,-0.04008386,-0.02389686,-0.0030967,-0.03350556,60.44824,11.28886,16.07542,20.71226,THUMB
0.009047059,0.1058364,0.02179483,-0.01631546,0.03504595,-0.0339475,-0.02018096,0.02776852,-0.0419274,-0.01739748,0.01006562,-0.03779349,-0.0218538,-0.004299998,-0.03199342,59.61634,12.10996,17.25103,22.10242,THUMB
0.007528027,0.1068252,0.01993954,-0.01665136,0.03429437,-0.032603,-0.01988316,0.02598909,-0.03999722,-0.01656708,0.008154869,-0.0357053,-0.02101989,-0.006188452,-0.03047174,58.09354,12.94699,18.54315,23.28872,THUMB
0.006884241,0.1071669,0.01926884,-0.0180203,0.03426477,-0.03256059,-0.02130334,0.02577299,-0.03981423,-0.01758518,0.007862598,-0.03550178,-0.02164955,-0.006616026,-0.03016499,58.05025,12.9372,18.56685,23.25246,THUMB
0.008372542,0.1067738,0.01926816,-0.01761819,0.03354681,-0.03333312,-0.02085936,0.02533904,-0.0406993,-0.01842113,0.00833711,-0.03654099,-0.02265388,-0.005911797,-0.0306254,59.44154,12.68626,17.47724,22.52438,THUMB
0.01062328,0.1062589,0.0206458,-0.01546566,0.03436297,-0.03406361,-0.01921711,0.02532268,-0.04128191,-0.01776554,0.008862615,-0.03712425,-0.02265286,-0.004882902,-0.03083977,59.74445,13.49733,16.9357,22.15923,THUMB
0.009395665,0.1068697,0.01828834,-0.01639805,0.03386325,-0.03376904,-0.01999388,0.02458191,-0.04067072,-0.01817376,0.008038163,-0.03629509,-0.02284488,-0.00581637,-0.03011817,58.83535,13.57827,17.27912,22.55533,THUMB
0.005536223,0.1071556,0.01752457,-0.01831586,0.03354898,-0.0333477,-0.02148528,0.02449197,-0.04007754,-0.01901356,0.007749081,-0.03571737,-0.02319814,-0.006478101,-0.02993351,58.16263,13.10714,17.46614,22.72056,THUMB
0.008537231,0.1061383,0.02037466,-0.01660895,0.03423178,-0.03376415,-0.0196903,0.02631041,-0.04100466,-0.0177858,0.009549916,-0.03724664,-0.02227181,-0.004767299,-0.03119767,59.44503,12.25614,17.01867,22.43513,THUMB
0.008639641,0.1061913,0.02011156,-0.01655156,0.03418541,-0.03378993,-0.01966804,0.02628174,-0.04102737,-0.01774873,0.009507477,-0.0372774,-0.02222741,-0.004821062,-0.03115618,59.37772,12.25054,17.04539,22.48344,THUMB
0.006138039,0.107482,0.01737133,-0.01894901,0.03343081,-0.03285059,-0.02224701,0.02471879,-0.0398401,-0.01893058,0.007335603,-0.03548008,-0.02275539,-0.007047236,-0.02977794,58.1864,12.96823,18.13643,22.9359,THUMB
0.008083368,0.106898,0.01887208,-0.01853398,0.03393504,-0.03339538,-0.02211638,0.02578363,-0.04073432,-0.01926907,0.008515805,-0.03656486,-0.02318648,-0.005876541,-0.03058803,59.20174,12.54259,17.45626,22.38049,THUMB
0.010886,0.106207,0.01889482,-0.01704377,0.03391162,-0.03480443,-0.02096176,0.02629441,-0.04218325,-0.01901713,0.009423196,-0.0380134,-0.02337886,-0.004723012,-0.03144354,60.39232,12.0199,16.67146,21.79888,THUMB
0.01063667,0.1061064,0.01875281,-0.01790133,0.03429478,-0.03558302,-0.02211657,0.02677199,-0.0429574,-0.01999172,0.00995329,-0.03879961,-0.02399717,-0.004367709,-0.03172264,60.74527,11.74524,16.14466,21.471,THUMB
0.008227595,0.1070724,0.01677543,-0.0194961,0.03340554,-0.03481016,-0.02345448,0.02521768,-0.04191223,-0.02059029,0.008345664,-0.037442,-0.02425614,-0.005952597,-0.03060007,59.94703,12.23666,16.65535,21.90816,THUMB
0.007518728,0.1073921,0.0177514,-0.01976216,0.03345862,-0.03427404,-0.02398297,0.02525502,-0.04172584,-0.02077062,0.008355021,-0.03723574,-0.02444749,-0.00592491,-0.03066644,59.88885,12.53284,16.61584,21.79057,THUMB
0.009519493,0.1070787,0.01745,-0.01742075,0.03288588,-0.03374505,-0.02082935,0.02453199,-0.04098064,-0.01876761,0.007980108,-0.03659189,-0.02323823,-0.006058544,-0.03046796,59.62301,12.80799,17.10591,22.38776,THUMB
0.009440387,0.1065981,0.01736248,-0.01854366,0.03148735,-0.03502533,-0.02207334,0.02272922,-0.04163736,-0.01966019,0.00651902,-0.0367209,-0.02401141,-0.007074147,-0.02975336,62.03527,12.71926,16.85448,22.12942,THUMB
0.007458392,0.1070088,0.01412502,-0.02024515,0.02933347,-0.03596205,-0.02395758,0.02047181,-0.04238135,-0.02124979,0.004826069,-0.03703532,-0.02516636,-0.008468419,-0.02924073,63.08237,12.59811,16.36214,21.71011,THUMB
0.00107114,0.1093763,0.002439946,-0.02722725,0.02287507,-0.04138288,-0.03300726,0.01380503,-0.04678345,-0.02891471,-0.001591802,-0.03918734,-0.02997051,-0.01425695,-0.0295077,66.58947,11.36687,15.47533,19.03238,THUMB
-0.004586249,0.1090125,0.006972432,-0.02981377,0.01995006,-0.03897735,-0.03488415,0.0104531,-0.04402781,-0.03048888,-0.004008472,-0.03776506,-0.02985938,-0.01642373,-0.02737695,69.37828,11.62015,15.27167,19.2298,THUMB
-0.007980412,0.109461,0.007709444,-0.03125581,0.01996943,-0.03656685,-0.03373439,0.009858191,-0.0415923,-0.0296593,-0.004464269,-0.03591174,-0.02824208,-0.0173769,-0.02670246,67.92751,12.19636,15.91347,19.81076,THUMB
-0.003720501,0.1095446,0.007222295,-0.0322817,0.02116588,-0.0366337,-0.03582107,0.01146412,-0.04176918,-0.03240179,-0.003026992,-0.03599063,-0.03060818,-0.0159936,-0.02593017,68.16604,11.69007,15.40666,19.65125,THUMB
-0.002202699,0.109564,0.006939352,-0.0320065,0.02166486,-0.03638753,-0.03563402,0.01210022,-0.04142427,-0.03212623,-0.002444178,-0.03553402,-0.03069154,-0.01542574,-0.02556223,67.91346,11.61646,15.47112,19.82772,THUMB
-0.001466507,0.1093943,0.008717895,-0.03150109,0.02214149,-0.03508881,-0.03468896,0.01247096,-0.03981024,-0.030922,-0.00200808,-0.03414443,-0.02994956,-0.01513183,-0.02473384,67.77625,11.8909,15.82207,20.44584,THUMB
-0.0009790137,0.1087833,0.01391834,-0.03169332,0.02246201,-0.03063092,-0.03417508,0.01147071,-0.03523931,-0.03045398,-0.002966106,-0.0302093,-0.02928128,-0.01626521,-0.02168649,67.8207,13.96018,17.14332,21.61481,THUMB
-0.002336518,0.1088736,0.01109445,-0.0327426,0.02117193,-0.02939785,-0.03539492,0.009697795,-0.03366366,-0.03154537,-0.004469872,-0.02842766,-0.02973938,-0.01758778,-0.01957047,67.38543,14.54833,17.30598,21.90617,THUMB
-0.01646172,0.1092529,0.003192782,-0.03583384,0.01981348,-0.001496971,-0.03833894,0.005301178,0.0009729862,-0.03022274,-0.009135604,0.001532316,-0.02542435,-0.02339238,0.008431733,52.61586,21.3576,24.70995,27.73254,THUMB
-0.02186379,0.1091669,0.003177285,-0.03778078,0.01641589,0.006011367,-0.03770381,0.005007148,0.004939079,-0.02771847,-0.009528935,0.004220247,-0.02106835,-0.02367771,0.01090682,55.33557,15.79592,26.29855,30.45364,THUMB
-0.01594266,0.1094223,0.01194251,-0.04063427,0.01973319,0.01898128,-0.03825064,0.005693257,0.004739404,-0.02894961,-0.00864172,0.003479242,-0.02292205,-0.0230999,0.008942366,56.17274,23.0527,24.91191,29.38387,THUMB
-0.01389399,0.1095313,0.01332319,-0.04192576,0.02175093,0.02919042,-0.03834213,0.006414533,0.005075991,-0.02929385,-0.00799036,0.003688693,-0.02349316,-0.02262127,0.008891702,57.10214,29.46803,24.56259,29.29329,THUMB
-0.0112899,0.1104766,0.009437382,-0.04401354,0.0306145,0.07488555,-0.03923197,0.006657064,0.001978278,-0.02980262,-0.00792408,0.001136243,-0.02432006,-0.02233082,0.007057488,63.46418,55.49419,24.5077,29.16829,THUMB
-0.004535261,0.110754,0.01073384,-0.04194899,0.03384483,0.0869053,-0.03875415,0.008936763,-0.002413273,-0.03027377,-0.005999804,-0.002892375,-0.02656904,-0.020392,0.003204703,64.67473,65.05534,24.19474,28.39925,THUMB
-0.01109802,0.1075277,0.01718342,-0.06928335,0.02318239,0.09776187,-0.03130846,0.0115124,-0.02556369,-0.02600244,-0.003608823,-0.02280793,-0.02600294,-0.01721483,-0.01666656,68.28961,90.70504,21.9464,24.55994,THUMB
0.002553406,0.111129,0.009404719,-0.08893728,0.01675236,0.07465392,-0.03122819,0.01807925,-0.04559851,-0.0284246,0.00275296,-0.04191619,-0.02899768,-0.01057559,-0.03357092,79.71515,92.72128,15.0051,17.79991,THUMB
0.003218953,0.1105153,0.008270502,-0.0903635,0.01874927,0.07201907,-0.03470009,0.01927352,-0.0481897,-0.03144998,0.00339818,-0.04387143,-0.03147081,-0.01017907,-0.03474748,79.44785,89.79296,14.3798,17.13028,THUMB
0.003064102,0.1099226,0.009105384,-0.09138785,0.01902506,0.07042888,-0.03695719,0.02006394,-0.04929784,-0.03302982,0.003726006,-0.04459697,-0.0326458,-0.01015452,-0.03513971,79.04269,87.82803,14.20038,17.01657,THUMB
0.004027088,0.1095129,0.008805603,-0.0982123,0.02141157,0.05854106,-0.03758202,0.02008832,-0.04903078,-0.03252758,0.003260463,-0.04343709,-0.03236452,-0.01073772,-0.03369436,78.88753,80.47202,14.58839,17.80329,THUMB
0.004616277,0.1096033,0.005827069,-0.02110484,0.02387801,-0.03948444,-0.03440795,0.01994374,-0.04811084,-0.03015244,0.003209978,-0.04206127,-0.03057056,-0.01046613,-0.03267267,65.74757,11.64776,15.08396,18.2824,THUMB
0.003713816,0.10928,0.006541967,-0.02248561,0.02771857,-0.04168341,-0.0302517,0.02025601,-0.04885024,-0.02639138,0.004001766,-0.04275721,-0.02788545,-0.009197503,-0.03358111,63.59848,11.35067,14.86578,18.28432,THUMB
-0.00182142,0.1093825,0.001324773,-0.01884902,0.02388188,-0.0405935,-0.02025437,0.01377594,-0.04482883,-0.01613125,-0.001443118,-0.03668225,-0.01979584,-0.01460072,-0.02917406,62.1494,12.45186,17.71623,22.80212,THUMB
-0.002540158,0.109452,0.003634244,-0.01999303,0.0251222,-0.04072416,-0.0225113,0.01549223,-0.04604307,-0.01799584,-0.0001188219,-0.03826293,-0.02113447,-0.01351669,-0.03059152,62.165,12.157,17.00138,21.87063,THUMB
-0.002862482,0.109582,0.004179418,-0.02066514,0.0249784,-0.04016483,-0.02384035,0.01555449,-0.04611331,-0.01907591,-6.708503E-05,-0.0384734,-0.02189883,-0.01349261,-0.03062782,62.34061,12.2628,16.79655,21.59357,THUMB
-0.002896969,0.1096388,0.004212409,-0.02082344,0.02468982,-0.03975865,-0.02428368,0.015284,-0.04593304,-0.01943824,-0.000274241,-0.03828955,-0.02217614,-0.01365802,-0.03037998,62.45727,12.42518,16.78412,21.56749,THUMB
-0.002040938,0.1097718,0.004376292,-0.02236702,0.02381289,-0.03867382,-0.02621374,0.01450095,-0.04473546,-0.02131341,-0.0007746816,-0.03739172,-0.02371847,-0.01391879,-0.02923003,63.40416,12.43708,16.66973,21.33002,THUMB
-0.001268688,0.1097842,0.006061196,-0.02597609,0.0239042,-0.03839573,-0.02991129,0.01437351,-0.04367068,-0.02503975,-0.0006950796,-0.03717688,-0.0265417,-0.01346448,-0.02849552,64.99175,12.08977,16.08659,20.21444,THUMB
0.0001619998,0.1097303,0.003575504,-0.03019751,0.02181444,-0.03662467,-0.03482358,0.01165438,-0.04089516,-0.03015712,-0.002838373,-0.03454161,-0.03057224,-0.01474187,-0.02499563,66.8172,12.46919,15.79975,19.34324,THUMB
0.001510889,0.1096875,-0.001780897,-0.03066925,0.01975939,-0.03464013,-0.0357995,0.009331882,-0.03850603,-0.0312179,-0.004727632,-0.0316897,-0.03154782,-0.0161511,-0.0218294,66.70568,13.12953,16.2153,19.70879,THUMB
-0.003750862,0.1072601,-0.003180563,-0.03479487,0.01919529,-0.02051756,-0.03958331,0.007040918,-0.0226441,-0.03437664,-0.007174611,-0.01782563,-0.03318098,-0.01878849,-0.00849545,61.99651,16.65574,19.41665,21.96049,THUMB
-0.004503146,0.0942848,0.01861626,-0.03081115,0.02275163,-0.01041517,-0.03205988,0.009426504,-0.009585381,-0.02958889,-0.003487766,-0.002401769,-0.03360681,-0.01419008,0.01928225,56.81845,19.32729,25.38954,36.01825,THUMB
-0.004513199,0.08816355,0.01667702,-0.03291335,0.0189639,-0.01419085,-0.03196761,0.004842639,-0.01263234,-0.03041623,-0.006449997,-0.003631532,-0.04676621,-0.01247445,0.02912343,64.23057,19.93332,24.73091,37.80389,THUMB
-0.005275657,0.08743304,0.01660162,-0.03378243,0.01795003,-0.01436359,-0.03299614,0.003862172,-0.012757,-0.03074598,-0.007340252,-0.003807425,-0.05085757,-0.01356676,0.03539795,65.5264,19.90962,24.04315,40.81424,THUMB
0.00162209,0.09182495,0.01892734,-0.03258391,0.02264717,-0.0154354,-0.03410668,0.008856088,-0.01498389,-0.03299879,-0.003486723,-0.007081062,-0.06274515,-0.0210852,0.06969419,64.24911,18.82082,22.45455,59.59573,THUMB
0.00151765,0.1062759,-0.02958256,-0.03361218,0.02223167,-0.01593435,-0.03705148,0.009566426,-0.01398319,-0.03311048,-0.004719138,-0.007688731,-0.0333981,-0.01437715,0.005154967,54.40123,17.815,22.77198,25.86617,THUMB
0.001710549,0.1056201,-0.03211373,-0.03421097,0.02190083,-0.0164814,-0.03752673,0.009461224,-0.01456961,-0.03312247,-0.004725814,-0.008220136,-0.03252919,-0.01642656,0.002333611,54.8863,17.25769,22.3142,25.46148,THUMB
-8.558482E-05,0.1022967,-0.04089338,-0.03537209,0.01828331,-0.01986599,-0.03737068,0.00606066,-0.01712158,-0.03235058,-0.00730449,-0.009375989,-0.03140535,-0.01778916,0.002563745,56.78018,16.49721,22.26894,25.89471,THUMB
0.0007389225,0.1027129,-0.04019171,-0.03443259,0.01757422,-0.02244091,-0.03604575,0.005915612,-0.02096626,-0.03144608,-0.007351428,-0.01313403,-0.03145978,-0.01692396,-0.001570642,57.05053,15.33353,21.58208,24.5033,THUMB
0.006502312,0.1033309,-0.03893507,-0.03514764,0.015414,-0.04192838,-0.03987012,0.006356478,-0.04401419,-0.0342948,-0.007866055,-0.0339517,-0.03539246,-0.01632094,-0.02149981,61.53556,9.863603,15.67779,17.80655,THUMB
0.0003498085,0.1033293,-0.02962363,-0.03275079,0.01427057,-0.04898477,-0.03992751,0.005992681,-0.05267587,-0.03175301,-0.00879845,-0.04158458,-0.03249946,-0.01812708,-0.02666575,63.43792,9.073136,14.7275,18.72848,THUMB
-0.001062471,0.1033379,-0.02747771,-0.02870071,0.01234487,-0.04916614,-0.03437556,0.003176779,-0.05281782,-0.02574715,-0.01063088,-0.04035556,-0.02809514,-0.01966092,-0.02628732,64.75043,9.746609,15.41553,19.81957,THUMB
-0.003180403,0.1028341,-0.02900109,-0.02789916,0.01112261,-0.0487707,-0.0330697,0.001471579,-0.05238736,-0.02447858,-0.01194531,-0.03951821,-0.02683318,-0.02094036,-0.02569473,64.38467,10.14269,15.77954,20.08379,THUMB
-0.004268106,0.1028656,-0.02978176,-0.02637411,0.01056522,-0.04828504,-0.03110883,0.0004868805,-0.05213448,-0.02225402,-0.01276019,-0.03846392,-0.02491199,-0.02199376,-0.02522889,63.94431,10.63382,16.4984,20.61955,THUMB
-0.003747802,0.1029842,-0.03032231,-0.02721002,0.01103976,-0.04813683,-0.03207475,0.001019359,-0.05193248,-0.02321002,-0.01250681,-0.03843573,-0.02549631,-0.02189752,-0.025206,63.54365,10.56701,16.53158,20.47023,THUMB
-0.001782745,0.1028883,-0.03047112,-0.03164829,0.01309031,-0.04838666,-0.03711987,0.003704995,-0.05138737,-0.02851544,-0.01069719,-0.03962329,-0.02938695,-0.02003512,-0.0255115,63.1077,9.771592,15.7049,19.40779,THUMB
-0.005550323,0.1001185,-0.04141861,-0.0350412,0.01048791,-0.04268667,-0.0394299,0.0003056824,-0.04361489,-0.03189604,-0.0127745,-0.03266093,-0.03126589,-0.02136195,-0.01857069,60.39824,10.8019,16.07911,20.17403,THUMB
-0.004153669,0.09837592,-0.04804814,-0.03759436,0.01529688,-0.02557078,-0.04259957,0.004486293,-0.02409086,-0.0386366,-0.007218242,-0.0148918,-0.03564022,-0.01560256,-0.001995027,56.64647,14.13378,17.29204,21.89171,THUMB
-0.005928658,0.1030263,-0.03508857,-0.03080873,0.02255115,-0.01598293,-0.03488101,0.01068094,-0.01229453,-0.03238589,-0.003021717,-0.004437029,-0.03176658,-0.01329872,0.007459164,47.17389,18.38808,24.28227,26.42505,THUMB
-0.01110078,0.1024129,-0.02340752,-0.03373831,0.0255231,-0.0116035,-0.03665425,0.01076362,-0.007246912,-0.03133948,-0.003559738,-0.0008074939,-0.02977973,-0.01440552,0.01134083,45.2925,20.7122,24.51081,27.8695,THUMB
-0.01185586,0.1042604,-0.02110347,-0.03386599,0.05221605,0.03882185,-0.03907153,0.009378314,-0.002598315,-0.03170301,-0.004849523,0.002483219,-0.02792486,-0.01668343,0.01404169,50.19328,54.57406,23.61759,28.55489,THUMB
-0.00677846,0.1060746,-0.02236825,-0.0430715,0.04894635,0.02831817,-0.03697279,0.009735882,-0.01228434,-0.03219847,-0.003903598,-0.006649256,-0.03100683,-0.01534235,0.004678786,51.08094,52.91914,21.84179,27.29284,THUMB
-0.009708092,0.1058175,-0.02495497,-0.03807703,0.02397424,-0.0112991,-0.03626946,0.007459491,-0.0168941,-0.03209366,-0.005798399,-0.01068079,-0.03095913,-0.01640689,0.0006719232,50.97527,21.99681,21.31434,25.93225,THUMB
-0.007656386,0.1055721,-0.02751637,-0.02847926,0.01174876,-0.02553868,-0.03380732,0.004556447,-0.02489069,-0.03056468,-0.008010149,-0.0179348,-0.03041667,-0.01734954,-0.006571233,60.40934,12.14517,19.83548,23.56426,THUMB
0.009671189,0.1089335,-0.008051932,-0.01764047,0.02214968,-0.04210818,-0.02139741,0.01242036,-0.0458822,-0.01795985,-0.001946539,-0.03764021,-0.0228349,-0.01254621,-0.02769005,62.36146,12.28304,16.46425,21.51484,THUMB
0.00848994,0.1039096,-0.01899552,-0.0136541,0.01328501,-0.05482423,-0.01729174,0.004543513,-0.06087562,-0.009614721,-0.01003152,-0.04318377,-0.01676789,-0.01919046,-0.03150851,67.98117,9.310824,17.19849,21.16186,THUMB
0.009327196,0.1045937,-0.01447904,-0.008341299,0.01253298,-0.05119491,-0.0105006,0.003775269,-0.05580255,-0.004434397,-0.01001364,-0.03580248,-0.01304113,-0.02014479,-0.0269393,69.57185,9.877369,19.64223,25.01536,THUMB
0.01058185,0.1049813,-0.01574814,-0.005342811,0.01208919,-0.04868898,-0.005705995,0.002846926,-0.05162835,-0.00217882,-0.01035249,-0.03215522,-0.01133828,-0.0205718,-0.02475971,68.4225,10.72714,21.08173,26.51008,THUMB
0.00889261,0.1050968,-0.01859269,-0.006423543,0.01171425,-0.0485836,-0.005685714,0.001686037,-0.05055696,-0.002236362,-0.01085252,-0.03097549,-0.01119879,-0.02108678,-0.02354604,67.35968,11.59792,21.27898,26.96462,THUMB
0.006020967,0.1049584,-0.02129421,-0.008539402,0.01131883,-0.04910681,-0.007959643,0.001017928,-0.05138817,-0.003417792,-0.01122597,-0.03163499,-0.01177604,-0.02165443,-0.02350655,66.54469,11.71983,20.71709,26.67192,THUMB
-0.001731729,0.1039598,-0.02783406,-0.01653301,0.0096699,-0.05317086,-0.01811673,-0.0003480613,-0.05795032,-0.009512022,-0.01258376,-0.03758743,-0.0152561,-0.02285787,-0.02602461,65.59032,10.18072,17.92376,23.86202,THUMB
-0.009207435,0.1030815,-0.03128785,-0.02612637,0.009453207,-0.05165735,-0.02925409,-0.0007686615,-0.0557892,-0.02054288,-0.0138554,-0.04198772,-0.0218749,-0.02372676,-0.02784434,63.48374,10.00889,15.8898,20.4398,THUMB
-0.01070203,0.104605,-0.02975518,-0.026235,0.01232094,-0.04746139,-0.02935322,0.001608759,-0.05084547,-0.0229238,-0.01181585,-0.03977001,-0.02379688,-0.0227741,-0.02708691,60.61647,11.28013,16.00451,20.62425,THUMB
-0.008653464,0.1078009,-0.0244644,-0.02897162,0.01507494,-0.04384881,-0.03250902,0.004639655,-0.04768449,-0.02758672,-0.009114414,-0.0393078,-0.02738732,-0.02021223,-0.02750608,60.89785,11.43776,15.36252,19.13197,THUMB
-0.003082337,0.103212,-0.03557411,-0.03287438,0.01088479,-0.03986105,-0.03674438,0.0002647638,-0.04136121,-0.0313595,-0.01234564,-0.03119239,-0.03111042,-0.02135414,-0.01824212,62.72393,11.80827,16.24929,20.03063,THUMB
-0.004117062,0.103036,-0.03494707,-0.03365105,0.01105273,-0.03840819,-0.0374043,0.0003527701,-0.03972101,-0.03208388,-0.01213536,-0.02975997,-0.03150328,-0.02120095,-0.01681817,62.58035,12.0171,16.3243,20.32882,THUMB
-0.007972637,0.100435,-0.03847149,-0.0338527,0.01133138,-0.03512326,-0.03807106,-2.717972E-05,-0.0356451,-0.03370544,-0.01156965,-0.02575114,-0.03223751,-0.02031353,-0.01254538,59.27813,13.42719,16.24722,21.17526,THUMB
-0.0001928248,0.09963691,-0.04009321,-0.03168792,0.01412976,-0.03161126,-0.03757693,0.001944691,-0.03094923,-0.03389136,-0.009000659,-0.02125949,-0.0330407,-0.01696116,-0.007927001,57.86583,16.14672,16.66276,22.28634,THUMB
0.02323125,0.09995329,-0.02976662,-0.02678588,0.01660246,-0.03571439,-0.03204239,0.005541265,-0.03490132,-0.0307515,-0.00613147,-0.02421284,-0.03323956,-0.01394221,-0.01147962,65.62553,14.79393,18.08808,22.39869,THUMB
0.03058389,0.09943303,-0.02934703,-0.0257183,0.01709637,-0.03689426,-0.03073946,0.006657362,-0.03616273,-0.02994204,-0.005212903,-0.02547917,-0.03314142,-0.01264378,-0.01315355,67.42926,13.88107,18.06196,21.77092,THUMB
-0.04050445,0.09961835,-0.02450284,-0.03516506,0.004915595,-0.0338608,-0.03409984,-0.006648213,-0.03557479,-0.02663261,-0.01788178,-0.0279074,-0.0224892,-0.02843535,-0.01699141,59.53481,13.62711,17.18682,21.71191,THUMB
-0.02065675,0.1041705,-0.0366303,-0.03562061,0.005030096,-0.03587347,-0.03714106,-0.005760312,-0.03684801,-0.03084637,-0.01765341,-0.02801737,-0.02759733,-0.02723485,-0.01554307,63.19345,11.97284,16.85281,20.77498,THUMB
0.004766054,0.103938,-0.04168528,-0.03186731,0.008238345,-0.03978169,-0.03576018,-0.002216846,-0.04069507,-0.03162016,-0.0141077,-0.03046712,-0.0312361,-0.02234003,-0.01698697,65.90503,11.81426,16.15731,19.95645,THUMB
-0.01564365,0.100951,-0.03897786,-0.03529549,0.007867634,-0.03477454,-0.03862251,-0.004245698,-0.03509158,-0.0326469,-0.01551834,-0.02524778,-0.03062761,-0.02417281,-0.01251027,60.49203,13.86751,16.55491,20.62112,THUMB
0.004177136,0.09476018,-0.05501634,-0.03090392,0.006060839,-0.03622797,-0.03551631,-0.005604088,-0.03365466,-0.03121043,-0.01606336,-0.02201501,-0.03177278,-0.02253544,-0.008278877,62.40306,15.06102,18.11782,21.43656,THUMB
0.01123381,0.09582806,-0.05206099,-0.0314621,0.008697033,-0.03568247,-0.03716385,-0.002310306,-0.03367233,-0.03311691,-0.01335818,-0.02224618,-0.03327493,-0.01996103,-0.008571595,63.83849,14.48369,17.82946,21.14678,THUMB
0.01219246,0.09697384,-0.04892078,-0.03161166,0.01085538,-0.03518862,-0.03781901,-4.956126E-05,-0.03380904,-0.03379827,-0.01170307,-0.02263218,-0.03343634,-0.01853395,-0.009090215,63.23541,14.3924,17.83197,21.00241,THUMB
0.00574239,0.1014844,-0.03873226,-0.03208181,0.01302141,-0.03471142,-0.03748955,0.001440138,-0.03452799,-0.03309897,-0.01094928,-0.02436075,-0.03214857,-0.01884449,-0.0114738,62.26736,14.51433,17.67054,20.83014,THUMB
-0.006518155,0.1038424,-0.03462535,-0.03220691,0.01435995,-0.02617785,-0.03562454,0.001039803,-0.02589577,-0.03141952,-0.01098031,-0.01772553,-0.03048638,-0.02065426,-0.005720347,57.21825,17.9894,19.4006,23.76862,THUMB
0.003441848,0.1036207,-0.02858356,-0.03102113,0.01752108,-0.02554843,-0.03494931,0.004005671,-0.02373242,-0.03128465,-0.008169264,-0.0157463,-0.03122955,-0.01765424,-0.003498435,58.84837,18.84355,19.97197,24.84607,THUMB
0.002599936,0.1046168,-0.02457196,-0.03050699,0.01824647,-0.02608958,-0.03401997,0.004554391,-0.02469176,-0.03035795,-0.007896066,-0.01696533,-0.03057613,-0.01783544,-0.005059987,58.58419,18.77865,20.1342,25.08581,THUMB
-0.01049932,0.1069657,-0.02559048,-0.03236793,0.01465732,-0.02772492,-0.03438738,0.001575053,-0.02873021,-0.02990274,-0.01058695,-0.02119708,-0.02862556,-0.02133924,-0.01005322,58.29134,16.97987,18.67232,23.78074,THUMB
-0.0303219,0.1018507,-0.02258766,-0.0370384,0.01345906,-0.01765671,-0.03717167,0.0002664924,-0.01671395,-0.03025319,-0.01230031,-0.01022631,-0.02744193,-0.02264604,0.0007875264,51.93256,17.8299,22.11157,25.34072,THUMB
-0.06169779,0.09024128,-0.01365188,-0.04009055,0.004629254,-0.009691,-0.03613539,-0.00634855,-0.009506822,-0.02453483,-0.01749539,-0.005080938,-0.01754727,-0.02869779,0.004698634,48.60322,16.08764,25.4347,28.89169,THUMB
-0.0171977,0.0997934,-0.03920168,-0.0343614,0.009520173,-0.02677298,-0.03437523,-0.002487659,-0.02302,-0.02795305,-0.01483145,-0.01304105,-0.02641507,-0.02349719,0.0002179146,57.65336,16.29099,23.79003,26.37888,THUMB
0.01647563,0.09932926,-0.04419464,-0.03174248,0.012732,-0.03264159,-0.03585694,0.001338512,-0.02973855,-0.03196865,-0.01081839,-0.01913404,-0.03201494,-0.01864356,-0.005601197,65.1549,15.22753,19.82942,23.57308,THUMB
0.009317718,0.1030411,-0.03107175,-0.03347884,0.01519963,-0.03229448,-0.03819056,0.003161073,-0.03147608,-0.03365958,-0.00957039,-0.02219898,-0.0326212,-0.01838174,-0.00953418,64.71825,15.09031,18.04941,21.90776,THUMB
0.001104739,0.1030283,-0.03920469,-0.03448077,0.01000583,-0.03319266,-0.03901088,-0.001897871,-0.03273797,-0.03437074,-0.01327416,-0.02314839,-0.03342671,-0.02199376,-0.01056013,64.81154,14.47286,16.7157,20.62587,THUMB
-0.01213991,0.1040206,-0.02500293,-0.03643961,0.01369908,-0.0273284,-0.03823362,0.0006922483,-0.02668107,-0.03234982,-0.01160541,-0.01900989,-0.03021821,-0.02149451,-0.006867051,60.12865,16.00513,18.56728,23.5795,THUMB
-0.02058311,0.1048528,-0.02165192,-0.03667932,0.009627312,-0.02902374,-0.03585653,-0.003661007,-0.02896145,-0.02933565,-0.01528621,-0.02178124,-0.02680235,-0.02556729,-0.0101659,62.63889,16.18215,18.3013,23.17911,THUMB
-0.001493435,0.1044048,-0.03503767,-0.03393037,0.01216289,-0.02811125,-0.03595608,-0.0003949404,-0.02699503,-0.03126094,-0.01239488,-0.01857427,-0.03055022,-0.02208808,-0.006190002,62.74545,16.16366,19.29712,23.71105,THUMB
-0.004987059,0.1063268,-0.02240679,-0.03466677,0.01509067,-0.02739248,-0.03679932,0.002030998,-0.02729732,-0.03155699,-0.01074472,-0.01981518,-0.02976583,-0.02120215,-0.008078575,61.91158,16.40886,19.13379,23.87905,THUMB
0.003972866,0.1057968,-0.0302864,-0.03200077,0.01546928,-0.02954158,-0.03565655,0.002826303,-0.02953455,-0.03174764,-0.009447962,-0.0212701,-0.03147547,-0.01961192,-0.009319067,61.81045,16.33988,18.31224,23.27213,THUMB
0.003808295,0.1087653,-0.01982129,-0.02668419,0.01983604,-0.03995687,-0.02949362,0.009881169,-0.04378408,-0.02584645,-0.003769845,-0.03629944,-0.02766173,-0.01445651,-0.02480945,60.31362,11.83315,15.50818,20.50785,THUMB
-0.00703611,0.1062554,-0.02658212,-0.02693133,0.02066079,-0.0433161,-0.02990835,0.01094255,-0.04740775,-0.0251813,-0.003449768,-0.03935093,-0.02657242,-0.01503971,-0.02773821,54.16377,11.01106,15.27371,20.29032,THUMB
-0.008675616,0.1059995,-0.02691612,-0.02456597,0.02015224,-0.04308698,-0.02688849,0.009965271,-0.04682234,-0.0225554,-0.004384458,-0.03824565,-0.02440882,-0.01639324,-0.02720028,53.31244,11.65663,16.11001,21.50541,THUMB
-0.0008531529,0.108125,-0.02210608,-0.01499585,0.02014056,-0.04139599,-0.01566749,0.009714067,-0.0434466,-0.01347004,-0.004788488,-0.03453097,-0.01815176,-0.01717868,-0.0263623,54.46542,12.70389,19.29533,24.32589,THUMB
-0.0002975222,0.108159,-0.02206188,-0.01421229,0.01972252,-0.04120463,-0.01473245,0.00914225,-0.04278293,-0.01267307,-0.005258709,-0.03373805,-0.01754795,-0.01754802,-0.02584854,54.76958,12.92365,19.78727,24.58839,THUMB
-0.004172959,0.1095543,-0.01366293,-0.01343444,0.0198766,-0.03992295,-0.01290271,0.008481592,-0.04161292,-0.009996427,-0.005793959,-0.03263253,-0.01444963,-0.01848015,-0.02568445,57.31229,14.30407,20.65228,25.1893,THUMB
-0.005685166,0.1099418,-0.01149309,-0.005589372,0.01986295,-0.03569427,-0.003825692,0.008880317,-0.03836468,-0.002342998,-0.005629331,-0.03039762,-0.007880516,-0.01908413,-0.0260199,54.87366,16.1084,23.46686,27.09017,THUMB
-0.001219234,0.1100143,-0.0128676,-0.004499409,0.01913035,-0.03622669,-0.003296156,0.008326858,-0.0388259,-0.002267308,-0.005948126,-0.03074187,-0.00837928,-0.01895973,-0.02622899,55.6456,15.73299,22.99287,26.64237,THUMB
0.002438183,0.1097673,-0.0135349,-0.00308925,0.01884082,-0.03646946,-0.002169976,0.008214861,-0.03894097,-0.001803551,-0.006085455,-0.03064463,-0.008455044,-0.0187113,-0.02633297,55.88324,15.42209,23.10788,26.39285,THUMB
0.005026994,0.1091813,-0.01604223,-0.002310993,0.01795053,-0.03719899,-0.00150448,0.007491946,-0.03917697,-0.001670253,-0.006724209,-0.03055319,-0.008699597,-0.01898953,-0.02605006,56.15765,14.95341,23.23071,26.25761,THUMB
0.007172627,0.1074834,-0.02181673,-0.0003944208,0.01708576,-0.03775311,0.0005269489,0.006804377,-0.03839287,-0.0006870716,-0.007240593,-0.029654,-0.008339521,-0.01940945,-0.02490044,54.31005,14.36011,23.85946,27.46447,THUMB
0.005505552,0.106585,-0.02458376,-3.026775E-05,0.01750788,-0.03723645,0.001017151,0.006858528,-0.03776661,-0.0002751725,-0.00692898,-0.02908844,-0.007968742,-0.01951361,-0.02417216,51.88951,14.96894,23.77727,28.78624,THUMB
-0.0003828569,0.1059672,-0.02651247,-0.0004786504,0.01874241,-0.03714517,0.0008258382,0.006369114,-0.03753257,5.511707E-05,-0.007318884,-0.02873972,-0.00728416,-0.01968831,-0.02353469,49.17953,17.2473,23.9433,28.73946,THUMB
-0.01443753,0.1071692,-0.01713651,-0.002339038,0.02281773,-0.0345796,0.0009705662,0.008966893,-0.03642052,0.001901785,-0.005182862,-0.02883834,-0.004261137,-0.01769453,-0.02485508,47.45957,20.13943,24.09684,27.76621,THUMB
-0.01388901,0.1097297,-0.00618729,-0.003501181,0.02369395,-0.03552872,-0.0009649196,0.01170608,-0.03802112,0.0009005237,-0.002798527,-0.03203291,-0.004360829,-0.01625347,-0.02833962,52.8215,16.88572,22.30492,26.43599,THUMB
-0.01031952,0.1102213,-0.00831458,-0.002688144,0.02109653,-0.03673455,-0.0004388453,0.01071566,-0.03903085,0.001312422,-0.003405392,-0.03240481,-0.004152057,-0.01712808,-0.0284721,55.65581,14.81392,21.54625,26.70037,THUMB
-0.00330921,0.1091212,-0.01906431,-0.000625832,0.01589161,-0.03793353,0.001824364,0.005949229,-0.03993142,0.002547007,-0.007348448,-0.03132704,-0.003814537,-0.02023169,-0.02665943,57.34928,14.66647,21.71864,26.3694,THUMB
-0.00460933,0.1070999,-0.02455148,0.000221055,0.01720157,-0.03681827,0.003057756,0.006491661,-0.03716671,0.00249104,-0.007343084,-0.02843946,-0.004094811,-0.02135074,-0.02429968,52.10305,15.7224,24.30136,29.36268,THUMB
-0.01627396,0.1092834,-0.01238728,-0.004157005,0.02262235,-0.0361979,-0.0004494609,0.009167701,-0.03815937,0.001105727,-0.005013794,-0.03063715,-0.003651518,-0.01927465,-0.02677956,51.19261,19.10232,22.95832,27.69824,THUMB
-0.01518933,0.1095454,-0.01284638,-0.004378691,0.02181318,-0.0367527,-0.0009785779,0.008931667,-0.03883141,0.0006343843,-0.005222231,-0.03107959,-0.003997232,-0.01963252,-0.02693468,52.25341,18.24514,22.63487,27.67396,THUMB
-0.008532644,0.1097445,-0.01735049,-0.004158784,0.01768801,-0.03770161,-0.001449933,0.006334931,-0.0394091,-0.0001434698,-0.007914126,-0.03095403,-0.00521113,-0.02208123,-0.02608773,55.66061,16.36799,23.53859,27.13657,THUMB
-0.008330739,0.1091579,-0.01808646,-0.009735282,0.01684752,-0.03779536,-0.007591785,0.005084217,-0.03951687,-0.005285472,-0.009204745,-0.03060961,-0.009954716,-0.02292955,-0.02449247,56.49559,16.50725,23.73116,26.64639,THUMB
-0.007995579,0.1086386,-0.02041912,-0.0124192,0.016193,-0.03818417,-0.01089126,0.004316956,-0.03979996,-0.008258729,-0.009650171,-0.03063744,-0.01261792,-0.02318352,-0.02348024,56.64656,16.20435,22.88933,26.63702,THUMB
0.0005642418,0.107298,-0.001461059,-0.03555664,0.0238049,-0.01336023,-0.03854959,0.009987086,-0.0131146,-0.0344987,-0.005095571,-0.00877279,-0.03348599,-0.01707482,0.0004151762,57.93559,18.36955,22.38158,23.60938,THUMB
0.002541102,0.107298,-0.001876503,-0.03254377,0.02597961,-0.01305461,-0.03528888,0.01199681,-0.01262042,-0.0322881,-0.003923714,-0.007926285,-0.032558,-0.01593062,0.00203371,54.36404,18.88316,25.16154,25.42696,THUMB
0.002161603,0.107373,-0.001038998,-0.03187289,0.02593589,-0.01361072,-0.03431292,0.01247191,-0.01354301,-0.03139846,-0.003498316,-0.008770823,-0.03220898,-0.01566786,0.001522869,54.03946,18.18269,25.485,26.40925,THUMB
0.002413746,0.1073859,4.559755E-05,-0.03153146,0.02625138,-0.01379684,-0.03403013,0.01278958,-0.01395625,-0.03116033,-0.002860576,-0.009310603,-0.03234358,-0.0151608,0.001081944,53.85727,18.19724,24.83466,26.82786,THUMB
0.00126021,0.1067609,0.001408488,-0.03246745,0.02607515,-0.01450193,-0.03510705,0.01247144,-0.01492503,-0.03203457,-0.002548993,-0.01012284,-0.03317026,-0.0148747,0.001701772,54.67446,18.17162,23.08761,27.93497,THUMB
0.002055779,0.1065885,0.001855135,-0.03236386,0.02627981,-0.01436031,-0.03509456,0.01266295,-0.01476026,-0.03214877,-0.002363503,-0.009955078,-0.03323277,-0.01477587,0.001841426,54.83182,18.213,23.08509,27.98038,THUMB
0.006403117,0.1065063,-0.008677304,-0.03240627,0.02491894,-0.01611698,-0.03572501,0.01139984,-0.01506832,-0.03279802,-0.003120959,-0.009317487,-0.03469568,-0.01343036,0.003414452,56.64503,18.44372,22.69925,26.16904,THUMB
0.001678225,0.1050049,-0.01027295,-0.03631199,0.02304626,-0.01551157,-0.03799075,0.00973174,-0.01361394,-0.03361619,-0.003714293,-0.007351756,-0.03711542,-0.01377583,0.009699345,58.53241,17.00698,21.03554,29.52519,THUMB
0.005020496,0.1034616,0.00535205,-0.03504852,0.02521998,-0.01332343,-0.03660655,0.01160195,-0.01307589,-0.03260468,-0.002444804,-0.008235335,-0.03695824,-0.01402265,0.008140981,59.7379,17.33788,21.47151,30.52033,THUMB
0.005119231,0.1017265,0.01067117,-0.0324285,0.02584749,-0.01378757,-0.03437644,0.01218688,-0.01429826,-0.03118454,-0.002706796,-0.009865344,-0.03395644,-0.0153192,0.003167957,58.83328,18.14025,23.38756,29.38677,THUMB
0.005807087,0.1022782,0.009963393,-0.03190969,0.02636692,-0.01366764,-0.03412103,0.01276079,-0.01425219,-0.03126074,-0.002543986,-0.009898126,-0.03399627,-0.01509577,0.002671152,58.03509,18.18521,24.00657,28.8095,THUMB
0.004294951,0.1037745,0.005091935,-0.03193828,0.02602842,-0.01427174,-0.03442159,0.01161721,-0.01431602,-0.03156603,-0.003599197,-0.009764612,-0.03403908,-0.01526123,0.002782613,56.67169,19.38813,24.12088,27.55982,THUMB
0.005785609,0.1063054,-0.006109953,-0.03251694,0.02517655,-0.01545095,-0.03525312,0.01020283,-0.01451096,-0.03208967,-0.004519582,-0.009372622,-0.03440158,-0.01510325,0.003590643,56.54388,20.16939,23.47235,26.59074,THUMB
0.004105443,0.1062781,-0.01243642,-0.0335671,0.02344349,-0.01609188,-0.0362922,0.009293556,-0.01452371,-0.03279148,-0.005244821,-0.008694351,-0.03549461,-0.01438826,0.005275846,57.17113,19.1474,23.21474,25.93385,THUMB
0.003545223,0.1059761,-0.01152006,-0.0340837,0.02398017,-0.01616812,-0.03658013,0.01012063,-0.0146009,-0.03303926,-0.004784524,-0.008546919,-0.03635148,-0.01391152,0.005989939,56.85594,18.33146,23.51979,26.32061,THUMB
0.005277898,0.1059241,-0.005015105,-0.03362142,0.02527595,-0.01515189,-0.03598876,0.01170862,-0.01448226,-0.03271149,-0.003566265,-0.009072781,-0.03589151,-0.01402593,0.004683942,57.13617,17.75572,23.65924,26.90373,THUMB
0.005107833,0.1056917,-0.0007747412,-0.03343443,0.02574143,-0.01458138,-0.03566866,0.01215568,-0.01441872,-0.03236936,-0.003069848,-0.009434789,-0.03523948,-0.01453555,0.003650248,57.1702,17.73081,23.43733,27.41595,THUMB
-0.01310785,0.1030891,0.02713406,-0.03564627,0.02497807,-0.01379001,-0.0378712,0.01473382,-0.01916856,-0.03299306,-4.908442E-05,-0.01869202,-0.03072712,-0.01420224,-0.01315323,57.03928,14.91825,19.39705,23.7655,THUMB
-0.01552073,0.1026877,0.02911416,-0.03768667,0.02216646,-0.01393193,-0.03964657,0.01268089,-0.02005464,-0.03416942,-0.001297057,-0.02039599,-0.03105238,-0.01505566,-0.0146516,60.25596,14.28998,18.23031,22.46798,THUMB
-0.02020945,0.1062796,0.01023969,-0.03514519,0.02202767,-0.01598686,-0.03769553,0.01108357,-0.02023435,-0.03262251,-0.003215909,-0.01831937,-0.03086304,-0.01651606,-0.01122144,53.28767,15.57358,19.46681,23.5397,THUMB
-0.02122413,0.1065927,0.007214367,-0.0352005,0.02146938,-0.01578587,-0.03778422,0.01031405,-0.01965907,-0.03262971,-0.003940642,-0.01753366,-0.03079877,-0.01713559,-0.01023588,52.58752,15.78973,19.6995,23.69002,THUMB
-0.03105314,0.1051587,-0.00511235,-0.03496702,0.01819342,-0.01716593,-0.03594089,0.005092621,-0.01914555,-0.02981767,-0.008680195,-0.01568174,-0.02818131,-0.02147925,-0.007443368,49.1488,17.99856,21.57836,24.80113,THUMB
-0.03741145,0.1010528,0.006722897,-0.03659727,0.01767251,-0.02345181,-0.03581058,0.005539954,-0.0271627,-0.0285669,-0.00771594,-0.02344793,-0.02570739,-0.02152908,-0.01660344,53.72454,15.71788,18.94591,24.07216,THUMB
-0.0358596,0.0995512,0.01752028,-0.03753147,0.01954594,-0.02004111,-0.03741211,0.007894814,-0.02506861,-0.03056537,-0.005719692,-0.02282491,-0.02723467,-0.01972225,-0.01649842,54.15771,15.70451,18.69881,23.81024,THUMB
-0.03918497,0.09751144,0.02087718,-0.0384705,0.0187324,-0.0177629,-0.03826415,0.007222563,-0.02326161,-0.03117199,-0.006195724,-0.02157563,-0.02721865,-0.02010176,-0.01541275,53.3475,15.95049,18.75093,23.92634,THUMB
-0.0419109,0.09594691,0.02302358,-0.03865468,0.01799873,-0.01718032,-0.03798136,0.006571949,-0.02305123,-0.03069589,-0.006610066,-0.02153853,-0.02649555,-0.02039531,-0.01559469,53.20978,16.22051,18.79644,23.93485,THUMB
-0.01716948,0.1029514,0.02888215,-0.03763033,0.02052081,-0.01651418,-0.03859808,0.01115713,-0.0228647,-0.03329988,-0.00255391,-0.02274144,-0.02960464,-0.01602739,-0.01675338,62.69638,14.15016,17.96647,22.09679,THUMB
-0.0008983985,0.1057349,0.02930376,-0.03668733,0.02515191,-0.01387787,-0.03974166,0.01685995,-0.01961601,-0.03622451,0.00215441,-0.01979426,-0.03309573,-0.01176915,-0.01399183,63.44427,12.83055,17.99068,21.86647,THUMB
0.00671887,0.1058656,0.02886361,-0.03560545,0.02705774,-0.01247191,-0.03933152,0.01906368,-0.01787484,-0.03660164,0.004137516,-0.01808727,-0.03401925,-0.009883195,-0.01226056,63.65146,12.64486,18.11151,22.02866,THUMB
0.0203548,0.1059346,0.02276826,-0.03197058,0.03040516,-0.01200026,-0.03664425,0.0223482,-0.01676679,-0.03542453,0.007258177,-0.01638448,-0.03456078,-0.006533474,-0.009869635,62.89219,13.08134,18.47831,22.63247,THUMB
0.02082879,0.1068108,0.01613781,-0.02883453,0.03201184,-0.01270449,-0.03432117,0.02275199,-0.01724121,-0.03306494,0.007502854,-0.0164364,-0.03363224,-0.006269306,-0.009438425,58.06838,14.98362,19.15685,24.155,THUMB
0.002532182,0.09998396,0.04354984,-0.03134484,0.03145036,-0.01469734,-0.03364391,0.02333564,-0.02113962,-0.02941663,0.008135349,-0.02206695,-0.02965262,-0.00623253,-0.01711112,61.62086,13.0989,18.47722,23.79679,THUMB
0.001022724,0.09916911,0.04485321,-0.03191367,0.03128505,-0.0147379,-0.03419098,0.02322805,-0.02136239,-0.02968934,0.008107424,-0.02243048,-0.02969039,-0.006273419,-0.01746392,61.94708,13.08521,18.27311,23.54665,THUMB
-0.01149088,0.09364781,0.048428,-0.03445627,0.02797818,-0.01542592,-0.03673283,0.02048361,-0.0223282,-0.03065994,0.005542696,-0.02363008,-0.0294271,-0.008755326,-0.01885974,62.91482,12.64834,18.34819,22.75176,THUMB
-0.01880112,0.09198314,0.04644397,-0.0362595,0.02347651,-0.01619112,-0.03837455,0.01545757,-0.02317369,-0.03113299,0.0009748638,-0.0240351,-0.02881704,-0.01314831,-0.01898265,64.38205,13.2162,18.73557,22.67122,THUMB
-0.0253585,0.09393567,0.04104516,-0.03795567,0.02143049,-0.0121901,-0.03879389,0.0124929,-0.01863527,-0.03290516,-0.001948833,-0.01959315,-0.02913368,-0.01592419,-0.01502502,58.80978,14.083,19.75747,23.24004,THUMB
0.006370381,0.1003286,0.04136223,-0.03507259,0.02709717,-0.006929994,-0.03825951,0.01936868,-0.0122599,-0.03529585,0.004120171,-0.01391572,-0.03275875,-0.01060829,-0.009577662,63.07049,12.72131,19.86655,24.02433,THUMB
0.003842939,0.0958049,0.04301381,-0.03373159,0.02795014,-0.002997577,-0.0360182,0.01890835,-0.008280128,-0.0325772,0.003633201,-0.009494483,-0.03150431,-0.01182857,-0.005247533,58.38036,14.05562,21.2177,27.26399,THUMB
-0.004378542,0.08760411,0.05740428,-0.03654997,0.02608329,-0.005403161,-0.04024781,0.01944673,-0.0120064,-0.03441254,0.005306751,-0.01653701,-0.03171729,-0.008549899,-0.01281351,63.23703,12.56085,19.01232,22.24597,THUMB
-0.004146289,0.0878635,0.05711353,-0.03665266,0.02582294,-0.005418092,-0.04035961,0.01936752,-0.01196074,-0.03447001,0.005253375,-0.01651543,-0.03174055,-0.008577019,-0.01275587,63.5266,12.3494,18.98567,22.20824,THUMB
-0.00588854,0.09021068,0.05341589,-0.03696488,0.02409562,-0.006018102,-0.04020297,0.01794043,-0.0122852,-0.03418187,0.003732383,-0.01622376,-0.0313194,-0.009985447,-0.01212576,63.72728,11.81675,19.26198,22.58212,THUMB
-0.01359424,0.09526497,0.04303342,-0.03700364,0.02189666,-0.008052051,-0.03868688,0.01433787,-0.01363945,-0.03287347,4.780293E-05,-0.01522037,-0.02975912,-0.01372185,-0.01017606,60.90152,12.56851,19.91377,24.34642,THUMB
-0.02244212,0.1065791,0.002863199,-0.03234389,0.02232039,-0.01198256,-0.03407111,0.009857118,-0.01375508,-0.02960313,-0.005179077,-0.01062661,-0.02932387,-0.01913151,-0.002288401,46.69069,17.95331,24.46861,27.56723,THUMB
-0.02076783,0.1025036,0.005313396,-0.03241597,0.02254561,-0.01373714,-0.03326844,0.009256095,-0.01388437,-0.02852987,-0.005559653,-0.008761048,-0.02969276,-0.01826426,0.002065241,48.32089,18.23668,25.55904,28.62433,THUMB
-0.01384447,0.1027067,0.007079452,-0.03207259,0.02332595,-0.01370561,-0.03336466,0.009823948,-0.0133639,-0.02869407,-0.004869074,-0.007852376,-0.03108394,-0.01688072,0.003788978,51.00408,18.5244,25.41814,28.28234,THUMB
-0.01368667,0.1013724,0.01051328,-0.03296905,0.02244595,-0.01252902,-0.03460362,0.009547234,-0.01203197,-0.02906334,-0.005095512,-0.006780207,-0.03159857,-0.0170128,0.005336404,52.87089,17.92883,25.02308,28.11259,THUMB
-0.01081114,0.1042482,0.009750128,-0.03412304,0.02334797,-0.008899808,-0.0370822,0.01023242,-0.007211626,-0.0305893,-0.005521536,-0.003293216,-0.02986262,-0.0181163,0.006838292,52.40182,18.64089,25.78393,27.02907,THUMB
-0.01068859,0.106313,0.007030159,-0.03543117,0.02288881,-0.006687045,-0.03833693,0.009722352,-0.004304498,-0.03139589,-0.005851984,-0.00121963,-0.02838531,-0.01900223,0.007497281,52.79789,18.67555,25.04146,27.29569,THUMB
-0.009560807,0.1086867,0.003199488,-0.03602402,0.02118388,-0.004430413,-0.03901764,0.009929806,-0.002064347,-0.03169995,-0.00554508,-0.0001175404,-0.0274746,-0.01922026,0.007596552,54.97641,16.42545,24.34199,28.02896,THUMB
-0.008108191,0.1119823,-0.004354715,-0.03879811,0.02580491,0.01683581,-0.03926096,0.009771228,0.00225848,-0.03129794,-0.005708843,0.002832949,-0.02576749,-0.02013865,0.00967747,55.77555,25.40843,24.3213,29.42043,THUMB
-0.007657349,0.1123875,-0.004637301,-0.04078596,0.03043264,0.03271925,-0.03901217,0.009935677,0.002733529,-0.03117548,-0.005589604,0.003213704,-0.02563942,-0.02020216,0.009930491,58.33327,35.67888,24.43829,29.63019,THUMB
-0.02869938,0.101957,0.02670085,-0.04974686,0.02140868,0.04510897,-0.03734372,0.009402871,-0.006834149,-0.0301765,-0.004834294,-0.007637441,-0.02623297,-0.02094996,-0.002928495,51.28938,50.57289,23.05456,30.43764,THUMB
-0.03143118,0.0997234,0.0271582,-0.04368822,0.02017218,0.01193094,-0.03716609,0.009235263,-0.0081532,-0.03029834,-0.005112171,-0.008806705,-0.02664148,-0.02092624,-0.003940582,46.17251,28.07693,23.16073,29.49387,THUMB
-0.02890539,0.1017666,0.01805335,-0.03066061,0.01921782,-0.01155788,-0.03592495,0.01042509,-0.01202706,-0.03064831,-0.004936188,-0.01134813,-0.028766,-0.01959544,-0.005102873,49.76422,15.1344,24.04158,26.97082,THUMB
-0.00884879,0.1089518,-0.01428488,-0.02871303,0.01817334,-0.02151662,-0.03130033,0.007906169,-0.02435035,-0.0279312,-0.00600493,-0.01950616,-0.02897781,-0.0180169,-0.01011097,55.02707,15.61752,21.47291,25.10807,THUMB
0.00612499,0.1080831,-0.02039585,-0.0261451,0.02013206,-0.03326935,-0.02835545,0.00859037,-0.03647059,-0.02605927,-0.004762292,-0.02976459,-0.02857818,-0.01539019,-0.01944065,58.53609,14.91316,17.71277,22.11566,THUMB
0.006116599,0.1089959,-0.008199692,-0.02320819,0.02307013,-0.04468444,-0.02527701,0.01322019,-0.04958329,-0.02164333,-0.001333773,-0.04170448,-0.02466134,-0.01236495,-0.03168064,63.14517,11.26124,14.99407,18.60155,THUMB
0.002183911,0.1084748,-0.006394863,-0.01901845,0.02294609,-0.04495701,-0.02075714,0.01322922,-0.04940137,-0.01627827,-0.0020051,-0.04000404,-0.02028643,-0.01386261,-0.03086123,62.18971,11.30951,16.53865,20.96925,THUMB
0.002963473,0.1086528,-0.0002164841,-0.01838544,0.02395773,-0.04322273,-0.02057968,0.01453739,-0.04785424,-0.01478163,-0.001938999,-0.03707367,-0.01933715,-0.01507282,-0.02857953,63.49192,11.43323,18.43677,23.99646,THUMB
0.002309191,0.1088555,0.0003856421,-0.01917149,0.02393046,-0.04376915,-0.02154566,0.0146921,-0.04848483,-0.01531045,-0.001741499,-0.03793898,-0.01959754,-0.014893,-0.02913934,64.076,11.12753,18.02266,23.58316,THUMB
0.002825856,0.1033293,0.006187499,-0.02015621,0.06157959,-0.05006716,-0.03012887,0.06264085,-0.05985513,-0.02688898,0.04210305,-0.06367016,-0.02876961,0.02186912,-0.05457833,44.99606,6.596804,12.10661,12.62681,THUMB
-0.01139935,0.09907264,-0.01061457,-0.03801349,0.07100287,-0.05173683,-0.04512108,0.06679428,-0.06050348,-0.04154266,0.0449802,-0.06661782,-0.04121813,0.02178165,-0.05973744,33.37534,6.378642,12.31739,13.32828,THUMB
-0.02710897,0.09241122,-0.02084339,-0.03669577,0.05771101,-0.05373827,-0.04325375,0.05364445,-0.06150466,-0.03929109,0.03343937,-0.06433678,-0.0373957,0.01317343,-0.05511701,29.65113,6.094774,12.02016,12.99769,THUMB
-0.02766814,0.0921514,-0.02106148,-0.03451663,0.05590451,-0.05375189,-0.04121831,0.05235657,-0.06127262,-0.03759789,0.03251699,-0.06377965,-0.03552533,0.01265478,-0.05421084,30.02731,5.932305,11.99541,12.92487,THUMB
-0.01673094,0.09628385,-0.01468259,-0.03474836,0.06611234,-0.04878861,-0.04173549,0.06302541,-0.05624336,-0.03998068,0.04263026,-0.0610362,-0.03931798,0.02144447,-0.05340087,29.63068,5.892853,11.99424,12.70087,THUMB
-0.003346026,0.1108997,0.004950404,-0.008259935,0.02542946,-0.0349181,-0.007604541,0.01236942,-0.03760451,-0.005293757,-0.002845645,-0.02937698,-0.01058899,-0.01653084,-0.02537656,56.79419,17.53487,23.3463,28.10798,THUMB
-0.006948752,0.1083002,-0.007423401,-0.008572573,0.0189811,-0.03676552,-0.006629318,0.008518249,-0.03805554,-0.004798206,-0.005352706,-0.0303669,-0.01047836,-0.01794419,-0.02416366,58.69612,14.57862,22.33029,27.75517,THUMB
-0.01081259,0.1079845,-0.008844644,-0.02019045,0.02133968,-0.04326102,-0.02175296,0.01164782,-0.04713237,-0.01600813,-0.003570259,-0.03817874,-0.01872643,-0.0162046,-0.0292958,59.31961,11.43976,17.69085,22.17194,THUMB
-0.01748607,0.1016567,-0.00717321,-0.02652725,0.04322326,-0.05317509,-0.03563765,0.04079455,-0.06252873,-0.02945971,0.02164099,-0.06159121,-0.02890154,0.004673272,-0.04974088,46.4045,7.009638,12.53646,13.70262,THUMB
-0.007653376,0.1089628,0.005513668,-0.03541253,0.02373219,-0.04241118,-0.03878232,0.01553643,-0.04760835,-0.03194579,0.0001998842,-0.04322425,-0.03279506,-0.01295114,-0.03334683,66.494,9.070039,14.23842,17.59307,THUMB
-0.005991431,0.1093904,0.006792545,-0.03173302,0.02267152,-0.04041213,-0.03438055,0.01371902,-0.04520851,-0.02853636,-0.001226634,-0.04038137,-0.02977389,-0.01448262,-0.03107256,67.13134,10.26353,15.13169,19.10709,THUMB
-0.01251415,0.1070512,0.001601636,-0.02664673,0.02205169,-0.04396373,-0.03121217,0.01246336,-0.05034947,-0.02632483,-0.001090586,-0.0454374,-0.02710016,-0.01382375,-0.0323565,64.2066,11.3488,13.18075,19.51653,THUMB
-0.01068548,0.107021,-0.00351274,-0.02676394,0.02185437,-0.0457139,-0.03181999,0.01276606,-0.0519523,-0.0270923,-0.0009651482,-0.04682514,-0.0281209,-0.01307318,-0.03328401,63.14658,10.63997,12.93561,18.58855,THUMB
-0.02114274,0.1025919,-0.02426639,-0.02721716,0.02134329,-0.04943579,-0.03256246,0.0130831,-0.05536804,-0.02462715,-0.002064824,-0.04784432,-0.02510767,-0.01444528,-0.03507891,52.32682,9.335489,14.07972,18.25608,THUMB
-0.0259505,0.1020964,-0.02544546,-0.02571784,0.01649415,-0.04508555,-0.02738392,0.006444305,-0.04967147,-0.01985206,-0.007394314,-0.04015455,-0.02017188,-0.01960441,-0.0290834,53.64694,11.17674,16.05946,21.1452,THUMB
-0.009089675,0.1090513,-0.01307797,-0.02350293,0.01575169,-0.03761435,-0.02401601,0.004561305,-0.04062426,-0.01775847,-0.008463532,-0.03103957,-0.01980422,-0.02037242,-0.02146715,62.14945,14.09808,18.85343,24.53638,THUMB
-0.02545886,0.1041759,0.004927635,-0.03254116,0.02258739,-0.01179764,-0.03319769,0.009638965,-0.01328379,-0.02843333,-0.004828393,-0.009842753,-0.02783844,-0.01850185,-0.0008972883,45.25779,18.12044,24.35228,29.17529,THUMB
-0.01935992,0.1069972,-0.007592857,-0.03482179,0.01809987,-0.01014936,-0.03626679,0.008264363,-0.01057899,-0.03038664,-0.006691009,-0.006079525,-0.02834989,-0.01885217,0.003949821,52.53119,14.18055,25.01039,27.52694,THUMB
-0.01177105,0.1092083,-0.006613731,-0.04263481,0.03520802,0.03413057,-0.03966464,0.009062558,-0.002045035,-0.03146372,-0.005553931,-0.0003092885,-0.02774616,-0.01914212,0.008817494,54.80485,42.86026,22.98633,28.69231,THUMB
-0.01058828,0.1094117,-0.004691482,-0.04133275,0.03723884,0.04098457,-0.03959891,0.009685665,-0.001986772,-0.0314325,-0.005025297,-0.0005198121,-0.02788573,-0.01901588,0.008362591,55.37596,47.20676,22.88973,29.05276,THUMB
-0.01108418,0.1083468,0.006219864,-0.04125264,0.03733072,0.04889834,-0.03831337,0.01118967,-0.004932225,-0.03149651,-0.003890365,-0.003629595,-0.02898861,-0.01892576,0.004234612,53.50262,53.85484,23.16232,29.32791,THUMB
-0.01821937,0.1060613,0.01324093,-0.04168897,0.02501458,0.007411301,-0.03794447,0.01105356,-0.007565379,-0.03165048,-0.00401327,-0.00630039,-0.02889594,-0.01909322,0.0008180439,48.82296,24.39296,23.03279,28.9287,THUMB
-0.035092,0.09720954,0.02217552,-0.03483221,0.0205228,-0.009858698,-0.03771573,0.009378403,-0.01023719,-0.03148433,-0.005361587,-0.009255618,-0.02791268,-0.02003235,-0.002988249,47.01987,16.06545,22.80445,27.8551,THUMB
-0.03553117,0.0965791,0.02300045,-0.03582006,0.02010724,-0.008831233,-0.0378155,0.009207219,-0.01023239,-0.03153574,-0.00555405,-0.009308577,-0.0278909,-0.02014259,-0.003100455,47.17718,15.41221,22.85023,27.65653,THUMB
-0.03215412,0.0977127,0.02315265,-0.03669888,0.02028692,-0.006308526,-0.03771976,0.009934306,-0.01022029,-0.03180014,-0.00496158,-0.009368211,-0.02858006,-0.01937377,-0.003206491,47.57704,15.17128,22.80873,27.07212,THUMB
-0.02793956,0.09940881,0.02267486,-0.0358541,0.02143204,-0.006890655,-0.03709655,0.01125655,-0.01119933,-0.0317467,-0.003630728,-0.01026922,-0.02916817,-0.01800406,-0.004044175,48.32386,15.21188,22.43591,26.92163,THUMB
-0.003591236,0.1080919,0.003345072,-0.03115815,0.02125716,-0.01772189,-0.03369458,0.0115712,-0.02145225,-0.03031582,-0.002460003,-0.0178414,-0.03036373,-0.0148339,-0.009333193,58.58591,14.74576,20.25334,24.65846,THUMB
0.01659309,0.1065013,-0.01897961,-0.02769372,0.02108642,-0.03967962,-0.03086536,0.01097384,-0.0420903,-0.02849781,-0.002605766,-0.03400421,-0.03104769,-0.01224232,-0.02268505,63.92357,11.74234,15.6754,19.7391,THUMB
0.01101004,0.1069485,-0.01847696,-0.02745779,0.02099392,-0.04079527,-0.03068315,0.01133141,-0.04365459,-0.02745481,-0.002452403,-0.03541115,-0.03016257,-0.01217803,-0.02433389,62.4625,11.18388,15.35585,19.37848,THUMB
0.004102252,0.1077104,-0.01481721,-0.02450692,0.01942033,-0.04185754,-0.02750193,0.0103831,-0.04542458,-0.02286164,-0.003749996,-0.03655845,-0.02620478,-0.01427564,-0.02648133,62.6524,10.7871,16.05532,20.18292,THUMB
0.003597401,0.1075581,-0.01681414,-0.0236928,0.01883751,-0.04156303,-0.02655016,0.009569049,-0.0448865,-0.02181666,-0.004460663,-0.03572553,-0.02529888,-0.01509878,-0.02555358,61.87874,11.12943,16.49955,21.05236,THUMB
0.005695835,0.1074798,-0.01898968,-0.0218172,0.01940203,-0.03866482,-0.02390931,0.009291291,-0.04096341,-0.02023262,-0.004968971,-0.03222802,-0.02431567,-0.01613349,-0.02278277,59.40257,12.54846,18.61434,23.14482,THUMB
-0.004749982,0.1093111,0.001761317,-0.03200887,0.02531773,-0.0193795,-0.03534662,0.01386684,-0.02365559,-0.03087068,-0.0007871687,-0.0204044,-0.03067905,-0.01419386,-0.01242551,54.29312,16.19246,19.27903,24.62392,THUMB
-0.00812272,0.1087694,0.006218582,-0.03245417,0.02465031,-0.01930863,-0.03523545,0.01310593,-0.02396899,-0.03024091,-0.001531512,-0.0209977,-0.02981284,-0.01512808,-0.0134047,55.01648,16.34211,19.48444,24.65648,THUMB
-0.01236201,0.1076953,0.01040733,-0.03424406,0.02244458,-0.01933476,-0.03689334,0.01111296,-0.02414522,-0.03133632,-0.003213018,-0.02131838,-0.03001282,-0.01672691,-0.01375592,57.63965,15.94999,19.01907,23.85466,THUMB
-0.01089942,0.1073722,0.01005346,-0.03375994,0.02270406,-0.01996726,-0.03645852,0.01130825,-0.02444667,-0.03137787,-0.003026217,-0.0213615,-0.03021512,-0.01641992,-0.0134241,57.97395,15.90106,19.00849,23.9663,THUMB
-0.00772256,0.1073644,0.01237592,-0.03314611,0.02431503,-0.01897112,-0.03610224,0.01315105,-0.02347046,-0.03156185,-0.001391351,-0.02076697,-0.03075776,-0.01504657,-0.01308012,57.55524,15.77525,19.0946,24.26583,THUMB
-3.679469E-05,0.1090427,0.002631575,-0.01985442,0.02727908,-0.03611469,-0.02053754,0.01739642,-0.04034436,-0.01719059,0.002053052,-0.03432912,-0.02173734,-0.01059073,-0.02759355,57.7037,12.58451,17.96326,22.92404,THUMB
0.001697637,0.1092209,0.005816042,-0.01464612,0.02853617,-0.03521955,-0.0147802,0.01902124,-0.03965622,-0.01230878,0.003092408,-0.03399593,-0.01804302,-0.009736806,-0.02913356,56.35544,12.73256,19.31988,23.84411,THUMB
0.002442852,0.1090958,0.006632209,-0.01103017,0.02877396,-0.03358352,-0.0108694,0.0194979,-0.03834414,-0.009268532,0.003266662,-0.03310716,-0.01570433,-0.009583771,-0.02958387,54.55865,13.22526,20.64192,24.62712,THUMB
0.007352453,0.1064922,-0.01627666,-0.005806089,0.02202748,-0.03006554,-0.006284635,0.01074749,-0.03335543,-0.008435916,-0.00414373,-0.0278503,-0.01710765,-0.01680213,-0.02422911,46.71846,18.16126,26.39051,27.50474,THUMB
0.008188658,0.1060231,-0.0189535,-0.006662687,0.02198854,-0.03174265,-0.007636747,0.01070972,-0.03468695,-0.009701923,-0.00392738,-0.02838349,-0.01824977,-0.01656577,-0.02356675,47.15243,17.36249,25.06578,27.98074,THUMB
0.007186438,0.1063857,-0.01758397,-0.007268918,0.02232723,-0.03202513,-0.008121708,0.01110907,-0.03486699,-0.00992507,-0.003556907,-0.0284934,-0.01832518,-0.01644844,-0.02363437,47.73669,16.97428,24.7076,28.2079,THUMB
0.003918523,0.107543,-0.01659209,-0.01013182,0.02172495,-0.03300454,-0.0110895,0.01084232,-0.03639536,-0.01126281,-0.003983706,-0.02931526,-0.0190928,-0.0168784,-0.02415115,50.18034,16.27495,23.48393,27.00247,THUMB
0.003693314,0.1078415,-0.01625001,-0.01063566,0.02155548,-0.03282875,-0.01170721,0.01068488,-0.03656323,-0.01154967,-0.004178017,-0.02952388,-0.01920881,-0.01681244,-0.02431762,50.58953,16.43904,23.3359,26.3714,THUMB
0.004959271,0.1079722,-0.0199481,-0.02653935,0.02483758,-0.02676734,-0.02938793,0.01338202,-0.02824044,-0.02676388,-0.002350897,-0.02207789,-0.03055724,-0.01463145,-0.01335615,51.56668,15.25595,22.46416,25.06791,THUMB
-0.005828763,0.1089789,-0.006158531,-0.03263458,0.02376425,-0.02035698,-0.03540795,0.01116276,-0.02274534,-0.03018421,-0.004171401,-0.01868531,-0.03076338,-0.0171878,-0.01014453,53.99281,16.86833,21.57822,24.80462,THUMB
-0.006843027,0.1088724,-0.003484488,-0.03174781,0.0231849,-0.02061379,-0.03397213,0.009260386,-0.02271748,-0.02849736,-0.005583614,-0.01866725,-0.02960336,-0.01827329,-0.01006016,54.50127,18.73375,22.08189,24.9568,THUMB
-0.005992947,0.1081432,-0.009112179,-0.03206722,0.02252328,-0.01981699,-0.03474432,0.00887078,-0.02089691,-0.02954659,-0.005851865,-0.01619035,-0.03077906,-0.01788023,-0.00689134,53.95504,18.52756,22.3124,24.78594,THUMB
-0.006697537,0.1078698,-0.008577526,-0.03242362,0.02257559,-0.0194824,-0.03515808,0.008703947,-0.02040172,-0.02990526,-0.005958557,-0.01570809,-0.03086605,-0.01773351,-0.006247878,53.81773,18.7609,22.21967,24.63548,THUMB
-0.006461427,0.1020127,-0.02583051,-0.0364913,0.0191237,-0.01380408,-0.03975573,0.007320821,-0.01098394,-0.03465752,-0.00561282,-0.002784908,-0.03958832,-0.00949508,0.01439208,56.27726,16.80644,22.05919,24.3726,THUMB
-0.0001095533,0.09734958,-0.0006109774,-0.03735499,0.02101493,-0.009935975,-0.03993116,0.009569556,-0.007900447,-0.0351296,-0.002514511,0.0006536245,-0.04877587,-0.006209135,0.0610905,61.31419,15.68503,21.17112,50.17865,THUMB
0.0008427426,0.1008515,0.004475862,-0.03353135,0.02327359,-0.007028073,-0.03636722,0.01165047,-0.005963951,-0.03428185,0.0003217459,0.001826197,-0.0337548,-0.01047438,0.02303913,56.83354,16.7981,20.90656,34.34645,THUMB
-0.006367028,0.1032043,0.004383206,-0.03340572,0.02498215,-0.01039112,-0.03720137,0.01332423,-0.01035333,-0.03375737,-0.001729906,-0.005540252,-0.03277695,-0.01569864,0.003843665,51.8968,16.56357,22.77251,27.30189,THUMB
-0.006434228,0.1055403,0.0003650188,-0.03339227,0.02506727,-0.01121449,-0.03715411,0.01322827,-0.01148295,-0.0333885,-0.002410889,-0.00727278,-0.03217949,-0.0164696,0.001362979,51.33024,16.69577,23.32378,26.99341,THUMB
-0.01079454,0.1096129,-0.01671815,-0.03281192,0.02228758,-0.01645529,-0.03444396,0.009722769,-0.01682928,-0.02997003,-0.005929798,-0.01254106,-0.02862098,-0.01840514,-0.003359497,50.04469,17.04238,24.7966,26.6758,THUMB
-0.01350297,0.1093349,-0.02055609,-0.03400548,0.02118143,-0.01696435,-0.03474005,0.008727431,-0.01689827,-0.02998539,-0.006558061,-0.01227742,-0.02863338,-0.0188427,-0.002461016,50.15684,16.41273,24.44551,26.98593,THUMB
-0.01706236,0.10923,-0.01900506,-0.03498475,0.02127421,-0.01499659,-0.03558865,0.009005547,-0.01488799,-0.03056443,-0.006127954,-0.01067317,-0.0288991,-0.01870793,-0.0008158386,49.05249,16.06824,24.10303,27.47734,THUMB
-0.01911185,0.1090336,-0.01809594,-0.03565711,0.02069202,-0.01340955,-0.03625239,0.008892447,-0.01332647,-0.03092308,-0.006259412,-0.009310782,-0.02885913,-0.0190143,0.0005638599,49.15433,15.54909,24.17497,27.7569,THUMB
-0.02104922,0.1094347,-0.01408011,-0.04478456,0.03571504,0.03955305,-0.03860914,0.006466806,-0.003172994,-0.03021918,-0.007575214,-0.0004201531,-0.02569107,-0.02117771,0.009061515,56.68822,47.85436,23.86444,29.7942,THUMB
-0.01340657,0.110373,-0.01437998,-0.03976063,0.04056048,0.04409856,-0.03795663,0.008494437,-0.004371166,-0.0304804,-0.006255925,-0.001260161,-0.02734941,-0.01973981,0.008003056,57.12677,53.83289,24.48112,28.68654,THUMB
-0.01267482,0.1106361,-0.008606672,-0.04891537,0.03724474,0.02728701,-0.03572935,0.009280086,-0.01349223,-0.02988411,-0.00504297,-0.01022255,-0.02888712,-0.01821554,-0.00157088,53.14877,49.26473,22.79942,27.35307,THUMB
-0.0153287,0.108375,-0.01238385,-0.02708463,0.01975167,-0.02634782,-0.02980526,0.007428378,-0.02816582,-0.02541984,-0.005825013,-0.02319252,-0.02646028,-0.01760852,-0.01430494,52.14598,17.34728,19.90054,24.49273,THUMB
-0.01012116,0.1081139,-0.008834064,-0.01974154,0.02088606,-0.03833586,-0.02271488,0.01149848,-0.04190022,-0.01899626,-0.002475411,-0.03565544,-0.02183375,-0.01399156,-0.02714533,57.60497,12.33331,17.07492,21.13804,THUMB
-0.006880278,0.109109,-0.006135285,-0.01825056,0.02200204,-0.0414353,-0.01840609,0.01204798,-0.04624093,-0.01338607,-0.002603769,-0.03729665,-0.01701929,-0.01461995,-0.02961147,59.70693,12.46111,17.47626,21.75189,THUMB
-0.006522577,0.1095652,-0.003389895,-0.0169013,0.02297965,-0.04079464,-0.01693302,0.01330635,-0.04629552,-0.01208189,-0.001920909,-0.03716716,-0.0159423,-0.01448244,-0.03038234,59.59783,12.5881,18.03812,22.1542,THUMB
-0.001923094,0.1100139,0.002275735,-0.01242598,0.02528623,-0.0385738,-0.01241781,0.01573217,-0.04243249,-0.009537118,0.0002079308,-0.0358575,-0.01453408,-0.01267564,-0.03090775,58.86787,12.45229,19.31619,23.00468,THUMB
-0.0001411485,0.1100494,0.0003076494,-0.01037814,0.02443612,-0.03822616,-0.01049268,0.01469219,-0.04114845,-0.008382632,-0.0004763901,-0.03483987,-0.01395817,-0.01327628,-0.03009832,58.46415,12.61168,19.86102,23.77681,THUMB
0.005034169,0.1079515,0.007255644,-0.004555886,0.02518249,-0.03234142,-0.003783728,0.01567817,-0.03585494,-0.004563334,0.0005320013,-0.03071064,-0.01252154,-0.0112747,-0.02775294,56.57068,14.23435,22.64305,26.34831,THUMB
0.000878254,0.1083924,0.004123092,-0.009330587,0.02645814,-0.03142145,-0.008779497,0.01543009,-0.03533363,-0.008104078,0.0003154278,-0.03104258,-0.01507885,-0.01254049,-0.0276854,53.30995,16.09422,22.4141,26.0872,THUMB
-0.0003131023,0.1098644,-0.005146801,-0.01364995,0.02113384,-0.03526989,-0.01267096,0.009884894,-0.03798199,-0.01057597,-0.004996747,-0.03194529,-0.01629053,-0.01739064,-0.02710357,58.24612,15.53318,22.3142,23.60325,THUMB
0.00493819,0.1087883,-0.0196715,-0.01738372,0.01797208,-0.03766108,-0.01775559,0.006728142,-0.03935903,-0.01481652,-0.008162379,-0.03113642,-0.01981943,-0.01992148,-0.02351803,58.54945,14.577,22.20452,23.74742,THUMB
0.005510277,0.1033613,-0.03402713,-0.03201862,0.01618671,-0.04159194,-0.03623247,0.006138533,-0.04277405,-0.03172189,-0.007901311,-0.03247514,-0.03252064,-0.01733834,-0.01975143,60.88612,11.19962,16.62236,20.04303,THUMB
0.00214139,0.1051227,-0.02701476,-0.0336419,0.01766515,-0.03423244,-0.03786355,0.006905288,-0.03548574,-0.03401449,-0.006319493,-0.0266144,-0.03348238,-0.01660427,-0.01426867,60.78725,12.83094,16.69749,21.59779,THUMB
0.0007128939,0.1060064,-0.02068895,-0.034416,0.02053049,-0.02733749,-0.03965993,0.009117573,-0.02862227,-0.0362813,-0.003922462,-0.02084404,-0.03451261,-0.01494169,-0.009138703,58.75958,14.69362,16.97858,22.63302,THUMB
-0.002003923,0.1071489,-0.01116553,-0.03329746,0.0222775,-0.02434805,-0.03834016,0.01080424,-0.02631029,-0.03556311,-0.002909273,-0.01978797,-0.03394863,-0.01452231,-0.008884698,57.34498,15.37445,17.97776,23.09507,THUMB
0.003607973,0.1075146,-0.008621544,-0.03154307,0.02272025,-0.02516961,-0.03666539,0.01240531,-0.02791524,-0.03449289,-0.001197994,-0.02143872,-0.03426296,-0.01231176,-0.01088786,59.37555,14.36405,17.59401,22.15412,THUMB
0.01337819,0.1056164,-0.01134369,-0.02937113,0.02353534,-0.027062,-0.03432979,0.01349375,-0.02934685,-0.03129932,-0.0004765093,-0.02207953,-0.03328553,-0.01071325,-0.01132056,61.0841,14.01198,18.1252,22.908,THUMB
0.0139006,0.1052108,-0.01179856,-0.02940166,0.02343935,-0.0273459,-0.03439956,0.01336047,-0.02960464,-0.03111977,-0.0006648898,-0.02221367,-0.03318581,-0.01083553,-0.01128659,61.35361,14.01727,18.13974,23.08557,THUMB
0.00462608,0.1054095,-0.008641005,-0.0331206,0.02270725,-0.02703625,-0.0370437,0.01220477,-0.02913174,-0.03217141,-0.001707762,-0.02198344,-0.03273235,-0.01307315,-0.01101178,61.13598,13.48859,17.44801,23.82958,THUMB
-0.0001594871,0.1069243,-0.01122403,-0.03101026,0.02245849,-0.0271447,-0.03392109,0.01104695,-0.02869907,-0.02954887,-0.002938747,-0.02167988,-0.03067813,-0.01450953,-0.011372,57.50338,14.65338,18.95918,24.68267,THUMB
0.004322164,0.1075501,-0.01226917,-0.03077904,0.02260891,-0.02692115,-0.03409206,0.01198465,-0.0287652,-0.02991139,-0.002369106,-0.02207583,-0.03136126,-0.0141457,-0.01194924,58.71216,13.93124,19.04649,24.41529,THUMB
0.00457482,0.1067019,-0.01883942,-0.03045854,0.02132246,-0.02768764,-0.03382896,0.01071602,-0.02915761,-0.02971109,-0.003462911,-0.02186546,-0.0312768,-0.01492059,-0.01136133,58.08965,13.96362,19.35669,24.52054,THUMB
0.004050136,0.1062413,-0.01991194,-0.03073689,0.0213013,-0.02809915,-0.0341782,0.01048025,-0.02932358,-0.03008106,-0.003599375,-0.02176103,-0.03123823,-0.01482365,-0.01098272,57.77452,14.09037,19.2251,24.43664,THUMB
-0.02203637,0.1039259,-0.0003115237,-0.03336242,0.01957545,-0.02240321,-0.03502202,0.007407218,-0.02517441,-0.0300622,-0.006353855,-0.02052292,-0.02844919,-0.01870096,-0.01108608,54.2197,16.3188,19.69499,24.73681,THUMB
-0.01696271,0.1056735,0.0008913875,-0.03134425,0.01907286,-0.02264059,-0.03312666,0.007307321,-0.02615088,-0.02909439,-0.005818814,-0.02230209,-0.02829527,-0.01771435,-0.01317585,56.7961,16.59548,18.85957,23.65856,THUMB
-0.006025029,0.1050753,-0.001303613,-0.02996567,0.01908875,-0.02273476,-0.03286783,0.008932292,-0.02565026,-0.03035406,-0.004796624,-0.02111059,-0.03051999,-0.01580846,-0.01117536,60.05863,14.83304,19.73458,23.24127,THUMB
-0.02279507,0.1002538,0.007184654,-0.03469713,0.02065957,-0.01912102,-0.03608405,0.008105367,-0.02055863,-0.03130234,-0.005980402,-0.0154033,-0.02948928,-0.01856583,-0.005363852,53.72179,16.51535,21.0557,26.5111,THUMB
-0.02322653,0.1002725,0.006710321,-0.03525386,0.01989982,-0.0188666,-0.03647726,0.007511109,-0.02015594,-0.03148034,-0.006430894,-0.01485217,-0.02966487,-0.0190534,-0.00446561,54.3097,16.25845,21.00303,26.81209,THUMB
-0.01431554,0.1033822,0.001223862,-0.03388884,0.01935273,-0.01969454,-0.03590683,0.00776577,-0.0208686,-0.03181652,-0.005830407,-0.01500946,-0.03137246,-0.01794234,-0.003534406,57.34695,15.68614,20.58928,26.79827,THUMB
0.01393727,0.105739,-0.01103574,-0.03019732,0.02024615,-0.02275833,-0.03481343,0.01096389,-0.02506694,-0.03352192,-0.002441645,-0.01824707,-0.03378007,-0.01229236,-0.008065611,64.62183,13.87795,19.35884,21.65028,THUMB
0.01080495,0.105454,-0.01301867,-0.03166617,0.02008,-0.02441025,-0.03614283,0.01045927,-0.02636403,-0.03395917,-0.002853543,-0.01910651,-0.03353175,-0.01294056,-0.008376181,64.02148,13.58225,18.59586,22.12713,THUMB
0.01686297,0.1068172,-0.00414297,-0.03225552,0.02464756,-0.02705929,-0.03627077,0.01518816,-0.02976984,-0.03301951,0.0007672906,-0.02350315,-0.03330544,-0.01009145,-0.01330408,65.3624,12.42239,17.28882,21.55552,THUMB
0.02077316,0.1058234,-0.00519079,-0.03303069,0.02473903,-0.02853143,-0.03702056,0.01535046,-0.03082457,-0.03327258,0.0009079278,-0.02356535,-0.03419438,-0.00988096,-0.01338381,67.41992,11.90776,16.97792,21.37358,THUMB
-0.008892473,0.108047,-0.004035473,-0.03161933,0.0208033,-0.02748573,-0.03367132,0.008911252,-0.03034139,-0.02869916,-0.004716545,-0.02419937,-0.02854366,-0.01707801,-0.01483214,58.65436,15.31418,18.37998,24.01598,THUMB
-0.03412069,0.1016279,0.009032488,-0.03255714,0.02267718,-0.01549989,-0.03284312,0.009099603,-0.01801661,-0.02749251,-0.00593394,-0.01533175,-0.02674754,-0.02109054,-0.008194208,44.37638,18.75534,24.3321,28.51183,THUMB
-0.009334493,0.1070972,-0.01689875,-0.03442667,0.02199689,-0.01694435,-0.03539801,0.009952486,-0.01726517,-0.03031846,-0.00464806,-0.01208466,-0.03003724,-0.01655236,-0.001462519,51.99612,15.64373,22.68592,27.33713,THUMB
-0.007048383,0.1084124,-0.01810926,-0.03678071,0.01999658,-0.01542452,-0.03715166,0.008990169,-0.01700905,-0.03187229,-0.0054923,-0.01267713,-0.03105682,-0.01721907,-0.002599686,56.58088,14.32462,21.69917,25.39241,THUMB
0.002322197,0.1072392,-0.024694,-0.0358337,0.01971447,-0.01632175,-0.03724412,0.009363174,-0.01761964,-0.03295343,-0.004674762,-0.01216921,-0.03223972,-0.01546803,-0.001407534,59.85642,13.81476,20.99178,24.73446,THUMB
0.008828327,0.102481,-0.03104854,-0.0334934,0.01923466,-0.01836711,-0.03756012,0.009626806,-0.01864016,-0.03476464,-0.003358185,-0.01108593,-0.03450003,-0.01325846,0.0005996823,60.74363,13.97092,20.14086,24.01694,THUMB
-0.007163227,0.1042689,-0.02264214,-0.03459529,0.01695985,-0.02023605,-0.03584235,0.004887491,-0.01938501,-0.03167833,-0.008072048,-0.01217595,-0.03141192,-0.01611719,-0.0007932484,57.88148,16.2022,21.50656,22.89936,THUMB
0.0008265674,0.104894,-0.02090207,-0.03464078,0.01845825,-0.0192216,-0.03658896,0.006785512,-0.01890498,-0.03284866,-0.006581694,-0.012198,-0.03228648,-0.01438624,-0.0011473,60.39626,15.70959,21.15664,21.97799,THUMB
-0.008127198,0.1073142,-0.0134936,-0.03422944,0.02347493,-0.01192006,-0.03704068,0.01173469,-0.01292297,-0.0325289,-0.002359658,-0.009379238,-0.03153408,-0.01374859,0.0005615056,50.8333,16.27652,20.87357,25.6032,THUMB
-0.005753301,0.1066477,-0.01448205,-0.0340476,0.02368796,-0.01107457,-0.03738904,0.01191995,-0.01172635,-0.03312213,-0.002373517,-0.007996291,-0.03203239,-0.01344705,0.002199709,51.46608,16.57835,21.24586,25.2579,THUMB
-0.006915279,0.108113,-0.003981769,-0.03274056,0.0259755,-0.009480476,-0.03603426,0.01374415,-0.01013806,-0.032437,-0.001444817,-0.007114887,-0.03143487,-0.01421392,0.001962662,48.59777,17.15263,22.88879,26.68786,THUMB
-0.007265165,0.1073036,-0.01188684,-0.03350315,0.02375177,-0.008735895,-0.03678443,0.01201832,-0.008105338,-0.03251502,-0.002935678,-0.004217327,-0.03109855,-0.01468417,0.005746543,50.40063,16.86748,23.34811,26.18071,THUMB
-0.003668152,0.1089239,-0.00829345,-0.03218681,0.02533743,-0.01085123,-0.03565858,0.01401368,-0.01148921,-0.03212336,-0.001018107,-0.008108109,-0.0317714,-0.01351711,0.001234382,50.15012,16.22622,22.56102,26.5573,THUMB
-0.003362313,0.1090054,-0.01039961,-0.03231473,0.02497143,-0.01177201,-0.03577843,0.01366901,-0.01252481,-0.03218653,-0.001164883,-0.008966237,-0.03184574,-0.01357546,0.0005269051,50.63662,16.16628,22.12998,26.47846,THUMB
-0.0003157035,0.1090859,-0.01513985,-0.03247702,0.02430752,-0.01230851,-0.03628048,0.01299325,-0.01307592,-0.0327481,-0.001620322,-0.00934574,-0.03242968,-0.01367044,0.0003768802,52.40631,16.38867,21.68471,25.76698,THUMB
0.00265836,0.1083794,-0.01938042,-0.0335884,0.02353466,-0.01402533,-0.03667796,0.01205367,-0.01453894,-0.03273022,-0.002761096,-0.01012537,-0.03272325,-0.01471403,-3.260374E-05,55.07059,15.92496,22.03564,25.61819,THUMB
-0.01498787,0.1088801,-0.007047057,-0.03220453,0.02180421,-0.02005613,-0.03287025,0.009020358,-0.02158064,-0.02836296,-0.004907072,-0.01736158,-0.02791181,-0.01745051,-0.008503824,51.53011,17.01407,21.39022,26.2576,THUMB
0.00644224,0.1097862,-0.008572549,-0.02414581,0.02136061,-0.03976563,-0.02777331,0.01151091,-0.04337627,-0.02413421,-0.003820628,-0.03524217,-0.02671116,-0.01553676,-0.02647057,63.37743,12.13302,17.79662,20.26553,THUMB
-0.007387739,0.1102621,0.007943273,-0.02095776,0.02364916,-0.04166013,-0.02232194,0.01382148,-0.04733974,-0.01677208,-0.001965702,-0.03857172,-0.01916231,-0.01462707,-0.03185892,65.18341,12.17369,17.55389,20.17563,THUMB
-0.01197536,0.1100983,0.01078892,-0.02222179,0.02360705,-0.04311109,-0.02412836,0.01399374,-0.04991218,-0.01705391,-0.002153546,-0.04057693,-0.01855634,-0.01476103,-0.03385293,66.42989,11.86704,17.22704,19.0226,THUMB
-0.01223664,0.1100296,0.01275444,-0.02305508,0.02419752,-0.04398638,-0.02587581,0.01501894,-0.05163795,-0.01830004,-0.001574337,-0.04208541,-0.01933863,-0.01426122,-0.03529531,67.22169,11.44333,16.82578,18.27434,THUMB
0.007527352,0.1109394,-0.002352357,-0.01015965,0.02474964,-0.0442217,-0.01245128,0.01613799,-0.05086961,-0.009060514,-0.0006237328,-0.04145736,-0.01438685,-0.0130972,-0.03402406,61.15485,11.50871,18.0234,21.36722,THUMB
0.0117517,0.1070281,-0.01493835,-0.0007399395,0.02038428,-0.03524494,0.0005615652,0.009771436,-0.03566349,-0.001451133,-0.004694253,-0.02773851,-0.01025689,-0.01628476,-0.02438059,52.42219,14.84381,25.21043,28.68649,THUMB
0.009725044,0.1065721,-0.01329619,0.0006595403,0.0226846,-0.0356954,0.002062704,0.009872794,-0.0350278,1.494773E-05,-0.004723042,-0.02605271,-0.009676635,-0.01422009,-0.0223515,50.54619,16.848,26.19959,29.59453,THUMB
0.00833522,0.1068967,-0.01084757,0.0001480877,0.02449891,-0.03775305,0.00131198,0.01076517,-0.03739065,0.0002456494,-0.004212379,-0.02725786,-0.00966453,-0.01263463,-0.02265626,51.34438,17.00485,24.8808,28.91002,THUMB
0.006477425,0.1069251,-0.0108493,-0.0004410055,0.0249469,-0.03855598,0.0007690638,0.0108529,-0.03881115,0.0001580827,-0.004171014,-0.02798092,-0.009722469,-0.01220623,-0.02277878,51.42968,17.35851,24.11157,28.45915,THUMB
-0.000391569,0.1069474,-0.01367548,-0.002360504,0.02383211,-0.03807926,-0.0007619951,0.009909332,-0.03871682,-0.0006082132,-0.00463289,-0.02874917,-0.009671391,-0.01321548,-0.022672,50.7233,17.77558,23.50623,28.05157,THUMB
-0.0008041449,0.1086612,-0.009017527,-0.0008501401,0.02402577,-0.03332633,0.0002475521,0.0120925,-0.03632614,-0.0001803092,-0.002859265,-0.02929261,-0.00782788,-0.01496422,-0.0255737,49.4676,17.44537,23.99763,28.4171,THUMB
0.008439716,0.1082315,-0.007723361,-0.001141637,0.02284515,-0.03821623,-0.0005601929,0.01277414,-0.0409807,-0.00104114,-0.003281683,-0.0313012,-0.009382844,-0.01530182,-0.02743071,55.32011,13.5741,23.31953,27.14359,THUMB
-0.01212786,0.1075708,-0.006736577,-0.01803709,0.02390262,-0.0510903,-0.02075146,0.0150826,-0.05867302,-0.01385883,-0.001936674,-0.04770175,-0.01598047,-0.01600808,-0.03735888,60.79358,10.1824,16.18546,20.42578,THUMB
-0.009959631,0.1066554,-0.02096516,-0.0231747,0.01866236,-0.05332902,-0.02827624,0.009442449,-0.06024191,-0.02466208,-0.006450266,-0.05208552,-0.02447038,-0.01926294,-0.03909653,59.93596,9.851214,14.4634,17.5174,THUMB
0.003874056,0.1082833,-0.01780882,-0.01831753,0.01929829,-0.04514238,-0.02197178,0.008856505,-0.04985645,-0.01608198,-0.006440908,-0.03851509,-0.02120837,-0.01834339,-0.02912283,60.62231,12.48415,18.04005,22.19025,THUMB
-0.01122953,0.1070403,-0.0143469,-0.02105027,0.01781583,-0.04062891,-0.02295634,0.005931199,-0.04406583,-0.01672985,-0.007309765,-0.03434345,-0.01972057,-0.02057263,-0.02382052,59.24724,14.46653,17.70664,26.00443,THUMB
-0.007342037,0.10805,-0.01001284,-0.02076066,0.02036104,-0.04029211,-0.02365133,0.008793801,-0.04475355,-0.01757175,-0.005026102,-0.03590772,-0.02086089,-0.0184024,-0.02566138,59.33989,14.34601,17.11349,25.13369,THUMB
0.000541497,0.1085948,-0.008526802,-0.02095844,0.02317154,-0.04114035,-0.02616191,0.01245105,-0.04688033,-0.01984915,-0.001947284,-0.03912309,-0.02381203,-0.01479277,-0.02845705,59.50366,13.74405,15.75979,22.99323,THUMB
0.001435148,0.1083366,-0.009807974,-0.02080408,0.0232577,-0.04192021,-0.02624737,0.01272023,-0.04769555,-0.01992182,-0.001706451,-0.03983489,-0.02409396,-0.01432988,-0.02903327,59.31882,13.4691,15.50776,22.57593,THUMB
-0.002082193,0.1078079,-0.01034412,-0.02346398,0.02291095,-0.0418902,-0.02870313,0.01241875,-0.04731512,-0.0225858,-0.001988024,-0.03927535,-0.02549944,-0.01475412,-0.0282461,59.18435,12.99695,15.21883,22.12268,THUMB
-0.006960742,0.1067617,0.001546413,-0.02936493,0.03625077,-0.0449397,-0.03657252,0.03191465,-0.05306298,-0.02990786,0.01404807,-0.05136985,-0.02999396,-0.00081411,-0.04067659,54.70064,7.780916,13.67644,15.4901,THUMB
-0.005127389,0.1073276,-0.0007298887,-0.0318755,0.03714904,-0.04484129,-0.0398225,0.03308126,-0.052468,-0.03258051,0.01508209,-0.051725,-0.03260362,0.0003593862,-0.0405935,54.0939,7.521622,13.63246,14.94974,THUMB
0.00110203,0.1095801,-0.001189709,-0.03059756,0.03301382,-0.04402584,-0.03776195,0.02753857,-0.05126348,-0.03089645,0.01080471,-0.0501855,-0.03274033,-0.002180904,-0.03889549,58.19839,8.351624,13.77028,15.36583,THUMB
0.0004934855,0.1103762,0.003410876,-0.03049517,0.02847081,-0.03959298,-0.03645999,0.02116624,-0.04625136,-0.02846496,0.004788518,-0.04203951,-0.03040567,-0.008097053,-0.03213817,61.89232,9.91899,14.93545,18.28513,THUMB
0.001574926,0.1102728,0.004067332,-0.02894895,0.02892351,-0.03948501,-0.03463758,0.02159056,-0.04637194,-0.02669164,0.005012631,-0.04177499,-0.02917231,-0.00789234,-0.03221935,61.61607,10.12652,15.23374,18.6864,THUMB
0.001497384,0.1089765,0.009619892,-0.0281914,0.03296641,-0.03891605,-0.03436546,0.02653968,-0.04656684,-0.02691201,0.009641528,-0.04364386,-0.02936603,-0.003771991,-0.03431535,60.1242,9.825993,14.70032,17.78611,THUMB
-0.005760733,0.1081296,0.005098969,-0.0272913,0.03256142,-0.04108983,-0.0324365,0.02561489,-0.04901022,-0.02484905,0.009167343,-0.04615879,-0.0273899,-0.004223913,-0.0364663,57.22415,9.880176,14.5069,17.4649,THUMB
-0.01559977,0.1052704,0.001123279,-0.0287083,0.03351459,-0.04012585,-0.03357232,0.02623227,-0.04793221,-0.02684526,0.01001027,-0.04606932,-0.02865438,-0.004030317,-0.03623766,51.73824,10.05524,14.25612,17.58015,THUMB
-0.01637634,0.1067633,0.01307675,-0.02207806,0.02946019,-0.03237548,-0.02300575,0.01935977,-0.03895354,-0.01698045,0.003330231,-0.03316852,-0.01977308,-0.01189595,-0.02825883,54.68485,14.13657,18.36601,25.35143,THUMB
-0.01238905,0.1068999,0.01958397,-0.02085347,0.02958563,-0.03171775,-0.02197158,0.01992175,-0.03856885,-0.01618638,0.003590196,-0.03247491,-0.01922964,-0.01147211,-0.02824312,57.86811,14.11047,18.77017,25.38948,THUMB
-0.01356274,0.1054167,0.02042285,-0.01690801,0.03135908,-0.03045264,-0.01765001,0.02173778,-0.03739521,-0.01290806,0.004697442,-0.03243342,-0.01705312,-0.01036561,-0.02944461,54.94947,14.59441,20.34773,25.96317,THUMB
-0.01641234,0.1042703,0.02417791,-0.01775203,0.03183731,-0.02965796,-0.01823591,0.02189559,-0.03696311,-0.01292419,0.004817486,-0.03261545,-0.01660195,-0.01057467,-0.03017789,55.34052,15.14407,20.63185,25.88445,THUMB
-0.01554334,0.1037224,0.02716872,-0.01773836,0.03278866,-0.0290626,-0.01840698,0.02296618,-0.03667745,-0.01305053,0.005691409,-0.03274998,-0.01678259,-0.009764403,-0.03074026,55.68544,15.16679,20.58701,25.67685,THUMB
-0.009141801,0.1023592,0.03571334,-0.01567646,0.03642738,-0.02669463,-0.01677105,0.02702573,-0.03478032,-0.01125979,0.008695453,-0.03185859,-0.01607263,-0.006278038,-0.0319171,55.86301,15.04754,21.3205,25.43648,THUMB
-0.008283261,0.1024177,0.03628352,-0.01584191,0.0371623,-0.02624583,-0.01726919,0.02799407,-0.0345234,-0.0116077,0.009613276,-0.03188387,-0.01641042,-0.005497336,-0.03203598,55.34661,14.89466,20.96642,25.496,THUMB
-0.007734063,0.1026542,0.03648648,-0.01547614,0.03762758,-0.02563807,-0.01718151,0.02873403,-0.03420046,-0.01171682,0.01052102,-0.03192279,-0.01641741,-0.004776686,-0.03212336,54.54284,14.92369,20.5285,25.6616,THUMB
-0.007503896,0.1026308,0.03671721,-0.01564048,0.03798255,-0.02552736,-0.01732966,0.02922073,-0.03411195,-0.01231184,0.01114583,-0.03209504,-0.01680075,-0.004086196,-0.03227723,54.36958,14.74097,20.09404,25.20496,THUMB
-0.005839841,0.1019141,0.03953272,-0.01554283,0.03945512,-0.02490875,-0.01740594,0.03125268,-0.03369552,-0.01344793,0.01361534,-0.03290033,-0.01770875,-0.001444042,-0.03307572,54.4904,14.21264,19.03505,23.88196,THUMB
-0.002527602,0.1016171,0.04048696,-0.01557098,0.04165453,-0.02737203,-0.01810464,0.03473532,-0.03611994,-0.01560386,0.01799795,-0.03664461,-0.01976923,0.002960443,-0.03545934,56.374,12.39424,16.63702,20.97956,THUMB
-0.004517395,0.1027313,0.0369975,-0.01467957,0.0396058,-0.02701446,-0.01633253,0.03123754,-0.03542629,-0.01350112,0.0141944,-0.03485054,-0.01798964,-0.0008089244,-0.03394163,55.09216,13.74399,18.15297,22.97253,THUMB
0.000539517,0.09912279,0.04637751,-0.01236116,0.03869465,-0.02223644,-0.01351975,0.02968699,-0.03088766,-0.01114183,0.01266316,-0.03103068,-0.01668758,-0.001377016,-0.03190723,56.49458,15.70886,20.61658,24.44349,THUMB
0.001048922,0.09854952,0.04752162,-0.01216017,0.03875506,-0.02197558,-0.01335947,0.02986199,-0.03072718,-0.01097621,0.01284856,-0.03092363,-0.01663723,-0.000996381,-0.03189543,56.86195,15.73912,20.59723,24.267,THUMB
0.0001022825,0.1002223,0.04425147,-0.01568486,0.03886458,-0.02485234,-0.01754943,0.03036365,-0.03390792,-0.0140889,0.01313677,-0.03314704,-0.01900278,-0.001527965,-0.03251934,58.44245,14.80133,18.8327,23.47304,THUMB
-0.002167367,0.1013995,0.04185322,-0.01639432,0.03869379,-0.02579373,-0.01813408,0.02981678,-0.03493509,-0.01435652,0.01274893,-0.03378201,-0.01892356,-0.002242386,-0.03295386,57.8422,14.97536,18.39993,23.51432,THUMB
-0.004928735,0.1043494,0.03479287,-0.01695244,0.03702182,-0.02727744,-0.0183366,0.02786395,-0.03594834,-0.01418889,0.01082602,-0.03420919,-0.01833989,-0.004440576,-0.03295007,56.25523,14.86922,18.76763,23.91231,THUMB
-0.004255576,0.1053807,0.03210598,-0.01746215,0.03628343,-0.02745694,-0.019036,0.02695027,-0.03599414,-0.01478129,0.009910792,-0.03396532,-0.01889939,-0.005469114,-0.0322499,55.84811,15.01313,18.93582,24.27306,THUMB
-0.003601392,0.1059762,0.03067216,-0.01813009,0.03631997,-0.02777755,-0.01999202,0.02708641,-0.03626257,-0.01560998,0.009991109,-0.03419968,-0.01962793,-0.005433828,-0.03207949,55.66611,14.76043,18.72409,24.10378,THUMB
-0.01173221,0.108634,0.01562855,-0.02462069,0.0303981,-0.03182706,-0.0271906,0.02051571,-0.03927895,-0.0204144,0.004119873,-0.03486022,-0.02232857,-0.01141301,-0.02938217,56.23497,14.07194,17.91279,23.99118,THUMB
-0.01487417,0.1088568,0.007696241,-0.02833553,0.02518675,-0.0322592,-0.02990862,0.01438668,-0.03771403,-0.02258544,-0.001064062,-0.032262,-0.02348816,-0.01579031,-0.02531713,57.88099,14.00438,18.49927,24.24409,THUMB
-0.01835228,0.1078015,-0.0006559491,-0.03359587,0.01885954,-0.03084695,-0.03518705,0.007547945,-0.03461933,-0.02745647,-0.006633848,-0.02870733,-0.02628833,-0.01989177,-0.01965052,60.35125,13.90164,18.2572,23.46182,THUMB
-0.02109123,0.106359,-0.003629386,-0.03543714,0.01536778,-0.02925986,-0.03644232,0.003693134,-0.03219724,-0.02881245,-0.009884983,-0.02597371,-0.02669295,-0.02227494,-0.01606202,61.75255,14.27036,18.64772,23.44979,THUMB
-0.03219611,0.1018907,-0.0069924,-0.03601181,0.01296481,-0.02781531,-0.03470567,0.0002353489,-0.02892968,-0.02757144,-0.01261321,-0.02235401,-0.02515732,-0.02515331,-0.0125801,58.13295,15.746,19.87597,24.62819,THUMB
-0.03647729,0.09899297,-0.005117893,-0.03787428,0.01188177,-0.02570796,-0.03611609,-0.001485348,-0.02594692,-0.02813272,-0.01424819,-0.01960653,-0.02534334,-0.02663869,-0.009693325,57.42609,16.53338,20.66571,24.7201,THUMB
-0.03570753,0.09886426,-0.003528476,-0.03802465,0.01222804,-0.02519888,-0.03620415,-0.001906395,-0.02506238,-0.02808131,-0.01473168,-0.01881924,-0.02553754,-0.02701235,-0.008850902,57.68037,17.52284,21.08481,24.55505,THUMB
-0.03391637,0.09962273,-0.004640311,-0.03814462,0.01234022,-0.02537459,-0.0363527,-0.002408326,-0.02475044,-0.02807952,-0.01537505,-0.01833087,-0.02579953,-0.0275467,-0.008150756,58.10406,18.21994,21.52373,24.3793,THUMB
-0.03454965,0.09548584,-0.01243824,-0.0361697,0.01058364,-0.02870306,-0.0359389,-0.004312903,-0.02646017,-0.02827391,-0.01604068,-0.01843172,-0.02681804,-0.02725151,-0.006967127,57.31303,18.54413,20.14392,24.28401,THUMB
-0.01628405,0.105305,-0.02469736,-0.03509501,0.01139885,-0.03022707,-0.03651433,-0.002425045,-0.02873179,-0.0294769,-0.01471004,-0.02035904,-0.02805554,-0.02600893,-0.008719683,61.13933,17.00124,19.6433,24.09963,THUMB
-0.007005423,0.1069991,-0.02355474,-0.0328796,0.01423624,-0.03401721,-0.03585161,0.002256304,-0.03403467,-0.03017008,-0.01113817,-0.0255914,-0.02938129,-0.02215946,-0.01426578,61.89871,14.33991,18.60915,22.53404,THUMB
0.004088122,0.1094245,-0.009803355,-0.02819056,0.02100602,-0.03770947,-0.0320402,0.01077348,-0.04058599,-0.02815669,-0.003866106,-0.03314781,-0.02907548,-0.01567978,-0.02298099,63.2288,12.35847,16.97265,20.93842,THUMB
0.01202629,0.1086562,0.01211762,-0.01851472,0.03139403,-0.0375706,-0.02216434,0.02350637,-0.04439214,-0.01891049,0.006649286,-0.03902748,-0.02317074,-0.006494045,-0.03169933,61.65759,11.50629,16.6449,20.81749,THUMB
0.01029051,0.1069993,0.02123025,-0.01805853,0.03533381,-0.03443694,-0.02174606,0.02805361,-0.04233611,-0.01677712,0.009591967,-0.03740427,-0.0219213,-0.003998071,-0.03231701,60.16827,11.75098,17.57099,21.44932,THUMB
0.00569964,0.1076487,0.01890013,-0.01943741,0.03441122,-0.03395215,-0.02337929,0.02649403,-0.04198965,-0.017448,0.007977068,-0.0365884,-0.0222492,-0.005926251,-0.03157154,58.82488,12.47971,18.05234,22.067,THUMB
-0.001719482,0.1090162,0.006444693,-0.02301527,0.02885336,-0.0358426,-0.026317,0.01907161,-0.04223135,-0.02034732,0.002315998,-0.03545505,-0.02375603,-0.01207194,-0.02839094,58.28384,13.16029,17.84279,23.50222,THUMB
-0.008716534,0.1088611,-0.002985686,-0.03012251,0.02116856,-0.03443435,-0.03244365,0.01006725,-0.0381389,-0.02579179,-0.004431963,-0.03092247,-0.02667559,-0.01771376,-0.02177587,61.00243,13.48261,17.6578,23.3825,THUMB
-0.02138524,0.1054718,-0.0135628,-0.03611704,0.01101863,-0.02925473,-0.03704849,-0.001117051,-0.03041053,-0.02966037,-0.01361218,-0.02284783,-0.02744024,-0.02473342,-0.01197052,63.25957,14.6765,18.72521,22.9979,THUMB
-0.012103,0.1066566,-0.01798266,-0.03315979,0.01315299,-0.03158829,-0.03567078,0.0009454489,-0.03240523,-0.02976495,-0.01209623,-0.02467859,-0.02853586,-0.02306703,-0.01331529,62.7783,14.96002,18.67139,22.87824,THUMB
0.01070859,0.1097986,-8.261204E-05,-0.02965271,0.02512547,-0.03817761,-0.03467486,0.01631156,-0.04233047,-0.03111206,0.0009108484,-0.03613487,-0.03187143,-0.01111552,-0.02633819,66.0024,10.95113,15.56639,18.77907,THUMB
0.0109632,0.1097267,0.001955628,-0.02932415,0.02641875,-0.03788024,-0.03388537,0.01754946,-0.04241276,-0.02946895,0.001858443,-0.03602815,-0.03088591,-0.009915024,-0.02631289,65.48752,10.99118,15.64147,18.9924,THUMB
0.008899702,0.1099683,-0.004168838,-0.029939,0.02357304,-0.03683841,-0.03398067,0.01391688,-0.04067516,-0.02909098,-0.001155317,-0.03362715,-0.03042164,-0.01229766,-0.02360713,64.93087,11.7184,16.23018,19.67158,THUMB
0.004732652,0.1104403,6.616116E-06,-0.02885752,0.02312574,-0.03533605,-0.03209697,0.01303604,-0.03955895,-0.02700713,-0.001742989,-0.03299493,-0.02840808,-0.01358914,-0.02392662,64.68994,12.52757,16.69647,20.54852,THUMB
0.004554283,0.1105703,-0.002011687,-0.02842741,0.02249429,-0.03581944,-0.03144133,0.01218426,-0.03969145,-0.02639117,-0.002439648,-0.03287873,-0.02794027,-0.0140709,-0.0237391,64.48373,12.66316,16.84541,20.61827,THUMB
0.001870183,0.1103041,-0.007196575,-0.02984498,0.01916727,-0.03579202,-0.0324438,0.008365065,-0.03852877,-0.02700724,-0.005581826,-0.03103572,-0.02810837,-0.01693946,-0.02145854,65.4345,12.93042,17.18072,21.01714,THUMB
0.003226027,0.1105505,-0.005779445,-0.03005262,0.01946437,-0.03587216,-0.03289283,0.008620083,-0.0385249,-0.02750989,-0.005429894,-0.03126389,-0.02851915,-0.01662159,-0.0217129,66.23335,12.9368,17.10729,20.55679,THUMB
0.0004981346,0.110154,-0.010829,-0.03149938,0.01703084,-0.03500289,-0.03464451,0.005825967,-0.03725687,-0.02883836,-0.007781863,-0.0296087,-0.02924856,-0.01872286,-0.01964238,66.16954,13.38164,17.24598,20.59741,THUMB
0.005623894,0.1102356,-0.008593678,-0.02971486,0.0181933,-0.03627542,-0.03259119,0.007331222,-0.03874806,-0.02750554,-0.006677985,-0.03090888,-0.0288535,-0.01785469,-0.02129403,67.28651,12.98638,17.47999,20.65097,THUMB
0.004394645,0.1098194,-0.01179057,-0.03034458,0.01691359,-0.03601617,-0.0332003,0.005947471,-0.03813457,-0.02800183,-0.007768482,-0.03001839,-0.02916151,-0.0187377,-0.020091,67.14094,13.07741,17.53419,20.75613,THUMB
0.006267257,0.1100525,-0.003906012,-0.02923121,0.01966682,-0.03570876,-0.03199038,0.008876264,-0.03863478,-0.02707822,-0.005431831,-0.03110278,-0.02876279,-0.01693195,-0.0219169,67.46336,13.05097,17.59549,20.81013,THUMB
0.005509326,0.1099133,-0.007030815,-0.03029072,0.01866406,-0.03597003,-0.03302733,0.007920355,-0.03849602,-0.02789827,-0.006128341,-0.03061956,-0.02926503,-0.01741996,-0.02096379,67.47376,12.78278,17.37443,20.83734,THUMB
0.002734184,0.1100097,-0.007921994,-0.03081597,0.01827905,-0.03546518,-0.03416051,0.007306904,-0.03820163,-0.02851403,-0.006687343,-0.03044397,-0.02943652,-0.01801598,-0.02061707,66.61555,13.16782,17.2731,20.81009,THUMB
0.01239647,0.1086422,-0.008077025,-0.02283663,0.02423614,-0.03961435,-0.02640483,0.01522627,-0.04420155,-0.02348908,0.0002375245,-0.03698379,-0.02716461,-0.01109383,-0.02694851,61.93103,11.48045,16.23737,20.76779,THUMB
0.01316744,0.1081245,9.322166E-05,-0.01825072,0.03002957,-0.03834224,-0.0216928,0.02159771,-0.04420239,-0.01891313,0.005029947,-0.03809503,-0.02424966,-0.007490396,-0.02939186,57.98781,11.59823,16.94113,22.12915,THUMB
0.01684912,0.1047063,0.01933914,-0.01732244,0.04181206,-0.0344198,-0.02360779,0.03652874,-0.04255557,-0.01979857,0.01701644,-0.03994316,-0.02555662,0.002920002,-0.03298989,56.08075,10.5824,16.16618,20.20092,THUMB
-0.009530406,0.1072924,-0.0107742,-0.03024897,0.02832878,-0.03331548,-0.03376827,0.01842964,-0.03889275,-0.02698987,0.001572609,-0.03409964,-0.03023048,-0.01147723,-0.02491626,50.17265,12.55622,17.79978,21.96403,THUMB
-0.01398428,0.1082273,0.0001776218,-0.02908596,0.02626848,-0.0266698,-0.03153222,0.01540166,-0.03162029,-0.02587596,0.0001862943,-0.02763581,-0.0281299,-0.01402423,-0.01991674,51.15174,14.79829,18.83064,25.10559,THUMB
-0.02671705,0.1044576,0.02031735,-0.03236891,0.0218589,-0.02275166,-0.03229611,0.01194817,-0.02858987,-0.02623079,-0.002411634,-0.02655187,-0.02423911,-0.01680389,-0.02044562,57.20946,14.68182,19.55174,24.72492,THUMB
-0.02637455,0.1047845,0.01793656,-0.03359929,0.02036646,-0.02428594,-0.03376351,0.0105243,-0.03024986,-0.02752329,-0.00349623,-0.02790877,-0.02497796,-0.01718903,-0.02088699,59.27781,14.25326,18.50442,23.32618,THUMB
0.00872127,0.1060195,-0.01791286,-0.03094793,0.02066991,-0.03430688,-0.03483133,0.009032428,-0.03534901,-0.03104209,-0.003996044,-0.02752352,-0.03205488,-0.01466504,-0.01513839,62.32483,13.9948,16.27786,23.13884,THUMB
0.01519528,0.1060678,-0.01659858,-0.02935285,0.02140009,-0.0357424,-0.03367644,0.01023746,-0.03700352,-0.03056194,-0.003116816,-0.02914262,-0.03239621,-0.01343828,-0.01733708,64.0599,13.54968,16.29262,21.89042,THUMB