-0.03520212,0.04685074,-0.04592919,-0.01753458,0.1191437,-0.0007612407,-0.05325764,0.1119189,0.006359756,-0.03105836,0.02265963,-0.0422962,-0.03504576,0.009133339,-0.02875638,45.95193,17.38493,56.44341,18.1516,TWO
-0.03855896,0.04565933,-0.04472405,-0.01988611,0.118617,-0.003034443,-0.05408452,0.1112043,0.005345225,-0.0312551,0.0179444,-0.04069525,-0.03617176,0.00726983,-0.02660662,45.28553,16.87676,58.96989,18.58521,TWO
-0.04630746,0.04386342,-0.03759369,-0.01708674,0.1194066,-0.004975528,-0.04883764,0.1131085,0.01491219,-0.03648604,0.01417223,-0.03103733,-0.03980364,0.006213963,-0.01481003,45.93935,17.78439,61.87801,21.1261,TWO
-0.04190317,0.05501637,-0.0475485,-0.01707593,0.1171727,-0.02225897,-0.03098743,0.119864,0.006255239,-0.03884316,0.009642124,-0.008701712,-0.03913998,0.007663161,0.007140279,35.61496,14.88023,63.00018,22.59638,TWO
-0.04119969,0.05374593,-0.04858223,-0.01847091,0.1165484,-0.02351511,-0.03489897,0.1184139,0.003077894,-0.0372723,0.006526828,-0.0109638,-0.03640875,0.00325188,0.006227732,35.46792,14.68352,65.20919,26.26594,TWO
-0.04216717,0.05343509,-0.04627088,-0.01813228,0.1168066,-0.02178764,-0.03567037,0.1177681,0.003342181,-0.03808753,0.007206649,-0.01216707,-0.03740273,0.004315525,0.005319506,35.89445,14.415,64.32751,25.79326,TWO
-0.04736055,0.05094928,-0.03871715,-0.02272921,0.116066,-0.01986918,-0.04066603,0.1156066,0.004260898,-0.04200449,0.01089755,-0.01268652,-0.04148685,0.007869959,0.004178971,35.64016,14.18609,58.29159,22.26828,TWO
-0.0520061,0.0489943,-0.02973944,-0.02783306,0.1159208,-0.01390037,-0.04349542,0.114622,0.01249996,-0.04317825,0.01371762,-0.007908553,-0.04388193,0.00806269,0.005471021,35.73124,14.43356,53.74611,18.35741,TWO
-0.05670938,0.04526347,-0.0171963,-0.03208389,0.1149157,-0.01272327,-0.04342292,0.1142859,0.01728895,-0.04163226,0.01216209,-0.002423704,-0.04144555,0.005944312,0.01040688,35.98621,15.05902,53.95846,18.95384,TWO
-0.06075123,0.03030413,0.003037959,-0.04280406,0.1104806,-0.01258576,-0.05101895,0.1106369,0.01560441,-0.03528441,0.00240913,0.0008039176,-0.03474977,-0.00163281,0.0141153,43.12115,13.83078,61.41105,21.75142,TWO
-0.06205918,0.02908733,-1.91927E-05,-0.04388499,0.1095954,-0.01461384,-0.05407107,0.1091729,0.01259676,-0.03489422,0.001551479,-0.0009896755,-0.03410828,-0.002920002,0.01242808,43.52435,13.72409,61.47618,22.77653,TWO
-0.06248849,0.03058997,-0.002597898,-0.0441508,0.1095948,-0.01189151,-0.05551082,0.1079282,0.0141151,-0.03399077,0.0003913641,-0.002241462,-0.03326461,-0.004170597,0.01130521,42.01875,13.45406,62.88036,23.68974,TWO
-0.06269609,0.0319145,-0.002272576,-0.04517202,0.1092149,-0.0103558,-0.05627014,0.1071334,0.0153943,-0.03370592,-0.0005892515,-0.001712769,-0.03222747,-0.004620314,0.01220894,40.59398,13.326,63.96757,24.49198,TWO
-0.05802113,0.0375993,-0.004343003,-0.02948399,0.1144205,-0.01824927,-0.04188468,0.1145812,0.01395112,-0.03844042,0.008203179,-0.004343748,-0.03691756,0.004097521,0.0105722,42.64711,16.30022,59.15876,22.90337,TWO
-0.05526378,0.04134414,-0.01439393,-0.02200027,0.1162501,-0.02011955,-0.03780591,0.1166665,0.01009324,-0.04079458,0.0122748,-0.008257329,-0.04109732,0.009078205,0.006464839,41.75844,16.06591,57.2208,20.15899,TWO
-0.04395792,0.05041423,-0.04209623,-0.01273423,0.1165725,-0.02762574,-0.02909057,0.1203224,0.0004506111,-0.03903103,0.01018354,-0.01305279,-0.04109425,0.01068035,0.002947479,37.04512,15.31259,63.3404,21.90206,TWO
-0.03886873,0.05757606,-0.0464319,-0.01229616,0.1180356,-0.01862299,-0.02502292,0.1210639,0.00873211,-0.03533632,0.006861836,-0.01006278,-0.03499797,0.004772574,0.007546157,35.82232,14.16239,69.43562,27.86099,TWO
-0.03990532,0.05474019,-0.04594785,-0.01366021,0.1166017,-0.02569678,-0.02735639,0.1205986,0.0006295741,-0.03563759,0.006810337,-0.0104641,-0.03668736,0.005743951,0.006454796,34.48367,14.01253,67.46517,26.01825,TWO
-0.04132493,0.05278593,-0.04442376,-0.01332188,0.1163771,-0.02714804,-0.02759466,0.1206593,-0.00083974,-0.03572316,0.006705999,-0.01169866,-0.03715187,0.005985707,0.00510785,35.22236,14.13846,67.55145,25.61277,TWO
-0.04289422,0.05125096,-0.0436447,-0.01429517,0.116158,-0.02781403,-0.02890317,0.1204144,-0.001442581,-0.03593578,0.006283164,-0.01232362,-0.03756819,0.005721122,0.004345566,35.87672,14.23122,67.6546,25.21964,TWO
-0.05319602,0.04968002,-0.01837116,-0.03471274,0.1139322,0.0006100833,-0.04991544,0.1086156,0.02850246,-0.03780242,0.007967442,-0.009413362,-0.03876129,0.001994401,0.003564715,33.03671,15.19251,59.44588,20.92415,TWO
-0.05678838,0.04535308,-0.01187092,-0.0391413,0.112107,-0.0003884137,-0.05223679,0.1075335,0.02624288,-0.03677645,0.006419182,-0.005729675,-0.03674661,-0.000117451,0.006870866,33.26075,14.20117,57.83532,21.76731,TWO
-0.05929384,0.03878441,-0.008980155,-0.03493971,0.1129589,-0.01702401,-0.04648876,0.1131306,0.01298934,-0.03992631,0.01062599,-0.003556311,-0.0379749,0.002687514,0.009602904,39.26221,15.15271,53.80527,21.90634,TWO
-0.05840465,0.04081288,-0.01470965,-0.03368971,0.1129909,-0.02056196,-0.04603373,0.1138314,0.009090036,-0.04090573,0.01298621,-0.003360242,-0.03918165,0.003741741,0.008793652,37.7873,15.12169,51.06764,20.91357,TWO
-0.05675155,0.04256868,-0.02164266,-0.03136816,0.1138311,-0.02121907,-0.04553398,0.1143352,0.007705599,-0.04186324,0.01532945,-0.0041731,-0.04112394,0.005174249,0.006815851,37.22513,15.13607,48.9396,19.54494,TWO
-0.05187693,0.04827848,-0.03423423,-0.02981305,0.1152081,-0.01635441,-0.04548413,0.114298,0.01112291,-0.04578578,0.01672029,-0.006368697,-0.04642799,0.01045078,0.006460428,35.79048,14.8407,49.75449,16.86291,TWO
-0.04522796,0.05308038,-0.04042724,-0.02588141,0.1166475,-0.01229116,-0.04435869,0.1145989,0.01357263,-0.04540509,0.02197284,-0.007376969,-0.0475343,0.01103708,0.001205742,35.73541,14.92656,45.31503,16.01257,TWO
-0.0408913,0.05848399,-0.04125047,-0.0239816,0.1171674,-0.005129993,-0.04213106,0.1142912,0.01861146,-0.04212001,0.01732174,-0.01187283,-0.0395219,0.005065709,0.000138104,35.38147,14.10124,52.4649,20.99944,TWO
-0.04164905,0.05913863,-0.03658706,-0.0232847,0.1169908,0.000189364,-0.04105328,0.113563,0.02179176,-0.03787169,0.01223168,-0.01476151,-0.03720924,0.003720403,0.0002300441,35.40125,13.27675,59.77281,23.89506,TWO
-0.04255936,0.05933064,-0.03311828,-0.02116302,0.1171225,0.001530945,-0.03838815,0.1138414,0.02228242,-0.03537738,0.009926468,-0.01450047,-0.03568617,0.003134519,0.001728773,35.19302,12.84666,63.34888,26.44078,TWO
-0.04364083,0.05860436,-0.03163695,-0.02024864,0.1172067,-0.0002370179,-0.03664103,0.1143987,0.02068949,-0.03477113,0.008755863,-0.01313207,-0.03563169,0.003210366,0.003111899,34.97808,12.66766,64.49747,26.5951,TWO
-0.04184949,0.05404884,-0.04277653,-0.01788022,0.1166407,-0.02097264,-0.03579035,0.1172177,0.001738071,-0.036727,0.008219779,-0.01315096,-0.03668615,0.004201144,0.004206359,34.6587,13.64691,62.51668,26.44726,TWO
-0.04226737,0.05487674,-0.03936192,-0.01757003,0.1173831,-0.01321083,-0.03766319,0.1155489,0.003786772,-0.03239954,0.005380392,-0.01454023,-0.03495092,0.002794087,0.002482086,35.92987,12.52654,65.84818,28.32719,TWO
-0.04062942,0.05495116,-0.04059055,-0.01632085,0.1170484,-0.017093,-0.03715412,0.1149825,-0.001135439,-0.0323747,0.005057991,-0.01395375,-0.03496143,0.003015846,0.003354162,34.85295,12.56225,65.2724,28.78617,TWO
-0.03880188,0.05263254,-0.04322562,-0.01602661,0.1179755,-0.01679581,-0.04251877,0.1137603,-0.003340095,-0.03210519,0.003534704,-0.01947665,-0.03659035,0.001435697,-0.003055155,36.69395,14.25107,66.43137,26.59319,TWO
-0.03851335,0.05567575,-0.0381507,-0.01494353,0.1196517,-0.007428408,-0.04289079,0.1152625,0.01367682,-0.03629928,0.007784933,-0.02634797,-0.04011495,0.004046172,-0.01015458,36.76497,16.53987,68.1798,21.98126,TWO
-0.03484136,0.06472802,-0.0283457,-0.01208466,0.1199211,0.003238082,-0.03299882,0.11281,0.04270041,-0.03375921,0.006935894,-0.02045,-0.03893372,0.001969993,-0.005700231,31.59179,21.11751,78.21871,23.79991,TWO
-0.03418274,0.06624812,-0.02544516,-0.01363118,0.1189335,0.006060839,-0.02652702,0.1132402,0.04592562,-0.03031068,0.003787935,-0.0141083,-0.03662756,-0.0007503629,0.0007846951,29.82961,19.7371,82.00676,27.23213,TWO
-0.03353795,0.06653619,-0.02643555,-0.01389009,0.1188,0.005177736,-0.0258607,0.1140854,0.04384041,-0.02950834,0.0029971,-0.01290405,-0.03582473,-0.001153409,0.002029359,29.55812,19.02106,82.32997,27.77013,TWO
-0.03255352,0.0674392,-0.02852798,-0.01586542,0.1184713,0.006530762,-0.02815534,0.1140917,0.04273832,-0.02866921,0.002656937,-0.01306313,-0.03526992,-0.001963854,0.001814365,29.85371,17.92225,81.97359,28.56025,TWO
-0.03276934,0.06546593,-0.0330247,-0.01401138,0.1194249,0.001408398,-0.03206687,0.1149515,0.03808987,-0.03002632,0.00347048,-0.01735145,-0.03611934,-0.0005426407,-0.002917528,31.54309,19.14499,80.76243,26.20493,TWO
-0.03416137,0.06322375,-0.03561693,-0.01216651,0.1196913,-0.004138887,-0.03341664,0.1161661,0.03158063,-0.03093645,0.004358083,-0.01858553,-0.03671864,0.0006833076,-0.004163563,32.63851,19.46485,77.8858,25.14061,TWO
-0.03604022,0.06016439,-0.03867152,-0.01354693,0.1191466,-0.00974074,-0.03757771,0.1163229,0.02377945,-0.03137007,0.004732072,-0.0207195,-0.03722586,0.001169026,-0.006321847,33.51602,19.34164,74.80809,24.33039,TWO
-0.03984036,0.05628729,-0.03923288,-0.01757932,0.1180507,-0.01351479,-0.04190207,0.1157546,0.01664671,-0.0331385,0.004975706,-0.02302366,-0.03805717,0.001544625,-0.00810653,34.27069,18.17979,71.75504,23.17631,TWO
-0.04257024,0.04940668,-0.0395399,-0.01674863,0.117783,-0.01554444,-0.04547001,0.1129269,0.0008508861,-0.03173017,0.006470591,-0.02527013,-0.03661734,0.002686113,-0.009185821,38.64384,15.87541,64.51083,24.78874,TWO
-0.04293908,0.05090445,-0.03801915,-0.01743583,0.117857,-0.01353607,-0.04628068,0.1122168,0.003155649,-0.03235486,0.006553441,-0.0248259,-0.03679473,0.002287626,-0.008507043,37.82707,16.0861,64.56046,24.97107,TWO
-0.04038512,0.05422449,-0.03934494,-0.01988602,0.1171444,-0.01426589,-0.04834568,0.1108021,0.001498401,-0.03194103,0.005061895,-0.02537915,-0.03668438,0.0006610155,-0.009288639,34.48516,15.82829,65.42393,24.93837,TWO
-0.04016336,0.05238429,-0.04217082,-0.02250474,0.1158487,-0.01894203,-0.04816276,0.1115051,-0.002478302,-0.03129247,0.002644718,-0.02491295,-0.03654809,-0.000613451,-0.009208173,33.89529,14.6518,67.49825,24.82071,TWO
-0.04025422,0.05271575,-0.04085073,-0.0252046,0.1158815,-0.01543647,-0.04898035,0.1124581,0.003756493,-0.03132162,0.00248298,-0.02488282,-0.03669996,-0.0008382201,-0.009535581,33.66097,14.50507,69.53233,24.369,TWO
-0.03883284,0.0641306,-0.01958758,-0.02702698,0.1147376,0.02014047,-0.04614396,0.1032889,0.05201697,-0.03112208,0.005790532,-0.01940662,-0.03672038,-0.000487566,-0.00483638,30.14547,18.1909,77.19461,26.21998,TWO
-0.03882657,0.06640804,-0.01191825,-0.02882196,0.1118466,0.03023297,-0.06367741,0.09003419,0.04649746,-0.03075987,0.00386858,-0.01466697,-0.0356787,-0.003045797,-0.0004903674,28.25804,21.31685,66.67731,27.15102,TWO
-0.03489195,0.06989402,-0.007498443,-0.02138396,0.111349,0.03734148,-0.07134603,0.05328727,-0.02405417,-0.0268728,-0.0005533695,-0.006152451,-0.03168307,-0.007247508,0.007765532,28.29779,53.42743,36.83097,28.77289,TWO
-0.03317527,0.07107031,-0.009107351,-0.02036368,0.111682,0.03649747,-0.07010773,0.05608314,-0.024369,-0.02654963,0.0002501607,-0.007032037,-0.03195336,-0.006465256,0.00674516,28.42466,52.18307,36.77198,29.05707,TWO
-0.04538506,0.04760194,-0.04037845,-0.01927363,0.1160387,-0.02324641,-0.04375887,0.1142167,-0.001451641,-0.03343716,0.002514094,-0.02554309,-0.0382021,0.0008688271,-0.01007539,37.54469,15.53776,69.71698,22.68459,TWO
-0.04546639,0.04541993,-0.04071197,-0.01852711,0.115951,-0.02352226,-0.04224788,0.1155836,-0.003404945,-0.03343458,0.005321741,-0.02356732,-0.03810086,0.00360316,-0.006916404,39.13684,14.63183,65.47603,24.82183,TWO
-0.04362451,0.04684746,-0.0409548,-0.01630549,0.1159789,-0.02571213,-0.03679752,0.118283,-0.003135085,-0.0327903,0.004453689,-0.02260476,-0.03836775,0.003221244,-0.007466406,37.82547,14.2856,68.695,23.51575,TWO
-0.04338352,0.04643983,-0.04173267,-0.01601298,0.1160371,-0.02582493,-0.03729506,0.1182521,-0.003017902,-0.03239156,0.004480064,-0.0235489,-0.03831915,0.003138214,-0.008554548,38.25645,14.60406,68.78185,23.39371,TWO
-0.04175664,0.04570574,-0.04365975,-0.01503198,0.1161958,-0.02610981,-0.03899249,0.1174984,-0.005322963,-0.03277553,0.005399048,-0.02808252,-0.03854199,0.003621399,-0.01303345,38.88482,14.84452,67.50885,21.87541,TWO
-0.0317103,0.05168623,-0.04387251,-0.02722053,0.1175736,-0.002060682,-0.06691827,0.1047696,0.006229222,-0.02176511,0.01538602,-0.04516545,-0.03066509,0.005910754,-0.03538948,38.90057,19.90069,64.72529,17.80224,TWO
-0.03465949,0.04873452,-0.04501516,-0.03189351,0.1165063,-0.002166897,-0.07085589,0.1025173,0.008681834,-0.02288971,0.01396123,-0.04431447,-0.03159186,0.004757941,-0.03504938,40.45581,19.96785,65.64364,17.49255,TWO
-0.03657677,0.04245692,-0.04921985,-0.03270227,0.1156123,-0.01109612,-0.06849644,0.1049816,0.006075799,-0.02446596,0.01210505,-0.04667681,-0.03227175,0.003498137,-0.03717798,42.35179,19.09113,66.89418,15.85195,TWO
-0.03645635,0.04262918,-0.04906619,-0.03203987,0.115811,-0.01050752,-0.06761892,0.1055264,0.006905854,-0.02470285,0.01284808,-0.04707202,-0.03234641,0.004058599,-0.03757933,42.56485,19.0063,66.82956,15.63575,TWO
-0.03798552,0.05353811,-0.04245138,-0.03249979,0.1138512,-0.01529923,-0.06433366,0.1050845,0.005237073,-0.03123087,0.005829364,-0.03841546,-0.03563311,-0.000960499,-0.02438161,31.24241,18.34484,66.8132,18.31102,TWO
-0.04058352,0.03963438,-0.05363321,-0.03080612,0.1057431,-0.04554647,-0.06387797,0.1002553,-0.02635843,-0.02844461,-0.006684661,-0.03509566,-0.03384438,-0.008201241,-0.01887372,32.07542,18.4096,68.12388,21.76575,TWO
-0.04101089,0.03892431,-0.05193248,-0.02328374,0.1114913,-0.03733623,-0.05538233,0.1074901,-0.02018055,-0.02847532,-0.003161639,-0.03379068,-0.03479076,-0.003942013,-0.01827666,38.17811,17.32437,69.30704,22.14226,TWO
-0.04063496,0.04037052,-0.04978523,-0.01785984,0.1146623,-0.03077289,-0.05038913,0.1108549,-0.01527163,-0.02796165,2.500415E-05,-0.03429803,-0.03463269,-0.001099557,-0.01888695,40.90011,17.12088,69.1206,22.26216,TWO
-0.03890808,0.04229054,-0.04794249,-0.00863672,0.1175241,-0.02444348,-0.04145343,0.1154904,-0.01086298,-0.02826776,0.005250931,-0.03636062,-0.03512067,0.003796041,-0.02085117,44.00786,16.74625,67.62991,21.35773,TWO
-0.03742222,0.04287916,-0.04893413,-0.008276306,0.1179827,-0.02266261,-0.04018874,0.1166727,-0.009206712,-0.02909631,0.00722295,-0.03767592,-0.03611702,0.005316317,-0.02245301,44.22055,16.24667,66.6762,20.31371,TWO
-0.03577466,0.04618883,-0.04800132,-0.01098534,0.1183055,-0.01859769,-0.0402252,0.1176265,-0.002447337,-0.03277922,0.01295474,-0.03883427,-0.03878853,0.008382827,-0.02320057,42.07114,15.58555,63.22647,18.88299,TWO
-0.03506645,0.0470604,-0.04777935,-0.01041084,0.1183617,-0.01838079,-0.03900117,0.1181493,-0.001801074,-0.03307629,0.0140321,-0.03884703,-0.03902875,0.009081572,-0.02334997,41.51206,15.40263,62.72034,18.63654,TWO
-0.02818966,0.05735588,-0.04077873,-0.0002942383,0.119342,-0.01405653,-0.02805249,0.1213315,0.008261144,-0.03142072,0.01770607,-0.03604239,-0.03779139,0.01077279,-0.02139971,35.3926,16.60614,64.57623,19.58876,TWO
-0.0243611,0.06461141,-0.03390676,0.004072189,0.1196793,-0.006195903,-0.0196732,0.1211797,0.02442104,-0.03116795,0.0167248,-0.03025517,-0.03794569,0.01098454,-0.01577762,31.75366,18.04066,70.95656,21.37648,TWO
-0.02205396,0.06976324,-0.02717167,-8.386374E-05,0.1192213,0.01037896,-0.01549961,0.1163054,0.04486352,-0.02960426,0.01079601,-0.02403259,-0.03650433,0.005439937,-0.009051919,30.62949,17.55337,82.65656,25.70496,TWO
-0.03204724,0.03931376,-0.05666432,-0.01411334,0.1138209,-0.03486735,-0.04567838,0.1133677,-0.02216113,-0.02928102,0.008279443,-0.04257032,-0.03616034,0.003988504,-0.02687776,40.78378,15.89838,60.30937,19.13868,TWO
-0.02841924,0.03778243,-0.05943638,-0.0134024,0.1142758,-0.03363961,-0.0450399,0.1136432,-0.02368698,-0.02758452,0.01022479,-0.044045,-0.03611208,0.005804658,-0.02897602,42.6335,15.45039,58.48264,19.36299,TWO
-0.03407545,0.04030991,-0.05415067,-0.01655249,0.1170577,-0.02000755,-0.04516994,0.1164001,-0.00666979,-0.03618217,0.01868385,-0.04142293,-0.04280817,0.01235288,-0.02560973,45.40359,14.62071,55.77072,17.90649,TWO
-0.03919674,0.0417738,-0.04949665,-0.01847263,0.1164231,-0.02145877,-0.04442653,0.116486,-0.002992064,-0.03900001,0.01560491,-0.03809643,-0.04275436,0.008850694,-0.02171323,42.85469,14.79458,58.79111,17.80787,TWO
-0.05155385,0.05159068,-0.0329304,-0.03417635,0.1128016,-0.0149563,-0.03913988,0.1165353,0.01089007,-0.03452779,0.0006127059,-0.005610257,-0.03426645,-0.0004681647,0.01026446,31.87473,12.41197,71.61646,25.96275,TWO
-0.04131892,0.05808792,-0.04585761,-0.02676296,0.115297,-0.01684317,-0.03642628,0.1170756,0.01094237,-0.03532211,0.002567917,-0.006969273,-0.03452335,0.0007980466,0.009774268,32.19336,13.852,70.11838,27.08237,TWO
-0.04055431,0.0582512,-0.04772326,-0.02538963,0.1155207,-0.01761925,-0.03613094,0.117154,0.01010945,-0.03518028,0.003017604,-0.006958216,-0.03428607,0.001137882,0.01011732,32.77441,14.00978,69.44662,27.73945,TWO
-0.0406858,0.05803552,-0.04802352,-0.02413493,0.1156871,-0.01838356,-0.03524272,0.1175098,0.009204745,-0.03526815,0.003545791,-0.006954759,-0.03431232,0.001632273,0.01031089,33.08899,14.01573,68.95802,27.96821,TWO
-0.04017898,0.01345053,0.0472613,-0.04494975,0.1065866,0.02175361,-0.0408724,0.104196,0.04798388,-0.0358065,0.02695134,0.03458703,-0.02145966,0.009016722,0.03836352,55.16354,12.63083,30.64117,23.00275,TWO
-0.03980807,0.01301497,0.04728511,-0.04543044,0.1070744,0.01905897,-0.04167972,0.1051643,0.04514524,-0.03169367,0.03424329,0.03704175,-0.02226608,0.01201642,0.04008266,56.55468,12.5199,24.65925,22.86901,TWO
-0.04361404,0.01302096,0.04336059,-0.04112917,0.1097283,0.01508653,-0.03836821,0.108026,0.04253539,-0.03685439,0.0603224,0.04842925,-0.04017634,0.03477708,0.05324414,58.53676,13.05645,17.5386,17.21117,TWO
-0.04182546,0.05082354,-0.05715993,-0.01153028,0.1137778,-0.03796342,-0.01774781,0.1231279,-0.006026506,-0.0283455,0.109856,0.01896703,-0.03696292,0.01136339,0.01090842,36.58471,15.76931,13.76189,57.21004,TWO
-0.04475734,0.04374814,0.02018601,-0.008560523,0.1177568,-0.002079666,-0.00717245,0.1184038,0.03175732,-0.02079506,0.09818056,0.0487957,-0.03406134,0.01449791,0.02083015,44.98169,16.01155,13.51825,48.38241,TWO
-0.03586501,0.0530839,-0.05010647,-0.008415706,0.1172868,-0.02496994,-0.0319599,0.1181965,-0.006048918,-0.06111266,0.03345576,-0.03151792,-0.03417688,0.002691209,0.003153533,37.28309,14.25497,49.41932,37.83147,TWO
-0.03586501,0.0530839,-0.05010647,-0.008415706,0.1172868,-0.02496994,-0.0319599,0.1181965,-0.006048918,-0.06111266,0.03345576,-0.03151792,-0.03417688,0.002691209,0.003153533,37.28309,14.25497,49.41932,37.83147,TWO
-0.03586501,0.0530839,-0.05010647,-0.008415706,0.1172868,-0.02496994,-0.0319599,0.1181965,-0.006048918,-0.06111266,0.03345576,-0.03151792,-0.03417688,0.002691209,0.003153533,37.28309,14.25497,49.41932,37.83147,TWO
-0.03586501,0.0530839,-0.05010647,-0.008415706,0.1172868,-0.02496994,-0.0319599,0.1181965,-0.006048918,-0.06111266,0.03345576,-0.03151792,-0.03417688,0.002691209,0.003153533,37.28309,14.25497,49.41932,37.83147,TWO
-0.03586501,0.0530839,-0.05010647,-0.008415706,0.1172868,-0.02496994,-0.0319599,0.1181965,-0.006048918,-0.06111266,0.03345576,-0.03151792,-0.03417688,0.002691209,0.003153533,37.28309,14.25497,49.41932,37.83147,TWO
-0.03586501,0.0530839,-0.05010647,-0.008415706,0.1172868,-0.02496994,-0.0319599,0.1181965,-0.006048918,-0.06111266,0.03345576,-0.03151792,-0.03417688,0.002691209,0.003153533,37.28309,14.25497,49.41932,37.83147,TWO
-0.03586501,0.0530839,-0.05010647,-0.008415706,0.1172868,-0.02496994,-0.0319599,0.1181965,-0.006048918,-0.06111266,0.03345576,-0.03151792,-0.03417688,0.002691209,0.003153533,37.28309,14.25497,49.41932,37.83147,TWO
-0.03586501,0.0530839,-0.05010647,-0.008415706,0.1172868,-0.02496994,-0.0319599,0.1181965,-0.006048918,-0.06111266,0.03345576,-0.03151792,-0.03417688,0.002691209,0.003153533,37.28309,14.25497,49.41932,37.83147,TWO
-0.03586501,0.0530839,-0.05010647,-0.008415706,0.1172868,-0.02496994,-0.0319599,0.1181965,-0.006048918,-0.06111266,0.03345576,-0.03151792,-0.03417688,0.002691209,0.003153533,37.28309,14.25497,49.41932,37.83147,TWO
-0.03586501,0.0530839,-0.05010647,-0.008415706,0.1172868,-0.02496994,-0.0319599,0.1181965,-0.006048918,-0.06111266,0.03345576,-0.03151792,-0.03417688,0.002691209,0.003153533,37.28309,14.25497,49.41932,37.83147,TWO
-0.03586501,0.0530839,-0.05010647,-0.008415706,0.1172868,-0.02496994,-0.0319599,0.1181965,-0.006048918,-0.06111266,0.03345576,-0.03151792,-0.03417688,0.002691209,0.003153533,37.28309,14.25497,49.41932,37.83147,TWO
-0.03586501,0.0530839,-0.05010647,-0.008415706,0.1172868,-0.02496994,-0.0319599,0.1181965,-0.006048918,-0.06111266,0.03345576,-0.03151792,-0.03417688,0.002691209,0.003153533,37.28309,14.25497,49.41932,37.83147,TWO
-0.03586501,0.0530839,-0.05010647,-0.008415706,0.1172868,-0.02496994,-0.0319599,0.1181965,-0.006048918,-0.06111266,0.03345576,-0.03151792,-0.03417688,0.002691209,0.003153533,37.28309,14.25497,49.41932,37.83147,TWO
-0.03586501,0.0530839,-0.05010647,-0.008415706,0.1172868,-0.02496994,-0.0319599,0.1181965,-0.006048918,-0.06111266,0.03345576,-0.03151792,-0.03417688,0.002691209,0.003153533,37.28309,14.25497,49.41932,37.83147,TWO
-0.03586501,0.0530839,-0.05010647,-0.008415706,0.1172868,-0.02496994,-0.0319599,0.1181965,-0.006048918,-0.06111266,0.03345576,-0.03151792,-0.03417688,0.002691209,0.003153533,37.28309,14.25497,49.41932,37.83147,TWO
-0.03586501,0.0530839,-0.05010647,-0.008415706,0.1172868,-0.02496994,-0.0319599,0.1181965,-0.006048918,-0.06111266,0.03345576,-0.03151792,-0.03417688,0.002691209,0.003153533,37.28309,14.25497,49.41932,37.83147,TWO
-0.03586501,0.0530839,-0.05010647,-0.008415706,0.1172868,-0.02496994,-0.0319599,0.1181965,-0.006048918,-0.06111266,0.03345576,-0.03151792,-0.03417688,0.002691209,0.003153533,37.28309,14.25497,49.41932,37.83147,TWO
-0.03586501,0.0530839,-0.05010647,-0.008415706,0.1172868,-0.02496994,-0.0319599,0.1181965,-0.006048918,-0.06111266,0.03345576,-0.03151792,-0.03417688,0.002691209,0.003153533,37.28309,14.25497,49.41932,37.83147,TWO
-0.03586501,0.0530839,-0.05010647,-0.008415706,0.1172868,-0.02496994,-0.0319599,0.1181965,-0.006048918,-0.06111266,0.03345576,-0.03151792,-0.03417688,0.002691209,0.003153533,37.28309,14.25497,49.41932,37.83147,TWO
-0.03586501,0.0530839,-0.05010647,-0.008415706,0.1172868,-0.02496994,-0.0319599,0.1181965,-0.006048918,-0.06111266,0.03345576,-0.03151792,-0.03417688,0.002691209,0.003153533,37.28309,14.25497,49.41932,37.83147,TWO
-0.03586501,0.0530839,-0.05010647,-0.008415706,0.1172868,-0.02496994,-0.0319599,0.1181965,-0.006048918,-0.06111266,0.03345576,-0.03151792,-0.03417688,0.002691209,0.003153533,37.28309,14.25497,49.41932,37.83147,TWO
-0.03586501,0.0530839,-0.05010647,-0.008415706,0.1172868,-0.02496994,-0.0319599,0.1181965,-0.006048918,-0.06111266,0.03345576,-0.03151792,-0.03417688,0.002691209,0.003153533,37.28309,14.25497,49.41932,37.83147,TWO
-0.03586501,0.0530839,-0.05010647,-0.008415706,0.1172868,-0.02496994,-0.0319599,0.1181965,-0.006048918,-0.06111266,0.03345576,-0.03151792,-0.03417688,0.002691209,0.003153533,37.28309,14.25497,49.41932,37.83147,TWO
-0.03586501,0.0530839,-0.05010647,-0.008415706,0.1172868,-0.02496994,-0.0319599,0.1181965,-0.006048918,-0.06111266,0.03345576,-0.03151792,-0.03417688,0.002691209,0.003153533,37.28309,14.25497,49.41932,37.83147,TWO
-0.03586501,0.0530839,-0.05010647,-0.008415706,0.1172868,-0.02496994,-0.0319599,0.1181965,-0.006048918,-0.06111266,0.03345576,-0.03151792,-0.03417688,0.002691209,0.003153533,37.28309,14.25497,49.41932,37.83147,TWO
-0.03586501,0.0530839,-0.05010647,-0.008415706,0.1172868,-0.02496994,-0.0319599,0.1181965,-0.006048918,-0.06111266,0.03345576,-0.03151792,-0.03417688,0.002691209,0.003153533,37.28309,14.25497,49.41932,37.83147,TWO
-0.03586501,0.0530839,-0.05010647,-0.008415706,0.1172868,-0.02496994,-0.0319599,0.1181965,-0.006048918,-0.06111266,0.03345576,-0.03151792,-0.03417688,0.002691209,0.003153533,37.28309,14.25497,49.41932,37.83147,TWO
-0.03586501,0.0530839,-0.05010647,-0.008415706,0.1172868,-0.02496994,-0.0319599,0.1181965,-0.006048918,-0.06111266,0.03345576,-0.03151792,-0.03417688,0.002691209,0.003153533,37.28309,14.25497,49.41932,37.83147,TWO
-0.03586501,0.0530839,-0.05010647,-0.008415706,0.1172868,-0.02496994,-0.0319599,0.1181965,-0.006048918,-0.06111266,0.03345576,-0.03151792,-0.03417688,0.002691209,0.003153533,37.28309,14.25497,49.41932,37.83147,TWO
-0.03586501,0.0530839,-0.05010647,-0.008415706,0.1172868,-0.02496994,-0.0319599,0.1181965,-0.006048918,-0.06111266,0.03345576,-0.03151792,-0.03417688,0.002691209,0.003153533,37.28309,14.25497,49.41932,37.83147,TWO
-0.03586501,0.0530839,-0.05010647,-0.008415706,0.1172868,-0.02496994,-0.0319599,0.1181965,-0.006048918,-0.06111266,0.03345576,-0.03151792,-0.03417688,0.002691209,0.003153533,37.28309,14.25497,49.41932,37.83147,TWO
-0.03586501,0.0530839,-0.05010647,-0.008415706,0.1172868,-0.02496994,-0.0319599,0.1181965,-0.006048918,-0.06111266,0.03345576,-0.03151792,-0.03417688,0.002691209,0.003153533,37.28309,14.25497,49.41932,37.83147,TWO
-0.03586501,0.0530839,-0.05010647,-0.008415706,0.1172868,-0.02496994,-0.0319599,0.1181965,-0.006048918,-0.06111266,0.03345576,-0.03151792,-0.03417688,0.002691209,0.003153533,37.28309,14.25497,49.41932,37.83147,TWO
-0.03586501,0.0530839,-0.05010647,-0.008415706,0.1172868,-0.02496994,-0.0319599,0.1181965,-0.006048918,-0.06111266,0.03345576,-0.03151792,-0.03417688,0.002691209,0.003153533,37.28309,14.25497,49.41932,37.83147,TWO
-0.03586501,0.0530839,-0.05010647,-0.008415706,0.1172868,-0.02496994,-0.0319599,0.1181965,-0.006048918,-0.06111266,0.03345576,-0.03151792,-0.03417688,0.002691209,0.003153533,37.28309,14.25497,49.41932,37.83147,TWO
-0.03586501,0.0530839,-0.05010647,-0.008415706,0.1172868,-0.02496994,-0.0319599,0.1181965,-0.006048918,-0.06111266,0.03345576,-0.03151792,-0.03417688,0.002691209,0.003153533,37.28309,14.25497,49.41932,37.83147,TWO
-0.03586501,0.0530839,-0.05010647,-0.008415706,0.1172868,-0.02496994,-0.0319599,0.1181965,-0.006048918,-0.06111266,0.03345576,-0.03151792,-0.03417688,0.002691209,0.003153533,37.28309,14.25497,49.41932,37.83147,TWO
-0.03586501,0.0530839,-0.05010647,-0.008415706,0.1172868,-0.02496994,-0.0319599,0.1181965,-0.006048918,-0.06111266,0.03345576,-0.03151792,-0.03417688,0.002691209,0.003153533,37.28309,14.25497,49.41932,37.83147,TWO
-0.03586501,0.0530839,-0.05010647,-0.008415706,0.1172868,-0.02496994,-0.0319599,0.1181965,-0.006048918,-0.06111266,0.03345576,-0.03151792,-0.03417688,0.002691209,0.003153533,37.28309,14.25497,49.41932,37.83147,TWO
-0.03586501,0.0530839,-0.05010647,-0.008415706,0.1172868,-0.02496994,-0.0319599,0.1181965,-0.006048918,-0.06111266,0.03345576,-0.03151792,-0.03417688,0.002691209,0.003153533,37.28309,14.25497,49.41932,37.83147,TWO
-0.03586501,0.0530839,-0.05010647,-0.008415706,0.1172868,-0.02496994,-0.0319599,0.1181965,-0.006048918,-0.06111266,0.03345576,-0.03151792,-0.03417688,0.002691209,0.003153533,37.28309,14.25497,49.41932,37.83147,TWO
-0.03586501,0.0530839,-0.05010647,-0.008415706,0.1172868,-0.02496994,-0.0319599,0.1181965,-0.006048918,-0.06111266,0.03345576,-0.03151792,-0.03417688,0.002691209,0.003153533,37.28309,14.25497,49.41932,37.83147,TWO
-0.03586501,0.0530839,-0.05010647,-0.008415706,0.1172868,-0.02496994,-0.0319599,0.1181965,-0.006048918,-0.06111266,0.03345576,-0.03151792,-0.03417688,0.002691209,0.003153533,37.28309,14.25497,49.41932,37.83147,TWO
-0.03586501,0.0530839,-0.05010647,-0.008415706,0.1172868,-0.02496994,-0.0319599,0.1181965,-0.006048918,-0.06111266,0.03345576,-0.03151792,-0.03417688,0.002691209,0.003153533,37.28309,14.25497,49.41932,37.83147,TWO
-0.03586501,0.0530839,-0.05010647,-0.008415706,0.1172868,-0.02496994,-0.0319599,0.1181965,-0.006048918,-0.06111266,0.03345576,-0.03151792,-0.03417688,0.002691209,0.003153533,37.28309,14.25497,49.41932,37.83147,TWO
-0.03586501,0.0530839,-0.05010647,-0.008415706,0.1172868,-0.02496994,-0.0319599,0.1181965,-0.006048918,-0.06111266,0.03345576,-0.03151792,-0.03417688,0.002691209,0.003153533,37.28309,14.25497,49.41932,37.83147,TWO
-0.03586501,0.0530839,-0.05010647,-0.008415706,0.1172868,-0.02496994,-0.0319599,0.1181965,-0.006048918,-0.06111266,0.03345576,-0.03151792,-0.03417688,0.002691209,0.003153533,37.28309,14.25497,49.41932,37.83147,TWO
-0.03586501,0.0530839,-0.05010647,-0.008415706,0.1172868,-0.02496994,-0.0319599,0.1181965,-0.006048918,-0.06111266,0.03345576,-0.03151792,-0.03417688,0.002691209,0.003153533,37.28309,14.25497,49.41932,37.83147,TWO
-0.03586501,0.0530839,-0.05010647,-0.008415706,0.1172868,-0.02496994,-0.0319599,0.1181965,-0.006048918,-0.06111266,0.03345576,-0.03151792,-0.03417688,0.002691209,0.003153533,37.28309,14.25497,49.41932,37.83147,TWO
-0.03586501,0.0530839,-0.05010647,-0.008415706,0.1172868,-0.02496994,-0.0319599,0.1181965,-0.006048918,-0.06111266,0.03345576,-0.03151792,-0.03417688,0.002691209,0.003153533,37.28309,14.25497,49.41932,37.83147,TWO
-0.03586501,0.0530839,-0.05010647,-0.008415706,0.1172868,-0.02496994,-0.0319599,0.1181965,-0.006048918,-0.06111266,0.03345576,-0.03151792,-0.03417688,0.002691209,0.003153533,37.28309,14.25497,49.41932,37.83147,TWO
-0.03586501,0.0530839,-0.05010647,-0.008415706,0.1172868,-0.02496994,-0.0319599,0.1181965,-0.006048918,-0.06111266,0.03345576,-0.03151792,-0.03417688,0.002691209,0.003153533,37.28309,14.25497,49.41932,37.83147,TWO
-0.03586501,0.0530839,-0.05010647,-0.008415706,0.1172868,-0.02496994,-0.0319599,0.1181965,-0.006048918,-0.06111266,0.03345576,-0.03151792,-0.03417688,0.002691209,0.003153533,37.28309,14.25497,49.41932,37.83147,TWO
-0.03586501,0.0530839,-0.05010647,-0.008415706,0.1172868,-0.02496994,-0.0319599,0.1181965,-0.006048918,-0.06111266,0.03345576,-0.03151792,-0.03417688,0.002691209,0.003153533,37.28309,14.25497,49.41932,37.83147,TWO
-0.03586501,0.0530839,-0.05010647,-0.008415706,0.1172868,-0.02496994,-0.0319599,0.1181965,-0.006048918,-0.06111266,0.03345576,-0.03151792,-0.03417688,0.002691209,0.003153533,37.28309,14.25497,49.41932,37.83147,TWO
-0.03586501,0.0530839,-0.05010647,-0.008415706,0.1172868,-0.02496994,-0.0319599,0.1181965,-0.006048918,-0.06111266,0.03345576,-0.03151792,-0.03417688,0.002691209,0.003153533,37.28309,14.25497,49.41932,37.83147,TWO
-0.03586501,0.0530839,-0.05010647,-0.008415706,0.1172868,-0.02496994,-0.0319599,0.1181965,-0.006048918,-0.06111266,0.03345576,-0.03151792,-0.03417688,0.002691209,0.003153533,37.28309,14.25497,49.41932,37.83147,TWO
-0.03586501,0.0530839,-0.05010647,-0.008415706,0.1172868,-0.02496994,-0.0319599,0.1181965,-0.006048918,-0.06111266,0.03345576,-0.03151792,-0.03417688,0.002691209,0.003153533,37.28309,14.25497,49.41932,37.83147,TWO
-0.03586501,0.0530839,-0.05010647,-0.008415706,0.1172868,-0.02496994,-0.0319599,0.1181965,-0.006048918,-0.06111266,0.03345576,-0.03151792,-0.03417688,0.002691209,0.003153533,37.28309,14.25497,49.41932,37.83147,TWO
-0.03586501,0.0530839,-0.05010647,-0.008415706,0.1172868,-0.02496994,-0.0319599,0.1181965,-0.006048918,-0.06111266,0.03345576,-0.03151792,-0.03417688,0.002691209,0.003153533,37.28309,14.25497,49.41932,37.83147,TWO
-0.03586501,0.0530839,-0.05010647,-0.008415706,0.1172868,-0.02496994,-0.0319599,0.1181965,-0.006048918,-0.06111266,0.03345576,-0.03151792,-0.03417688,0.002691209,0.003153533,37.28309,14.25497,49.41932,37.83147,TWO
-0.03586501,0.0530839,-0.05010647,-0.008415706,0.1172868,-0.02496994,-0.0319599,0.1181965,-0.006048918,-0.06111266,0.03345576,-0.03151792,-0.03417688,0.002691209,0.003153533,37.28309,14.25497,49.41932,37.83147,TWO
-0.03586501,0.0530839,-0.05010647,-0.008415706,0.1172868,-0.02496994,-0.0319599,0.1181965,-0.006048918,-0.06111266,0.03345576,-0.03151792,-0.03417688,0.002691209,0.003153533,37.28309,14.25497,49.41932,37.83147,TWO
-0.03586501,0.0530839,-0.05010647,-0.008415706,0.1172868,-0.02496994,-0.0319599,0.1181965,-0.006048918,-0.06111266,0.03345576,-0.03151792,-0.03417688,0.002691209,0.003153533,37.28309,14.25497,49.41932,37.83147,TWO
-0.03586501,0.0530839,-0.05010647,-0.008415706,0.1172868,-0.02496994,-0.0319599,0.1181965,-0.006048918,-0.06111266,0.03345576,-0.03151792,-0.03417688,0.002691209,0.003153533,37.28309,14.25497,49.41932,37.83147,TWO
-0.03586501,0.0530839,-0.05010647,-0.008415706,0.1172868,-0.02496994,-0.0319599,0.1181965,-0.006048918,-0.06111266,0.03345576,-0.03151792,-0.03417688,0.002691209,0.003153533,37.28309,14.25497,49.41932,37.83147,TWO
-0.03586501,0.0530839,-0.05010647,-0.008415706,0.1172868,-0.02496994,-0.0319599,0.1181965,-0.006048918,-0.06111266,0.03345576,-0.03151792,-0.03417688,0.002691209,0.003153533,37.28309,14.25497,49.41932,37.83147,TWO
-0.03586501,0.0530839,-0.05010647,-0.008415706,0.1172868,-0.02496994,-0.0319599,0.1181965,-0.006048918,-0.06111266,0.03345576,-0.03151792,-0.03417688,0.002691209,0.003153533,37.28309,14.25497,49.41932,37.83147,TWO
-0.03586501,0.0530839,-0.05010647,-0.008415706,0.1172868,-0.02496994,-0.0319599,0.1181965,-0.006048918,-0.06111266,0.03345576,-0.03151792,-0.03417688,0.002691209,0.003153533,37.28309,14.25497,49.41932,37.83147,TWO
-0.03586501,0.0530839,-0.05010647,-0.008415706,0.1172868,-0.02496994,-0.0319599,0.1181965,-0.006048918,-0.06111266,0.03345576,-0.03151792,-0.03417688,0.002691209,0.003153533,37.28309,14.25497,49.41932,37.83147,TWO
-0.03586501,0.0530839,-0.05010647,-0.008415706,0.1172868,-0.02496994,-0.0319599,0.1181965,-0.006048918,-0.06111266,0.03345576,-0.03151792,-0.03417688,0.002691209,0.003153533,37.28309,14.25497,49.41932,37.83147,TWO
-0.03586501,0.0530839,-0.05010647,-0.008415706,0.1172868,-0.02496994,-0.0319599,0.1181965,-0.006048918,-0.06111266,0.03345576,-0.03151792,-0.03417688,0.002691209,0.003153533,37.28309,14.25497,49.41932,37.83147,TWO
-0.03586501,0.0530839,-0.05010647,-0.008415706,0.1172868,-0.02496994,-0.0319599,0.1181965,-0.006048918,-0.06111266,0.03345576,-0.03151792,-0.03417688,0.002691209,0.003153533,37.28309,14.25497,49.41932,37.83147,TWO
-0.03586501,0.0530839,-0.05010647,-0.008415706,0.1172868,-0.02496994,-0.0319599,0.1181965,-0.006048918,-0.06111266,0.03345576,-0.03151792,-0.03417688,0.002691209,0.003153533,37.28309,14.25497,49.41932,37.83147,TWO
-0.03586501,0.0530839,-0.05010647,-0.008415706,0.1172868,-0.02496994,-0.0319599,0.1181965,-0.006048918,-0.06111266,0.03345576,-0.03151792,-0.03417688,0.002691209,0.003153533,37.28309,14.25497,49.41932,37.83147,TWO
-0.03586501,0.0530839,-0.05010647,-0.008415706,0.1172868,-0.02496994,-0.0319599,0.1181965,-0.006048918,-0.06111266,0.03345576,-0.03151792,-0.03417688,0.002691209,0.003153533,37.28309,14.25497,49.41932,37.83147,TWO
-0.03586501,0.0530839,-0.05010647,-0.008415706,0.1172868,-0.02496994,-0.0319599,0.1181965,-0.006048918,-0.06111266,0.03345576,-0.03151792,-0.03417688,0.002691209,0.003153533,37.28309,14.25497,49.41932,37.83147,TWO
-0.03586501,0.0530839,-0.05010647,-0.008415706,0.1172868,-0.02496994,-0.0319599,0.1181965,-0.006048918,-0.06111266,0.03345576,-0.03151792,-0.03417688,0.002691209,0.003153533,37.28309,14.25497,49.41932,37.83147,TWO
-0.03586501,0.0530839,-0.05010647,-0.008415706,0.1172868,-0.02496994,-0.0319599,0.1181965,-0.006048918,-0.06111266,0.03345576,-0.03151792,-0.03417688,0.002691209,0.003153533,37.28309,14.25497,49.41932,37.83147,TWO
-0.03586501,0.0530839,-0.05010647,-0.008415706,0.1172868,-0.02496994,-0.0319599,0.1181965,-0.006048918,-0.06111266,0.03345576,-0.03151792,-0.03417688,0.002691209,0.003153533,37.28309,14.25497,49.41932,37.83147,TWO
-0.03586501,0.0530839,-0.05010647,-0.008415706,0.1172868,-0.02496994,-0.0319599,0.1181965,-0.006048918,-0.06111266,0.03345576,-0.03151792,-0.03417688,0.002691209,0.003153533,37.28309,14.25497,49.41932,37.83147,TWO
-0.03586501,0.0530839,-0.05010647,-0.008415706,0.1172868,-0.02496994,-0.0319599,0.1181965,-0.006048918,-0.06111266,0.03345576,-0.03151792,-0.03417688,0.002691209,0.003153533,37.28309,14.25497,49.41932,37.83147,TWO
-0.03586501,0.0530839,-0.05010647,-0.008415706,0.1172868,-0.02496994,-0.0319599,0.1181965,-0.006048918,-0.06111266,0.03345576,-0.03151792,-0.03417688,0.002691209,0.003153533,37.28309,14.25497,49.41932,37.83147,TWO
-0.03586501,0.0530839,-0.05010647,-0.008415706,0.1172868,-0.02496994,-0.0319599,0.1181965,-0.006048918,-0.06111266,0.03345576,-0.03151792,-0.03417688,0.002691209,0.003153533,37.28309,14.25497,49.41932,37.83147,TWO
-0.03586501,0.0530839,-0.05010647,-0.008415706,0.1172868,-0.02496994,-0.0319599,0.1181965,-0.006048918,-0.06111266,0.03345576,-0.03151792,-0.03417688,0.002691209,0.003153533,37.28309,14.25497,49.41932,37.83147,TWO
-0.03586501,0.0530839,-0.05010647,-0.008415706,0.1172868,-0.02496994,-0.0319599,0.1181965,-0.006048918,-0.06111266,0.03345576,-0.03151792,-0.03417688,0.002691209,0.003153533,37.28309,14.25497,49.41932,37.83147,TWO
-0.03586501,0.0530839,-0.05010647,-0.008415706,0.1172868,-0.02496994,-0.0319599,0.1181965,-0.006048918,-0.06111266,0.03345576,-0.03151792,-0.03417688,0.002691209,0.003153533,37.28309,14.25497,49.41932,37.83147,TWO
-0.03586501,0.0530839,-0.05010647,-0.008415706,0.1172868,-0.02496994,-0.0319599,0.1181965,-0.006048918,-0.06111266,0.03345576,-0.03151792,-0.03417688,0.002691209,0.003153533,37.28309,14.25497,49.41932,37.83147,TWO
-0.03586501,0.0530839,-0.05010647,-0.008415706,0.1172868,-0.02496994,-0.0319599,0.1181965,-0.006048918,-0.06111266,0.03345576,-0.03151792,-0.03417688,0.002691209,0.003153533,37.28309,14.25497,49.41932,37.83147,TWO
-0.03586501,0.0530839,-0.05010647,-0.008415706,0.1172868,-0.02496994,-0.0319599,0.1181965,-0.006048918,-0.06111266,0.03345576,-0.03151792,-0.03417688,0.002691209,0.003153533,37.28309,14.25497,49.41932,37.83147,TWO
-0.03586501,0.0530839,-0.05010647,-0.008415706,0.1172868,-0.02496994,-0.0319599,0.1181965,-0.006048918,-0.06111266,0.03345576,-0.03151792,-0.03417688,0.002691209,0.003153533,37.28309,14.25497,49.41932,37.83147,TWO
-0.03586501,0.0530839,-0.05010647,-0.008415706,0.1172868,-0.02496994,-0.0319599,0.1181965,-0.006048918,-0.06111266,0.03345576,-0.03151792,-0.03417688,0.002691209,0.003153533,37.28309,14.25497,49.41932,37.83147,TWO
-0.03586501,0.0530839,-0.05010647,-0.008415706,0.1172868,-0.02496994,-0.0319599,0.1181965,-0.006048918,-0.06111266,0.03345576,-0.03151792,-0.03417688,0.002691209,0.003153533,37.28309,14.25497,49.41932,37.83147,TWO
-0.03586501,0.0530839,-0.05010647,-0.008415706,0.1172868,-0.02496994,-0.0319599,0.1181965,-0.006048918,-0.06111266,0.03345576,-0.03151792,-0.03417688,0.002691209,0.003153533,37.28309,14.25497,49.41932,37.83147,TWO
-0.03586501,0.0530839,-0.05010647,-0.008415706,0.1172868,-0.02496994,-0.0319599,0.1181965,-0.006048918,-0.06111266,0.03345576,-0.03151792,-0.03417688,0.002691209,0.003153533,37.28309,14.25497,49.41932,37.83147,TWO
-0.03586501,0.0530839,-0.05010647,-0.008415706,0.1172868,-0.02496994,-0.0319599,0.1181965,-0.006048918,-0.06111266,0.03345576,-0.03151792,-0.03417688,0.002691209,0.003153533,37.28309,14.25497,49.41932,37.83147,TWO
-0.03586501,0.0530839,-0.05010647,-0.008415706,0.1172868,-0.02496994,-0.0319599,0.1181965,-0.006048918,-0.06111266,0.03345576,-0.03151792,-0.03417688,0.002691209,0.003153533,37.28309,14.25497,49.41932,37.83147,TWO
-0.03586501,0.0530839,-0.05010647,-0.008415706,0.1172868,-0.02496994,-0.0319599,0.1181965,-0.006048918,-0.06111266,0.03345576,-0.03151792,-0.03417688,0.002691209,0.003153533,37.28309,14.25497,49.41932,37.83147,TWO
-0.03586501,0.0530839,-0.05010647,-0.008415706,0.1172868,-0.02496994,-0.0319599,0.1181965,-0.006048918,-0.06111266,0.03345576,-0.03151792,-0.03417688,0.002691209,0.003153533,37.28309,14.25497,49.41932,37.83147,TWO
-0.03586501,0.0530839,-0.05010647,-0.008415706,0.1172868,-0.02496994,-0.0319599,0.1181965,-0.006048918,-0.06111266,0.03345576,-0.03151792,-0.03417688,0.002691209,0.003153533,37.28309,14.25497,49.41932,37.83147,TWO
-0.03586501,0.0530839,-0.05010647,-0.008415706,0.1172868,-0.02496994,-0.0319599,0.1181965,-0.006048918,-0.06111266,0.03345576,-0.03151792,-0.03417688,0.002691209,0.003153533,37.28309,14.25497,49.41932,37.83147,TWO
-0.03586501,0.0530839,-0.05010647,-0.008415706,0.1172868,-0.02496994,-0.0319599,0.1181965,-0.006048918,-0.06111266,0.03345576,-0.03151792,-0.03417688,0.002691209,0.003153533,37.28309,14.25497,49.41932,37.83147,TWO
-0.03586501,0.0530839,-0.05010647,-0.008415706,0.1172868,-0.02496994,-0.0319599,0.1181965,-0.006048918,-0.06111266,0.03345576,-0.03151792,-0.03417688,0.002691209,0.003153533,37.28309,14.25497,49.41932,37.83147,TWO
-0.03586501,0.0530839,-0.05010647,-0.008415706,0.1172868,-0.02496994,-0.0319599,0.1181965,-0.006048918,-0.06111266,0.03345576,-0.03151792,-0.03417688,0.002691209,0.003153533,37.28309,14.25497,49.41932,37.83147,TWO
-0.03586501,0.0530839,-0.05010647,-0.008415706,0.1172868,-0.02496994,-0.0319599,0.1181965,-0.006048918,-0.06111266,0.03345576,-0.03151792,-0.03417688,0.002691209,0.003153533,37.28309,14.25497,49.41932,37.83147,TWO
-0.03586501,0.0530839,-0.05010647,-0.008415706,0.1172868,-0.02496994,-0.0319599,0.1181965,-0.006048918,-0.06111266,0.03345576,-0.03151792,-0.03417688,0.002691209,0.003153533,37.28309,14.25497,49.41932,37.83147,TWO
-0.03586501,0.0530839,-0.05010647,-0.008415706,0.1172868,-0.02496994,-0.0319599,0.1181965,-0.006048918,-0.06111266,0.03345576,-0.03151792,-0.03417688,0.002691209,0.003153533,37.28309,14.25497,49.41932,37.83147,TWO
-0.03586501,0.0530839,-0.05010647,-0.008415706,0.1172868,-0.02496994,-0.0319599,0.1181965,-0.006048918,-0.06111266,0.03345576,-0.03151792,-0.03417688,0.002691209,0.003153533,37.28309,14.25497,49.41932,37.83147,TWO
-0.03586501,0.0530839,-0.05010647,-0.008415706,0.1172868,-0.02496994,-0.0319599,0.1181965,-0.006048918,-0.06111266,0.03345576,-0.03151792,-0.03417688,0.002691209,0.003153533,37.28309,14.25497,49.41932,37.83147,TWO
-0.03586501,0.0530839,-0.05010647,-0.008415706,0.1172868,-0.02496994,-0.0319599,0.1181965,-0.006048918,-0.06111266,0.03345576,-0.03151792,-0.03417688,0.002691209,0.003153533,37.28309,14.25497,49.41932,37.83147,TWO
-0.03586501,0.0530839,-0.05010647,-0.008415706,0.1172868,-0.02496994,-0.0319599,0.1181965,-0.006048918,-0.06111266,0.03345576,-0.03151792,-0.03417688,0.002691209,0.003153533,37.28309,14.25497,49.41932,37.83147,TWO
-0.03586501,0.0530839,-0.05010647,-0.008415706,0.1172868,-0.02496994,-0.0319599,0.1181965,-0.006048918,-0.06111266,0.03345576,-0.03151792,-0.03417688,0.002691209,0.003153533,37.28309,14.25497,49.41932,37.83147,TWO
-0.03586501,0.0530839,-0.05010647,-0.008415706,0.1172868,-0.02496994,-0.0319599,0.1181965,-0.006048918,-0.06111266,0.03345576,-0.03151792,-0.03417688,0.002691209,0.003153533,37.28309,14.25497,49.41932,37.83147,TWO
-0.03586501,0.0530839,-0.05010647,-0.008415706,0.1172868,-0.02496994,-0.0319599,0.1181965,-0.006048918,-0.06111266,0.03345576,-0.03151792,-0.03417688,0.002691209,0.003153533,37.28309,14.25497,49.41932,37.83147,TWO
-0.03586501,0.0530839,-0.05010647,-0.008415706,0.1172868,-0.02496994,-0.0319599,0.1181965,-0.006048918,-0.06111266,0.03345576,-0.03151792,-0.03417688,0.002691209,0.003153533,37.28309,14.25497,49.41932,37.83147,TWO
-0.03586501,0.0530839,-0.05010647,-0.008415706,0.1172868,-0.02496994,-0.0319599,0.1181965,-0.006048918,-0.06111266,0.03345576,-0.03151792,-0.03417688,0.002691209,0.003153533,37.28309,14.25497,49.41932,37.83147,TWO
-0.03586501,0.0530839,-0.05010647,-0.008415706,0.1172868,-0.02496994,-0.0319599,0.1181965,-0.006048918,-0.06111266,0.03345576,-0.03151792,-0.03417688,0.002691209,0.003153533,37.28309,14.25497,49.41932,37.83147,TWO
-0.03586501,0.0530839,-0.05010647,-0.008415706,0.1172868,-0.02496994,-0.0319599,0.1181965,-0.006048918,-0.06111266,0.03345576,-0.03151792,-0.03417688,0.002691209,0.003153533,37.28309,14.25497,49.41932,37.83147,TWO
-0.03586501,0.0530839,-0.05010647,-0.008415706,0.1172868,-0.02496994,-0.0319599,0.1181965,-0.006048918,-0.06111266,0.03345576,-0.03151792,-0.03417688,0.002691209,0.003153533,37.28309,14.25497,49.41932,37.83147,TWO
-0.03586501,0.0530839,-0.05010647,-0.008415706,0.1172868,-0.02496994,-0.0319599,0.1181965,-0.006048918,-0.06111266,0.03345576,-0.03151792,-0.03417688,0.002691209,0.003153533,37.28309,14.25497,49.41932,37.83147,TWO
-0.03586501,0.0530839,-0.05010647,-0.008415706,0.1172868,-0.02496994,-0.0319599,0.1181965,-0.006048918,-0.06111266,0.03345576,-0.03151792,-0.03417688,0.002691209,0.003153533,37.28309,14.25497,49.41932,37.83147,TWO
-0.03586501,0.0530839,-0.05010647,-0.008415706,0.1172868,-0.02496994,-0.0319599,0.1181965,-0.006048918,-0.06111266,0.03345576,-0.03151792,-0.03417688,0.002691209,0.003153533,37.28309,14.25497,49.41932,37.83147,TWO
-0.03586501,0.0530839,-0.05010647,-0.008415706,0.1172868,-0.02496994,-0.0319599,0.1181965,-0.006048918,-0.06111266,0.03345576,-0.03151792,-0.03417688,0.002691209,0.003153533,37.28309,14.25497,49.41932,37.83147,TWO
-0.03586501,0.0530839,-0.05010647,-0.008415706,0.1172868,-0.02496994,-0.0319599,0.1181965,-0.006048918,-0.06111266,0.03345576,-0.03151792,-0.03417688,0.002691209,0.003153533,37.28309,14.25497,49.41932,37.83147,TWO
-0.03586501,0.0530839,-0.05010647,-0.008415706,0.1172868,-0.02496994,-0.0319599,0.1181965,-0.006048918,-0.06111266,0.03345576,-0.03151792,-0.03417688,0.002691209,0.003153533,37.28309,14.25497,49.41932,37.83147,TWO
-0.03586501,0.0530839,-0.05010647,-0.008415706,0.1172868,-0.02496994,-0.0319599,0.1181965,-0.006048918,-0.06111266,0.03345576,-0.03151792,-0.03417688,0.002691209,0.003153533,37.28309,14.25497,49.41932,37.83147,TWO
-0.03586501,0.0530839,-0.05010647,-0.008415706,0.1172868,-0.02496994,-0.0319599,0.1181965,-0.006048918,-0.06111266,0.03345576,-0.03151792,-0.03417688,0.002691209,0.003153533,37.28309,14.25497,49.41932,37.83147,TWO
-0.03586501,0.0530839,-0.05010647,-0.008415706,0.1172868,-0.02496994,-0.0319599,0.1181965,-0.006048918,-0.06111266,0.03345576,-0.03151792,-0.03417688,0.002691209,0.003153533,37.28309,14.25497,49.41932,37.83147,TWO
-0.03586501,0.0530839,-0.05010647,-0.008415706,0.1172868,-0.02496994,-0.0319599,0.1181965,-0.006048918,-0.06111266,0.03345576,-0.03151792,-0.03417688,0.002691209,0.003153533,37.28309,14.25497,49.41932,37.83147,TWO
-0.03586501,0.0530839,-0.05010647,-0.008415706,0.1172868,-0.02496994,-0.0319599,0.1181965,-0.006048918,-0.06111266,0.03345576,-0.03151792,-0.03417688,0.002691209,0.003153533,37.28309,14.25497,49.41932,37.83147,TWO
-0.03586501,0.0530839,-0.05010647,-0.008415706,0.1172868,-0.02496994,-0.0319599,0.1181965,-0.006048918,-0.06111266,0.03345576,-0.03151792,-0.03417688,0.002691209,0.003153533,37.28309,14.25497,49.41932,37.83147,TWO
-0.03586501,0.0530839,-0.05010647,-0.008415706,0.1172868,-0.02496994,-0.0319599,0.1181965,-0.006048918,-0.06111266,0.03345576,-0.03151792,-0.03417688,0.002691209,0.003153533,37.28309,14.25497,49.41932,37.83147,TWO
-0.03586501,0.0530839,-0.05010647,-0.008415706,0.1172868,-0.02496994,-0.0319599,0.1181965,-0.006048918,-0.06111266,0.03345576,-0.03151792,-0.03417688,0.002691209,0.003153533,37.28309,14.25497,49.41932,37.83147,TWO
-0.03586501,0.0530839,-0.05010647,-0.008415706,0.1172868,-0.02496994,-0.0319599,0.1181965,-0.006048918,-0.06111266,0.03345576,-0.03151792,-0.03417688,0.002691209,0.003153533,37.28309,14.25497,49.41932,37.83147,TWO
-0.03586501,0.0530839,-0.05010647,-0.008415706,0.1172868,-0.02496994,-0.0319599,0.1181965,-0.006048918,-0.06111266,0.03345576,-0.03151792,-0.03417688,0.002691209,0.003153533,37.28309,14.25497,49.41932,37.83147,TWO
-0.03586501,0.0530839,-0.05010647,-0.008415706,0.1172868,-0.02496994,-0.0319599,0.1181965,-0.006048918,-0.06111266,0.03345576,-0.03151792,-0.03417688,0.002691209,0.003153533,37.28309,14.25497,49.41932,37.83147,TWO
-0.03586501,0.0530839,-0.05010647,-0.008415706,0.1172868,-0.02496994,-0.0319599,0.1181965,-0.006048918,-0.06111266,0.03345576,-0.03151792,-0.03417688,0.002691209,0.003153533,37.28309,14.25497,49.41932,37.83147,TWO
-0.03586501,0.0530839,-0.05010647,-0.008415706,0.1172868,-0.02496994,-0.0319599,0.1181965,-0.006048918,-0.06111266,0.03345576,-0.03151792,-0.03417688,0.002691209,0.003153533,37.28309,14.25497,49.41932,37.83147,TWO
-0.03586501,0.0530839,-0.05010647,-0.008415706,0.1172868,-0.02496994,-0.0319599,0.1181965,-0.006048918,-0.06111266,0.03345576,-0.03151792,-0.03417688,0.002691209,0.003153533,37.28309,14.25497,49.41932,37.83147,TWO
-0.03586501,0.0530839,-0.05010647,-0.008415706,0.1172868,-0.02496994,-0.0319599,0.1181965,-0.006048918,-0.06111266,0.03345576,-0.03151792,-0.03417688,0.002691209,0.003153533,37.28309,14.25497,49.41932,37.83147,TWO
-0.03586501,0.0530839,-0.05010647,-0.008415706,0.1172868,-0.02496994,-0.0319599,0.1181965,-0.006048918,-0.06111266,0.03345576,-0.03151792,-0.03417688,0.002691209,0.003153533,37.28309,14.25497,49.41932,37.83147,TWO
-0.03586501,0.0530839,-0.05010647,-0.008415706,0.1172868,-0.02496994,-0.0319599,0.1181965,-0.006048918,-0.06111266,0.03345576,-0.03151792,-0.03417688,0.002691209,0.003153533,37.28309,14.25497,49.41932,37.83147,TWO
-0.03586501,0.0530839,-0.05010647,-0.008415706,0.1172868,-0.02496994,-0.0319599,0.1181965,-0.006048918,-0.06111266,0.03345576,-0.03151792,-0.03417688,0.002691209,0.003153533,37.28309,14.25497,49.41932,37.83147,TWO
-0.03586501,0.0530839,-0.05010647,-0.008415706,0.1172868,-0.02496994,-0.0319599,0.1181965,-0.006048918,-0.06111266,0.03345576,-0.03151792,-0.03417688,0.002691209,0.003153533,37.28309,14.25497,49.41932,37.83147,TWO
-0.03586501,0.0530839,-0.05010647,-0.008415706,0.1172868,-0.02496994,-0.0319599,0.1181965,-0.006048918,-0.06111266,0.03345576,-0.03151792,-0.03417688,0.002691209,0.003153533,37.28309,14.25497,49.41932,37.83147,TWO
-0.03586501,0.0530839,-0.05010647,-0.008415706,0.1172868,-0.02496994,-0.0319599,0.1181965,-0.006048918,-0.06111266,0.03345576,-0.03151792,-0.03417688,0.002691209,0.003153533,37.28309,14.25497,49.41932,37.83147,TWO
-0.03586501,0.0530839,-0.05010647,-0.008415706,0.1172868,-0.02496994,-0.0319599,0.1181965,-0.006048918,-0.06111266,0.03345576,-0.03151792,-0.03417688,0.002691209,0.003153533,37.28309,14.25497,49.41932,37.83147,TWO
-0.03586501,0.0530839,-0.05010647,-0.008415706,0.1172868,-0.02496994,-0.0319599,0.1181965,-0.006048918,-0.06111266,0.03345576,-0.03151792,-0.03417688,0.002691209,0.003153533,37.28309,14.25497,49.41932,37.83147,TWO
-0.03586501,0.0530839,-0.05010647,-0.008415706,0.1172868,-0.02496994,-0.0319599,0.1181965,-0.006048918,-0.06111266,0.03345576,-0.03151792,-0.03417688,0.002691209,0.003153533,37.28309,14.25497,49.41932,37.83147,TWO
-0.03586501,0.0530839,-0.05010647,-0.008415706,0.1172868,-0.02496994,-0.0319599,0.1181965,-0.006048918,-0.06111266,0.03345576,-0.03151792,-0.03417688,0.002691209,0.003153533,37.28309,14.25497,49.41932,37.83147,TWO
-0.03586501,0.0530839,-0.05010647,-0.008415706,0.1172868,-0.02496994,-0.0319599,0.1181965,-0.006048918,-0.06111266,0.03345576,-0.03151792,-0.03417688,0.002691209,0.003153533,37.28309,14.25497,49.41932,37.83147,TWO
-0.03586501,0.0530839,-0.05010647,-0.008415706,0.1172868,-0.02496994,-0.0319599,0.1181965,-0.006048918,-0.06111266,0.03345576,-0.03151792,-0.03417688,0.002691209,0.003153533,37.28309,14.25497,49.41932,37.83147,TWO
-0.03586501,0.0530839,-0.05010647,-0.008415706,0.1172868,-0.02496994,-0.0319599,0.1181965,-0.006048918,-0.06111266,0.03345576,-0.03151792,-0.03417688,0.002691209,0.003153533,37.28309,14.25497,49.41932,37.83147,TWO
-0.03586501,0.0530839,-0.05010647,-0.008415706,0.1172868,-0.02496994,-0.0319599,0.1181965,-0.006048918,-0.06111266,0.03345576,-0.03151792,-0.03417688,0.002691209,0.003153533,37.28309,14.25497,49.41932,37.83147,TWO
-0.03586501,0.0530839,-0.05010647,-0.008415706,0.1172868,-0.02496994,-0.0319599,0.1181965,-0.006048918,-0.06111266,0.03345576,-0.03151792,-0.03417688,0.002691209,0.003153533,37.28309,14.25497,49.41932,37.83147,TWO
-0.03586501,0.0530839,-0.05010647,-0.008415706,0.1172868,-0.02496994,-0.0319599,0.1181965,-0.006048918,-0.06111266,0.03345576,-0.03151792,-0.03417688,0.002691209,0.003153533,37.28309,14.25497,49.41932,37.83147,TWO
-0.03586501,0.0530839,-0.05010647,-0.008415706,0.1172868,-0.02496994,-0.0319599,0.1181965,-0.006048918,-0.06111266,0.03345576,-0.03151792,-0.03417688,0.002691209,0.003153533,37.28309,14.25497,49.41932,37.83147,TWO
-0.03586501,0.0530839,-0.05010647,-0.008415706,0.1172868,-0.02496994,-0.0319599,0.1181965,-0.006048918,-0.06111266,0.03345576,-0.03151792,-0.03417688,0.002691209,0.003153533,37.28309,14.25497,49.41932,37.83147,TWO
-0.03586501,0.0530839,-0.05010647,-0.008415706,0.1172868,-0.02496994,-0.0319599,0.1181965,-0.006048918,-0.06111266,0.03345576,-0.03151792,-0.03417688,0.002691209,0.003153533,37.28309,14.25497,49.41932,37.83147,TWO
-0.03586501,0.0530839,-0.05010647,-0.008415706,0.1172868,-0.02496994,-0.0319599,0.1181965,-0.006048918,-0.06111266,0.03345576,-0.03151792,-0.03417688,0.002691209,0.003153533,37.28309,14.25497,49.41932,37.83147,TWO
-0.03586501,0.0530839,-0.05010647,-0.008415706,0.1172868,-0.02496994,-0.0319599,0.1181965,-0.006048918,-0.06111266,0.03345576,-0.03151792,-0.03417688,0.002691209,0.003153533,37.28309,14.25497,49.41932,37.83147,TWO
-0.03586501,0.0530839,-0.05010647,-0.008415706,0.1172868,-0.02496994,-0.0319599,0.1181965,-0.006048918,-0.06111266,0.03345576,-0.03151792,-0.03417688,0.002691209,0.003153533,37.28309,14.25497,49.41932,37.83147,TWO
-0.03586501,0.0530839,-0.05010647,-0.008415706,0.1172868,-0.02496994,-0.0319599,0.1181965,-0.006048918,-0.06111266,0.03345576,-0.03151792,-0.03417688,0.002691209,0.003153533,37.28309,14.25497,49.41932,37.83147,TWO
-0.03586501,0.0530839,-0.05010647,-0.008415706,0.1172868,-0.02496994,-0.0319599,0.1181965,-0.006048918,-0.06111266,0.03345576,-0.03151792,-0.03417688,0.002691209,0.003153533,37.28309,14.25497,49.41932,37.83147,TWO
-0.03586501,0.0530839,-0.05010647,-0.008415706,0.1172868,-0.02496994,-0.0319599,0.1181965,-0.006048918,-0.06111266,0.03345576,-0.03151792,-0.03417688,0.002691209,0.003153533,37.28309,14.25497,49.41932,37.83147,TWO
-0.03586501,0.0530839,-0.05010647,-0.008415706,0.1172868,-0.02496994,-0.0319599,0.1181965,-0.006048918,-0.06111266,0.03345576,-0.03151792,-0.03417688,0.002691209,0.003153533,37.28309,14.25497,49.41932,37.83147,TWO
-0.03586501,0.0530839,-0.05010647,-0.008415706,0.1172868,-0.02496994,-0.0319599,0.1181965,-0.006048918,-0.06111266,0.03345576,-0.03151792,-0.03417688,0.002691209,0.003153533,37.28309,14.25497,49.41932,37.83147,TWO
-0.03586501,0.0530839,-0.05010647,-0.008415706,0.1172868,-0.02496994,-0.0319599,0.1181965,-0.006048918,-0.06111266,0.03345576,-0.03151792,-0.03417688,0.002691209,0.003153533,37.28309,14.25497,49.41932,37.83147,TWO
-0.03586501,0.0530839,-0.05010647,-0.008415706,0.1172868,-0.02496994,-0.0319599,0.1181965,-0.006048918,-0.06111266,0.03345576,-0.03151792,-0.03417688,0.002691209,0.003153533,37.28309,14.25497,49.41932,37.83147,TWO
-0.03586501,0.0530839,-0.05010647,-0.008415706,0.1172868,-0.02496994,-0.0319599,0.1181965,-0.006048918,-0.06111266,0.03345576,-0.03151792,-0.03417688,0.002691209,0.003153533,37.28309,14.25497,49.41932,37.83147,TWO
-0.03586501,0.0530839,-0.05010647,-0.008415706,0.1172868,-0.02496994,-0.0319599,0.1181965,-0.006048918,-0.06111266,0.03345576,-0.03151792,-0.03417688,0.002691209,0.003153533,37.28309,14.25497,49.41932,37.83147,TWO
-0.03586501,0.0530839,-0.05010647,-0.008415706,0.1172868,-0.02496994,-0.0319599,0.1181965,-0.006048918,-0.06111266,0.03345576,-0.03151792,-0.03417688,0.002691209,0.003153533,37.28309,14.25497,49.41932,37.83147,TWO
-0.03586501,0.0530839,-0.05010647,-0.008415706,0.1172868,-0.02496994,-0.0319599,0.1181965,-0.006048918,-0.06111266,0.03345576,-0.03151792,-0.03417688,0.002691209,0.003153533,37.28309,14.25497,49.41932,37.83147,TWO
-0.03586501,0.0530839,-0.05010647,-0.008415706,0.1172868,-0.02496994,-0.0319599,0.1181965,-0.006048918,-0.06111266,0.03345576,-0.03151792,-0.03417688,0.002691209,0.003153533,37.28309,14.25497,49.41932,37.83147,TWO
-0.03586501,0.0530839,-0.05010647,-0.008415706,0.1172868,-0.02496994,-0.0319599,0.1181965,-0.006048918,-0.06111266,0.03345576,-0.03151792,-0.03417688,0.002691209,0.003153533,37.28309,14.25497,49.41932,37.83147,TWO
-0.03586501,0.0530839,-0.05010647,-0.008415706,0.1172868,-0.02496994,-0.0319599,0.1181965,-0.006048918,-0.06111266,0.03345576,-0.03151792,-0.03417688,0.002691209,0.003153533,37.28309,14.25497,49.41932,37.83147,TWO
-0.03586501,0.0530839,-0.05010647,-0.008415706,0.1172868,-0.02496994,-0.0319599,0.1181965,-0.006048918,-0.06111266,0.03345576,-0.03151792,-0.03417688,0.002691209,0.003153533,37.28309,14.25497,49.41932,37.83147,TWO
-0.03586501,0.0530839,-0.05010647,-0.008415706,0.1172868,-0.02496994,-0.0319599,0.1181965,-0.006048918,-0.06111266,0.03345576,-0.03151792,-0.03417688,0.002691209,0.003153533,37.28309,14.25497,49.41932,37.83147,TWO
-0.03586501,0.0530839,-0.05010647,-0.008415706,0.1172868,-0.02496994,-0.0319599,0.1181965,-0.006048918,-0.06111266,0.03345576,-0.03151792,-0.03417688,0.002691209,0.003153533,37.28309,14.25497,49.41932,37.83147,TWO
-0.03586501,0.0530839,-0.05010647,-0.008415706,0.1172868,-0.02496994,-0.0319599,0.1181965,-0.006048918,-0.06111266,0.03345576,-0.03151792,-0.03417688,0.002691209,0.003153533,37.28309,14.25497,49.41932,37.83147,TWO
-0.03586501,0.0530839,-0.05010647,-0.008415706,0.1172868,-0.02496994,-0.0319599,0.1181965,-0.006048918,-0.06111266,0.03345576,-0.03151792,-0.03417688,0.002691209,0.003153533,37.28309,14.25497,49.41932,37.83147,TWO
-0.03586501,0.0530839,-0.05010647,-0.008415706,0.1172868,-0.02496994,-0.0319599,0.1181965,-0.006048918,-0.06111266,0.03345576,-0.03151792,-0.03417688,0.002691209,0.003153533,37.28309,14.25497,49.41932,37.83147,TWO
-0.03586501,0.0530839,-0.05010647,-0.008415706,0.1172868,-0.02496994,-0.0319599,0.1181965,-0.006048918,-0.06111266,0.03345576,-0.03151792,-0.03417688,0.002691209,0.003153533,37.28309,14.25497,49.41932,37.83147,TWO
-0.03586501,0.0530839,-0.05010647,-0.008415706,0.1172868,-0.02496994,-0.0319599,0.1181965,-0.006048918,-0.06111266,0.03345576,-0.03151792,-0.03417688,0.002691209,0.003153533,37.28309,14.25497,49.41932,37.83147,TWO
-0.03586501,0.0530839,-0.05010647,-0.008415706,0.1172868,-0.02496994,-0.0319599,0.1181965,-0.006048918,-0.06111266,0.03345576,-0.03151792,-0.03417688,0.002691209,0.003153533,37.28309,14.25497,49.41932,37.83147,TWO
-0.03586501,0.0530839,-0.05010647,-0.008415706,0.1172868,-0.02496994,-0.0319599,0.1181965,-0.006048918,-0.06111266,0.03345576,-0.03151792,-0.03417688,0.002691209,0.003153533,37.28309,14.25497,49.41932,37.83147,TWO
-0.03586501,0.0530839,-0.05010647,-0.008415706,0.1172868,-0.02496994,-0.0319599,0.1181965,-0.006048918,-0.06111266,0.03345576,-0.03151792,-0.03417688,0.002691209,0.003153533,37.28309,14.25497,49.41932,37.83147,TWO
-0.03586501,0.0530839,-0.05010647,-0.008415706,0.1172868,-0.02496994,-0.0319599,0.1181965,-0.006048918,-0.06111266,0.03345576,-0.03151792,-0.03417688,0.002691209,0.003153533,37.28309,14.25497,49.41932,37.83147,TWO
-0.03586501,0.0530839,-0.05010647,-0.008415706,0.1172868,-0.02496994,-0.0319599,0.1181965,-0.006048918,-0.06111266,0.03345576,-0.03151792,-0.03417688,0.002691209,0.003153533,37.28309,14.25497,49.41932,37.83147,TWO
-0.03586501,0.0530839,-0.05010647,-0.008415706,0.1172868,-0.02496994,-0.0319599,0.1181965,-0.006048918,-0.06111266,0.03345576,-0.03151792,-0.03417688,0.002691209,0.003153533,37.28309,14.25497,49.41932,37.83147,TWO
-0.03586501,0.0530839,-0.05010647,-0.008415706,0.1172868,-0.02496994,-0.0319599,0.1181965,-0.006048918,-0.06111266,0.03345576,-0.03151792,-0.03417688,0.002691209,0.003153533,37.28309,14.25497,49.41932,37.83147,TWO
-0.03586501,0.0530839,-0.05010647,-0.008415706,0.1172868,-0.02496994,-0.0319599,0.1181965,-0.006048918,-0.06111266,0.03345576,-0.03151792,-0.03417688,0.002691209,0.003153533,37.28309,14.25497,49.41932,37.83147,TWO
-0.03586501,0.0530839,-0.05010647,-0.008415706,0.1172868,-0.02496994,-0.0319599,0.1181965,-0.006048918,-0.06111266,0.03345576,-0.03151792,-0.03417688,0.002691209,0.003153533,37.28309,14.25497,49.41932,37.83147,TWO
-0.03586501,0.0530839,-0.05010647,-0.008415706,0.1172868,-0.02496994,-0.0319599,0.1181965,-0.006048918,-0.06111266,0.03345576,-0.03151792,-0.03417688,0.002691209,0.003153533,37.28309,14.25497,49.41932,37.83147,TWO
-0.03586501,0.0530839,-0.05010647,-0.008415706,0.1172868,-0.02496994,-0.0319599,0.1181965,-0.006048918,-0.06111266,0.03345576,-0.03151792,-0.03417688,0.002691209,0.003153533,37.28309,14.25497,49.41932,37.83147,TWO
-0.03586501,0.0530839,-0.05010647,-0.008415706,0.1172868,-0.02496994,-0.0319599,0.1181965,-0.006048918,-0.06111266,0.03345576,-0.03151792,-0.03417688,0.002691209,0.003153533,37.28309,14.25497,49.41932,37.83147,TWO
-0.03586501,0.0530839,-0.05010647,-0.008415706,0.1172868,-0.02496994,-0.0319599,0.1181965,-0.006048918,-0.06111266,0.03345576,-0.03151792,-0.03417688,0.002691209,0.003153533,37.28309,14.25497,49.41932,37.83147,TWO
-0.03586501,0.0530839,-0.05010647,-0.008415706,0.1172868,-0.02496994,-0.0319599,0.1181965,-0.006048918,-0.06111266,0.03345576,-0.03151792,-0.03417688,0.002691209,0.003153533,37.28309,14.25497,49.41932,37.83147,TWO
-0.03586501,0.0530839,-0.05010647,-0.008415706,0.1172868,-0.02496994,-0.0319599,0.1181965,-0.006048918,-0.06111266,0.03345576,-0.03151792,-0.03417688,0.002691209,0.003153533,37.28309,14.25497,49.41932,37.83147,TWO
-0.03586501,0.0530839,-0.05010647,-0.008415706,0.1172868,-0.02496994,-0.0319599,0.1181965,-0.006048918,-0.06111266,0.03345576,-0.03151792,-0.03417688,0.002691209,0.003153533,37.28309,14.25497,49.41932,37.83147,TWO
-0.03586501,0.0530839,-0.05010647,-0.008415706,0.1172868,-0.02496994,-0.0319599,0.1181965,-0.006048918,-0.06111266,0.03345576,-0.03151792,-0.03417688,0.002691209,0.003153533,37.28309,14.25497,49.41932,37.83147,TWO
-0.03586501,0.0530839,-0.05010647,-0.008415706,0.1172868,-0.02496994,-0.0319599,0.1181965,-0.006048918,-0.06111266,0.03345576,-0.03151792,-0.03417688,0.002691209,0.003153533,37.28309,14.25497,49.41932,37.83147,TWO
-0.03586501,0.0530839,-0.05010647,-0.008415706,0.1172868,-0.02496994,-0.0319599,0.1181965,-0.006048918,-0.06111266,0.03345576,-0.03151792,-0.03417688,0.002691209,0.003153533,37.28309,14.25497,49.41932,37.83147,TWO
-0.03586501,0.0530839,-0.05010647,-0.008415706,0.1172868,-0.02496994,-0.0319599,0.1181965,-0.006048918,-0.06111266,0.03345576,-0.03151792,-0.03417688,0.002691209,0.003153533,37.28309,14.25497,49.41932,37.83147,TWO
-0.03586501,0.0530839,-0.05010647,-0.008415706,0.1172868,-0.02496994,-0.0319599,0.1181965,-0.006048918,-0.06111266,0.03345576,-0.03151792,-0.03417688,0.002691209,0.003153533,37.28309,14.25497,49.41932,37.83147,TWO
-0.03586501,0.0530839,-0.05010647,-0.008415706,0.1172868,-0.02496994,-0.0319599,0.1181965,-0.006048918,-0.06111266,0.03345576,-0.03151792,-0.03417688,0.002691209,0.003153533,37.28309,14.25497,49.41932,37.83147,TWO
-0.03586501,0.0530839,-0.05010647,-0.008415706,0.1172868,-0.02496994,-0.0319599,0.1181965,-0.006048918,-0.06111266,0.03345576,-0.03151792,-0.03417688,0.002691209,0.003153533,37.28309,14.25497,49.41932,37.83147,TWO
-0.03586501,0.0530839,-0.05010647,-0.008415706,0.1172868,-0.02496994,-0.0319599,0.1181965,-0.006048918,-0.06111266,0.03345576,-0.03151792,-0.03417688,0.002691209,0.003153533,37.28309,14.25497,49.41932,37.83147,TWO
-0.03586501,0.0530839,-0.05010647,-0.008415706,0.1172868,-0.02496994,-0.0319599,0.1181965,-0.006048918,-0.06111266,0.03345576,-0.03151792,-0.03417688,0.002691209,0.003153533,37.28309,14.25497,49.41932,37.83147,TWO
-0.03586501,0.0530839,-0.05010647,-0.008415706,0.1172868,-0.02496994,-0.0319599,0.1181965,-0.006048918,-0.06111266,0.03345576,-0.03151792,-0.03417688,0.002691209,0.003153533,37.28309,14.25497,49.41932,37.83147,TWO
-0.03586501,0.0530839,-0.05010647,-0.008415706,0.1172868,-0.02496994,-0.0319599,0.1181965,-0.006048918,-0.06111266,0.03345576,-0.03151792,-0.03417688,0.002691209,0.003153533,37.28309,14.25497,49.41932,37.83147,TWO
-0.03586501,0.0530839,-0.05010647,-0.008415706,0.1172868,-0.02496994,-0.0319599,0.1181965,-0.006048918,-0.06111266,0.03345576,-0.03151792,-0.03417688,0.002691209,0.003153533,37.28309,14.25497,49.41932,37.83147,TWO
-0.03586501,0.0530839,-0.05010647,-0.008415706,0.1172868,-0.02496994,-0.0319599,0.1181965,-0.006048918,-0.06111266,0.03345576,-0.03151792,-0.03417688,0.002691209,0.003153533,37.28309,14.25497,49.41932,37.83147,TWO
-0.03586501,0.0530839,-0.05010647,-0.008415706,0.1172868,-0.02496994,-0.0319599,0.1181965,-0.006048918,-0.06111266,0.03345576,-0.03151792,-0.03417688,0.002691209,0.003153533,37.28309,14.25497,49.41932,37.83147,TWO
-0.03586501,0.0530839,-0.05010647,-0.008415706,0.1172868,-0.02496994,-0.0319599,0.1181965,-0.006048918,-0.06111266,0.03345576,-0.03151792,-0.03417688,0.002691209,0.003153533,37.28309,14.25497,49.41932,37.83147,TWO
-0.03586501,0.0530839,-0.05010647,-0.008415706,0.1172868,-0.02496994,-0.0319599,0.1181965,-0.006048918,-0.06111266,0.03345576,-0.03151792,-0.03417688,0.002691209,0.003153533,37.28309,14.25497,49.41932,37.83147,TWO
-0.03586501,0.0530839,-0.05010647,-0.008415706,0.1172868,-0.02496994,-0.0319599,0.1181965,-0.006048918,-0.06111266,0.03345576,-0.03151792,-0.03417688,0.002691209,0.003153533,37.28309,14.25497,49.41932,37.83147,TWO
-0.03586501,0.0530839,-0.05010647,-0.008415706,0.1172868,-0.02496994,-0.0319599,0.1181965,-0.006048918,-0.06111266,0.03345576,-0.03151792,-0.03417688,0.002691209,0.003153533,37.28309,14.25497,49.41932,37.83147,TWO
-0.03586501,0.0530839,-0.05010647,-0.008415706,0.1172868,-0.02496994,-0.0319599,0.1181965,-0.006048918,-0.06111266,0.03345576,-0.03151792,-0.03417688,0.002691209,0.003153533,37.28309,14.25497,49.41932,37.83147,TWO
-0.03586501,0.0530839,-0.05010647,-0.008415706,0.1172868,-0.02496994,-0.0319599,0.1181965,-0.006048918,-0.06111266,0.03345576,-0.03151792,-0.03417688,0.002691209,0.003153533,37.28309,14.25497,49.41932,37.83147,TWO
-0.03586501,0.0530839,-0.05010647,-0.008415706,0.1172868,-0.02496994,-0.0319599,0.1181965,-0.006048918,-0.06111266,0.03345576,-0.03151792,-0.03417688,0.002691209,0.003153533,37.28309,14.25497,49.41932,37.83147,TWO
-0.03586501,0.0530839,-0.05010647,-0.008415706,0.1172868,-0.02496994,-0.0319599,0.1181965,-0.006048918,-0.06111266,0.03345576,-0.03151792,-0.03417688,0.002691209,0.003153533,37.28309,14.25497,49.41932,37.83147,TWO
-0.03586501,0.0530839,-0.05010647,-0.008415706,0.1172868,-0.02496994,-0.0319599,0.1181965,-0.006048918,-0.06111266,0.03345576,-0.03151792,-0.03417688,0.002691209,0.003153533,37.28309,14.25497,49.41932,37.83147,TWO
-0.03586501,0.0530839,-0.05010647,-0.008415706,0.1172868,-0.02496994,-0.0319599,0.1181965,-0.006048918,-0.06111266,0.03345576,-0.03151792,-0.03417688,0.002691209,0.003153533,37.28309,14.25497,49.41932,37.83147,TWO
-0.03586501,0.0530839,-0.05010647,-0.008415706,0.1172868,-0.02496994,-0.0319599,0.1181965,-0.006048918,-0.06111266,0.03345576,-0.03151792,-0.03417688,0.002691209,0.003153533,37.28309,14.25497,49.41932,37.83147,TWO
-0.03586501,0.0530839,-0.05010647,-0.008415706,0.1172868,-0.02496994,-0.0319599,0.1181965,-0.006048918,-0.06111266,0.03345576,-0.03151792,-0.03417688,0.002691209,0.003153533,37.28309,14.25497,49.41932,37.83147,TWO
-0.03586501,0.0530839,-0.05010647,-0.008415706,0.1172868,-0.02496994,-0.0319599,0.1181965,-0.006048918,-0.06111266,0.03345576,-0.03151792,-0.03417688,0.002691209,0.003153533,37.28309,14.25497,49.41932,37.83147,TWO
-0.03586501,0.0530839,-0.05010647,-0.008415706,0.1172868,-0.02496994,-0.0319599,0.1181965,-0.006048918,-0.06111266,0.03345576,-0.03151792,-0.03417688,0.002691209,0.003153533,37.28309,14.25497,49.41932,37.83147,TWO
-0.03586501,0.0530839,-0.05010647,-0.008415706,0.1172868,-0.02496994,-0.0319599,0.1181965,-0.006048918,-0.06111266,0.03345576,-0.03151792,-0.03417688,0.002691209,0.003153533,37.28309,14.25497,49.41932,37.83147,TWO
-0.03586501,0.0530839,-0.05010647,-0.008415706,0.1172868,-0.02496994,-0.0319599,0.1181965,-0.006048918,-0.06111266,0.03345576,-0.03151792,-0.03417688,0.002691209,0.003153533,37.28309,14.25497,49.41932,37.83147,TWO
-0.03586501,0.0530839,-0.05010647,-0.008415706,0.1172868,-0.02496994,-0.0319599,0.1181965,-0.006048918,-0.06111266,0.03345576,-0.03151792,-0.03417688,0.002691209,0.003153533,37.28309,14.25497,49.41932,37.83147,TWO
-0.03586501,0.0530839,-0.05010647,-0.008415706,0.1172868,-0.02496994,-0.0319599,0.1181965,-0.006048918,-0.06111266,0.03345576,-0.03151792,-0.03417688,0.002691209,0.003153533,37.28309,14.25497,49.41932,37.83147,TWO
-0.03586501,0.0530839,-0.05010647,-0.008415706,0.1172868,-0.02496994,-0.0319599,0.1181965,-0.006048918,-0.06111266,0.03345576,-0.03151792,-0.03417688,0.002691209,0.003153533,37.28309,14.25497,49.41932,37.83147,TWO
-0.03586501,0.0530839,-0.05010647,-0.008415706,0.1172868,-0.02496994,-0.0319599,0.1181965,-0.006048918,-0.06111266,0.03345576,-0.03151792,-0.03417688,0.002691209,0.003153533,37.28309,14.25497,49.41932,37.83147,TWO
-0.03586501,0.0530839,-0.05010647,-0.008415706,0.1172868,-0.02496994,-0.0319599,0.1181965,-0.006048918,-0.06111266,0.03345576,-0.03151792,-0.03417688,0.002691209,0.003153533,37.28309,14.25497,49.41932,37.83147,TWO
-0.03586501,0.0530839,-0.05010647,-0.008415706,0.1172868,-0.02496994,-0.0319599,0.1181965,-0.006048918,-0.06111266,0.03345576,-0.03151792,-0.03417688,0.002691209,0.003153533,37.28309,14.25497,49.41932,37.83147,TWO
-0.03586501,0.0530839,-0.05010647,-0.008415706,0.1172868,-0.02496994,-0.0319599,0.1181965,-0.006048918,-0.06111266,0.03345576,-0.03151792,-0.03417688,0.002691209,0.003153533,37.28309,14.25497,49.41932,37.83147,TWO
-0.03586501,0.0530839,-0.05010647,-0.008415706,0.1172868,-0.02496994,-0.0319599,0.1181965,-0.006048918,-0.06111266,0.03345576,-0.03151792,-0.03417688,0.002691209,0.003153533,37.28309,14.25497,49.41932,37.83147,TWO
-0.03586501,0.0530839,-0.05010647,-0.008415706,0.1172868,-0.02496994,-0.0319599,0.1181965,-0.006048918,-0.06111266,0.03345576,-0.03151792,-0.03417688,0.002691209,0.003153533,37.28309,14.25497,49.41932,37.83147,TWO
-0.03586501,0.0530839,-0.05010647,-0.008415706,0.1172868,-0.02496994,-0.0319599,0.1181965,-0.006048918,-0.06111266,0.03345576,-0.03151792,-0.03417688,0.002691209,0.003153533,37.28309,14.25497,49.41932,37.83147,TWO
-0.03586501,0.0530839,-0.05010647,-0.008415706,0.1172868,-0.02496994,-0.0319599,0.1181965,-0.006048918,-0.06111266,0.03345576,-0.03151792,-0.03417688,0.002691209,0.003153533,37.28309,14.25497,49.41932,37.83147,TWO
-0.03586501,0.0530839,-0.05010647,-0.008415706,0.1172868,-0.02496994,-0.0319599,0.1181965,-0.006048918,-0.06111266,0.03345576,-0.03151792,-0.03417688,0.002691209,0.003153533,37.28309,14.25497,49.41932,37.83147,TWO
-0.03586501,0.0530839,-0.05010647,-0.008415706,0.1172868,-0.02496994,-0.0319599,0.1181965,-0.006048918,-0.06111266,0.03345576,-0.03151792,-0.03417688,0.002691209,0.003153533,37.28309,14.25497,49.41932,37.83147,TWO
-0.03586501,0.0530839,-0.05010647,-0.008415706,0.1172868,-0.02496994,-0.0319599,0.1181965,-0.006048918,-0.06111266,0.03345576,-0.03151792,-0.03417688,0.002691209,0.003153533,37.28309,14.25497,49.41932,37.83147,TWO
-0.03586501,0.0530839,-0.05010647,-0.008415706,0.1172868,-0.02496994,-0.0319599,0.1181965,-0.006048918,-0.06111266,0.03345576,-0.03151792,-0.03417688,0.002691209,0.003153533,37.28309,14.25497,49.41932,37.83147,TWO
-0.03586501,0.0530839,-0.05010647,-0.008415706,0.1172868,-0.02496994,-0.0319599,0.1181965,-0.006048918,-0.06111266,0.03345576,-0.03151792,-0.03417688,0.002691209,0.003153533,37.28309,14.25497,49.41932,37.83147,TWO
-0.03586501,0.0530839,-0.05010647,-0.008415706,0.1172868,-0.02496994,-0.0319599,0.1181965,-0.006048918,-0.06111266,0.03345576,-0.03151792,-0.03417688,0.002691209,0.003153533,37.28309,14.25497,49.41932,37.83147,TWO
-0.03586501,0.0530839,-0.05010647,-0.008415706,0.1172868,-0.02496994,-0.0319599,0.1181965,-0.006048918,-0.06111266,0.03345576,-0.03151792,-0.03417688,0.002691209,0.003153533,37.28309,14.25497,49.41932,37.83147,TWO
-0.03586501,0.0530839,-0.05010647,-0.008415706,0.1172868,-0.02496994,-0.0319599,0.1181965,-0.006048918,-0.06111266,0.03345576,-0.03151792,-0.03417688,0.002691209,0.003153533,37.28309,14.25497,49.41932,37.83147,TWO
-0.03586501,0.0530839,-0.05010647,-0.008415706,0.1172868,-0.02496994,-0.0319599,0.1181965,-0.006048918,-0.06111266,0.03345576,-0.03151792,-0.03417688,0.002691209,0.003153533,37.28309,14.25497,49.41932,37.83147,TWO
-0.03586501,0.0530839,-0.05010647,-0.008415706,0.1172868,-0.02496994,-0.0319599,0.1181965,-0.006048918,-0.06111266,0.03345576,-0.03151792,-0.03417688,0.002691209,0.003153533,37.28309,14.25497,49.41932,37.83147,TWO
-0.03586501,0.0530839,-0.05010647,-0.008415706,0.1172868,-0.02496994,-0.0319599,0.1181965,-0.006048918,-0.06111266,0.03345576,-0.03151792,-0.03417688,0.002691209,0.003153533,37.28309,14.25497,49.41932,37.83147,TWO
-0.03586501,0.0530839,-0.05010647,-0.008415706,0.1172868,-0.02496994,-0.0319599,0.1181965,-0.006048918,-0.06111266,0.03345576,-0.03151792,-0.03417688,0.002691209,0.003153533,37.28309,14.25497,49.41932,37.83147,TWO
-0.03586501,0.0530839,-0.05010647,-0.008415706,0.1172868,-0.02496994,-0.0319599,0.1181965,-0.006048918,-0.06111266,0.03345576,-0.03151792,-0.03417688,0.002691209,0.003153533,37.28309,14.25497,49.41932,37.83147,TWO
-0.03586501,0.0530839,-0.05010647,-0.008415706,0.1172868,-0.02496994,-0.0319599,0.1181965,-0.006048918,-0.06111266,0.03345576,-0.03151792,-0.03417688,0.002691209,0.003153533,37.28309,14.25497,49.41932,37.83147,TWO
-0.03586501,0.0530839,-0.05010647,-0.008415706,0.1172868,-0.02496994,-0.0319599,0.1181965,-0.006048918,-0.06111266,0.03345576,-0.03151792,-0.03417688,0.002691209,0.003153533,37.28309,14.25497,49.41932,37.83147,TWO
-0.03586501,0.0530839,-0.05010647,-0.008415706,0.1172868,-0.02496994,-0.0319599,0.1181965,-0.006048918,-0.06111266,0.03345576,-0.03151792,-0.03417688,0.002691209,0.003153533,37.28309,14.25497,49.41932,37.83147,TWO
-0.03586501,0.0530839,-0.05010647,-0.008415706,0.1172868,-0.02496994,-0.0319599,0.1181965,-0.006048918,-0.06111266,0.03345576,-0.03151792,-0.03417688,0.002691209,0.003153533,37.28309,14.25497,49.41932,37.83147,TWO
-0.03586501,0.0530839,-0.05010647,-0.008415706,0.1172868,-0.02496994,-0.0319599,0.1181965,-0.006048918,-0.06111266,0.03345576,-0.03151792,-0.03417688,0.002691209,0.003153533,37.28309,14.25497,49.41932,37.83147,TWO
-0.03586501,0.0530839,-0.05010647,-0.008415706,0.1172868,-0.02496994,-0.0319599,0.1181965,-0.006048918,-0.06111266,0.03345576,-0.03151792,-0.03417688,0.002691209,0.003153533,37.28309,14.25497,49.41932,37.83147,TWO
-0.03586501,0.0530839,-0.05010647,-0.008415706,0.1172868,-0.02496994,-0.0319599,0.1181965,-0.006048918,-0.06111266,0.03345576,-0.03151792,-0.03417688,0.002691209,0.003153533,37.28309,14.25497,49.41932,37.83147,TWO
-0.03119441,0.0596101,-0.03994355,-0.01708624,0.1162627,-0.006573647,-0.02515168,0.1214979,0.0079059,-0.02884451,0.005836546,-0.02766106,-0.03538551,0.003081501,-0.01494625,32.9675,7.615921,75.98621,21.09533,TWO
-0.02784102,0.06016377,-0.04154354,-0.01143897,0.117998,-0.004240364,-0.02617961,0.1217736,0.00967589,-0.02638102,0.006573021,-0.03092584,-0.03367703,0.002743036,-0.01808149,35.09144,9.250323,76.60408,21.75238,TWO
-0.02700466,0.06130147,-0.04077834,-0.01102959,0.1179764,-0.001054227,-0.02438128,0.1218714,0.01254451,-0.0276715,0.009032637,-0.03255406,-0.03520251,0.005173445,-0.02042112,35.41838,8.654943,75.48644,19.79955,TWO
-0.02565928,0.06213334,-0.03988135,-0.01049354,0.1178482,0.00155741,-0.02297329,0.1218722,0.01376557,-0.02811502,0.0125407,-0.03570762,-0.03574724,0.008452564,-0.02404046,35.50005,7.886652,73.37923,17.90803,TWO
-0.02449118,0.06301305,-0.03806058,-0.009643145,0.1175461,0.00278303,-0.02214263,0.121773,0.01349622,-0.02861117,0.01805118,-0.04064199,-0.0347247,0.01097092,-0.0277794,34.56419,7.423728,69.70876,16.64071,TWO
-0.02846545,0.05917326,-0.04188403,-0.013699,0.1167455,-0.007187217,-0.02700283,0.1214843,0.007124573,-0.03050529,0.01357272,-0.03660154,-0.03505329,0.006293178,-0.02158803,34.05453,8.942174,69.01306,19.50147,TWO
-0.03502841,0.05668214,-0.04200822,-0.0219565,0.1147988,-0.01535976,-0.03361989,0.1186752,0.003094852,-0.02816049,0.0009272099,-0.02076566,-0.03540086,0.0004592836,-0.008478463,31.45193,10.21816,76.71323,22.94579,TWO
-0.03421986,0.05762535,-0.04217088,-0.01515868,0.1183289,-0.0126963,-0.036764,0.1175168,0.009811342,-0.02926889,0.002869606,-0.01964375,-0.03707112,0.001664221,-0.007419378,34.02883,14.6335,73.77619,22.60469,TWO
-0.03982225,0.05167916,-0.04100227,-0.01056051,0.1188521,-0.01809174,-0.04715544,0.1113948,-0.003192753,-0.03116899,0.003830343,-0.02409205,-0.03585342,0.00056988,-0.007051915,38.23555,19.15262,65.66792,26.93089,TWO
-0.0337383,0.05262259,-0.04455948,-0.001521654,0.1207262,-0.01027265,-0.04335746,0.1145245,0.0006926954,-0.02822013,0.009011179,-0.0334889,-0.03523054,0.004339069,-0.01823881,42.46379,20.65317,65.9386,22.8673,TWO
-0.03173427,0.05284148,-0.04522675,0.0008243993,0.1210225,-0.007361263,-0.04165056,0.1158085,0.00365302,-0.02749929,0.01193815,-0.03670913,-0.03486072,0.006542295,-0.02191061,43.69858,20.81708,65.78178,21.29271,TWO
-0.02860869,0.05085292,-0.04789695,0.002390914,0.1211716,-0.005269527,-0.04030978,0.1175527,0.00540179,-0.02659538,0.01936105,-0.04275873,-0.0341228,0.01138276,-0.02923238,46.1342,20.66015,62.32285,18.02895,TWO
-0.03140608,0.04705817,-0.04875761,-0.002587669,0.1195032,-0.01003125,-0.0374864,0.1192137,0.004552066,-0.03091765,0.02592748,-0.03820509,-0.03982015,0.01857558,-0.03006005,46.26016,17.6024,54.08577,14.72117,TWO
-0.04018261,0.04786125,-0.04482979,-0.01309478,0.1175455,-0.02008113,-0.04315974,0.1149136,-0.001704335,-0.0283257,0.00280109,-0.0242942,-0.03579931,0.001542777,-0.008769929,40.15033,16.68906,69.80653,26.87299,TWO
-0.03910512,0.05088136,-0.0439207,-0.01850225,0.1159772,-0.02150866,-0.04380988,0.1132706,-0.004163444,-0.02700705,-0.001106888,-0.01836747,-0.03373189,-0.001139432,-0.003931165,35.38885,14.65582,73.40393,27.55626,TWO
-0.03714169,0.04915005,-0.04783592,-0.01660274,0.1155217,-0.02480611,-0.04054747,0.114574,-0.01128533,-0.02675138,0.00137037,-0.02119845,-0.03458659,1.195073E-05,-0.006387025,36.49713,13.02618,69.19547,28.01658,TWO
-0.04018119,0.04753017,-0.04471925,-0.01894699,0.1152111,-0.02520034,-0.04729105,0.1110856,-0.01154923,-0.02650061,0.0005609691,-0.02113867,-0.03404061,-0.0007468462,-0.006268501,36.44161,15.12263,67.70918,28.22706,TWO
-0.03357212,0.05394357,-0.04972667,-0.01223353,0.1178287,-0.02138141,-0.04157852,0.1147539,-0.006385654,-0.02838768,0.002228022,-0.02029011,-0.03531853,0.0003204048,-0.003768355,36.27398,15.65861,68.50932,29.60807,TWO
-0.03266519,0.05431893,-0.0501132,-0.01035972,0.1180629,-0.0216442,-0.04004068,0.1155046,-0.0056701,-0.02820968,0.002768606,-0.02065027,-0.03530405,0.0008484423,-0.004297733,36.39299,15.97709,68.59385,29.39161,TWO
-0.03785447,0.05011898,-0.04645392,-0.003363952,0.1174405,-0.02757338,-0.03452438,0.1169144,-0.008525014,-0.02821258,0.001975894,-0.01734474,-0.03493574,0.002662539,-0.001888722,39.3123,17.28324,70.50681,28.43648,TWO
-0.03712242,0.05237234,-0.04569063,-0.002044998,0.1179805,-0.02565503,-0.03333706,0.117364,-0.005700618,-0.02859841,0.002243251,-0.01645145,-0.03481404,0.002755404,-0.0005480945,38.68684,17.56819,71.06799,28.93497,TWO
-0.03661489,0.05259353,-0.04643023,-0.001268014,0.1176313,-0.02719164,-0.03177335,0.117756,-0.006879836,-0.02885904,0.002503991,-0.0159747,-0.03475374,0.003025532,0.0002532601,38.3275,17.34311,70.90927,29.29139,TWO
-0.03459469,0.05248094,-0.05130208,-0.003625125,0.1159115,-0.03316137,-0.03196108,0.1174071,-0.01166248,-0.02979532,0.003641754,-0.01484293,-0.03498222,0.003598332,0.00216651,36.07402,16.84158,67.70388,29.85579,TWO
-0.03678258,0.0515343,-0.04876521,-0.008852717,0.116761,-0.02738935,-0.03791551,0.115837,-0.009680748,-0.02886787,0.002831817,-0.01850155,-0.03541122,0.002072752,-0.002169669,36.96927,16.11176,67.61961,29.10797,TWO
-0.03813337,0.05129218,-0.04703036,-0.01135783,0.1164891,-0.02629849,-0.03843655,0.1154789,-0.01024777,-0.0285324,0.002506882,-0.01828572,-0.03512208,0.001658499,-0.001949668,36.57198,14.91417,67.72012,29.46135,TWO
-0.04321718,0.04836893,-0.04157215,-0.01549545,0.1144892,-0.02856332,-0.03745716,0.1154748,-0.0100944,-0.03000415,0.003448397,-0.01780313,-0.03445128,0.002350181,-0.0005893707,36.24371,13.62956,66.5169,29.64765,TWO
-0.04672089,0.04790342,-0.03918213,-0.02086979,0.1139596,-0.02566975,-0.04276929,0.1137963,-0.004944354,-0.03324435,0.005845338,-0.01724625,-0.03551473,0.002021939,-0.001631886,36.0454,14.34368,61.89927,25.26905,TWO
-0.04686532,0.04910493,-0.03930825,-0.02338743,0.1140884,-0.02341169,-0.04501834,0.1131011,-0.00386408,-0.03430201,0.005937576,-0.01607484,-0.03610382,0.001780689,-0.0006439686,35.15145,13.85568,60.8063,24.70851,TWO
-0.04658358,0.04992807,-0.03936952,-0.02514967,0.1140651,-0.02194548,-0.04516348,0.1134355,-0.002896667,-0.03451462,0.006143957,-0.01545417,-0.03615914,0.001409471,-1.215935E-05,34.38807,13.07874,60.55046,24.96418,TWO
-0.04544266,0.04974586,-0.03990936,-0.02711442,0.1135422,-0.0228115,-0.04854398,0.1109396,-0.008048505,-0.03456266,0.007514715,-0.01498109,-0.03619673,0.001689255,0.0002678633,33.23547,12.44251,55.62516,25.17372,TWO
-0.05100105,0.04174152,-0.03017056,-0.02825025,0.1127586,-0.0236727,-0.04660784,0.1131672,-0.002545893,-0.03629218,0.009961426,-0.01489821,-0.03704933,0.002625793,-0.0006707907,37.05977,13.21551,54.79191,23.3231,TWO
-0.05114374,0.04208031,-0.0296773,-0.02815089,0.1130429,-0.02280706,-0.04597361,0.1134745,-0.0008406639,-0.03655448,0.00935933,-0.01475531,-0.03700258,0.002422363,0.0001237988,37.07645,13.35819,56.26383,23.9125,TWO
-0.04376167,0.04962546,-0.03910381,-0.01945917,0.1147813,-0.02459985,-0.03601568,0.1168838,-0.004021466,-0.03325168,0.005217463,-0.01470757,-0.03540177,0.002176225,0.002398729,34.79895,12.50227,65.46442,27.97231,TWO
-0.0360114,0.05403307,-0.04390132,-0.01064411,0.1161869,-0.02351314,-0.03035238,0.1179281,-0.006064683,-0.03018396,0.004882544,-0.01652306,-0.03474791,0.003467113,9.274483E-05,34.44278,12.49566,67.93027,28.73354,TWO
-0.03280813,0.05706403,-0.0435538,0.002845205,0.117972,-0.02103484,-0.01853973,0.1207623,-0.004282922,-0.02898173,0.00543955,-0.01311678,-0.03399913,0.006527781,0.00303787,37.00979,12.90297,71.52364,28.9962,TWO
-0.03313304,0.05842674,-0.04072806,0.004473388,0.1186168,-0.01699397,-0.01540173,0.1219366,0.00124985,-0.02916452,0.006290317,-0.01270616,-0.03384073,0.006960571,0.003367394,37.48417,12.77674,72.47332,28.63999,TWO
-0.03345974,0.05860171,-0.0385721,0.00524345,0.1186579,-0.01577973,-0.01409966,0.1223049,0.003969878,-0.02923348,0.006811142,-0.01345369,-0.03382136,0.007315516,0.00238049,37.51804,13.0831,72.89385,28.09179,TWO
-0.03310673,0.05908668,-0.03542817,0.007493287,0.1190281,-0.01206258,-0.01278207,0.1225874,0.009363502,-0.03058491,0.009613425,-0.01607972,-0.03499461,0.008723915,-9.784102E-05,38.08044,13.90881,71.33459,26.68804,TWO
-0.03002737,0.06485856,-0.03358787,0.01257577,0.1184437,-0.01741436,0.0002173409,0.1234689,0.01279706,-0.03447736,0.01412725,-0.008287758,-0.03533123,0.01320305,0.007528931,33.90947,15.42612,69.86858,23.89522,TWO
-0.03100365,0.06550199,-0.03375784,0.01070626,0.1186933,-0.01879612,0.0005676895,0.123489,0.01377437,-0.03600142,0.01525772,-0.004908085,-0.03548212,0.01441464,0.01071727,33.13086,16.08391,68.48144,22.80392,TWO
-0.03396997,0.06325701,-0.03312653,0.01055964,0.1177162,-0.02447745,0.001983486,0.1241311,0.007660538,-0.0370343,0.01941711,-0.002778858,-0.03686428,0.01825348,0.01136443,34.1485,15.79683,63.62707,19.2903,TWO
-0.03625031,0.06273004,-0.02565488,0.008034527,0.1185966,-0.01912037,-0.002166905,0.1235651,0.01190478,-0.04017187,0.01963317,-0.005425394,-0.03872711,0.01866287,0.009867221,34.36039,15.42725,64.03394,19.84785,TWO
-0.03732233,0.06290954,-0.02248615,0.00735011,0.1189518,-0.01665142,-0.003717363,0.1229333,0.0142085,-0.03912518,0.01979363,-0.003667623,-0.03890388,0.01998743,0.01150244,34.56509,15.46341,62.36681,19.51895,TWO
-0.03736199,0.0628283,-0.02211109,0.007144168,0.1190102,-0.01622128,-0.004440017,0.1228114,0.01448521,-0.03893921,0.02024233,-0.00355038,-0.03886459,0.02049094,0.01173455,34.54269,15.4771,61.40751,19.5817,TWO
-0.0417513,0.05860144,-0.007111549,0.005225595,0.1195259,-0.0111163,-0.006505895,0.1217239,0.01883674,-0.03616695,0.03111827,0.003866553,-0.0382789,0.02211812,0.01468772,37.7933,15.14481,46.07374,17.26338,TWO
-0.0431557,0.05635697,-0.003146976,0.003653314,0.1195735,-0.009780645,-0.008516442,0.1212066,0.01997933,-0.03624347,0.03327805,0.005025953,-0.03871656,0.02142417,0.01430085,39.1685,15.14559,43.15971,17.95025,TWO
-0.04642452,0.04956743,0.003509045,0.0003290381,0.1192616,-0.009432226,-0.01238682,0.120577,0.01959836,-0.03935946,0.03961766,0.004826218,-0.03967557,0.0206916,0.01257184,43.88957,14.96386,38.86328,20.39433,TWO
-0.05124171,0.03769404,0.01002616,-0.01084619,0.1174145,-0.00799036,-0.01857051,0.1192785,0.0199829,-0.04001433,0.09572798,0.03221446,-0.04096151,0.018215,0.01214817,49.90819,13.74489,15.57221,41.58684,TWO
-0.05174167,0.03337815,0.01556125,-0.01705536,0.1162093,-0.006140292,-0.02096898,0.1183881,0.02258512,-0.03392626,0.099089,0.04209751,-0.04041398,0.01616684,0.01506373,51.34484,13.73551,14.09682,46.0695,TWO
-0.05361459,0.02626914,0.0175238,-0.02314613,0.1153075,-0.004671752,-0.02724513,0.1168554,0.02513069,-0.04218967,0.09435683,0.04243195,-0.04135554,0.01371756,0.0145289,55.11968,14.21362,14.81635,44.57331,TWO
-0.05464761,0.0262998,0.02008942,-0.02646858,0.1145757,0.002225786,-0.03221755,0.1135424,0.03239378,-0.04696541,0.08952206,0.04663396,-0.04191873,0.01126418,0.01433536,53.16803,14.535,14.55822,44.24569,TWO
-0.05498196,0.02852345,0.01924378,-0.0249508,0.1152169,0.0004354119,-0.03213581,0.1140692,0.02998459,-0.04692222,0.09050664,0.04457313,-0.04170931,0.01113066,0.0138056,52.38835,14.41296,14.49701,44.77419,TWO
-0.05141388,0.0340032,0.01642004,-0.01386857,0.1168828,-0.01054034,-0.01810835,0.1196025,0.01914206,-0.03571837,0.099455,0.03706965,-0.03985582,0.0174793,0.01512668,53.21233,14.22844,14.94234,43.82195,TWO