-0.01841668,0.06723428,-0.05785981,-0.009402867,0.1286319,-0.008848697,-0.02616598,0.132318,0.01597115,-0.04140318,0.1144835,0.03636444,-0.05407803,0.07959691,0.05167699,37.16166,12.76376,13.03443,17.56672,FOUR
-0.01509324,0.06629372,-0.05905256,-0.01220772,0.1276232,-0.01401764,-0.02722002,0.1326371,0.008296996,-0.04071321,0.116322,0.02815822,-0.04879238,0.08397889,0.04651326,35.35339,11.51069,12.06308,16.3231,FOUR
-0.0197206,0.07319257,-0.04752076,-0.01534866,0.1277519,0.0003662705,-0.02764828,0.1303591,0.02369273,-0.04029278,0.1112334,0.04262495,-0.04659608,0.07656902,0.05951864,33.17156,11.15131,12.38353,17.10602,FOUR
-0.02143875,0.07404771,-0.04670015,-0.01625087,0.1276336,0.001213998,-0.02727131,0.1299345,0.02583534,-0.03920286,0.1101374,0.04664657,-0.04553726,0.07479835,0.06326643,32.8499,11.42398,13.04932,17.41818,FOUR
-0.02323486,0.07465196,-0.04571471,-0.01737281,0.1275031,0.003045887,-0.02731906,0.1294083,0.02845919,-0.03824871,0.1090832,0.05026892,-0.04412827,0.07335317,0.06620702,32.94761,11.54978,13.35942,17.39145,FOUR
-0.02361716,0.07627007,-0.04616842,-0.01856115,0.1273742,0.007277519,-0.02831425,0.1281863,0.03342611,-0.0394677,0.1066203,0.05478126,-0.04585128,0.0700236,0.06853837,34.34913,11.78883,13.6072,17.36599,FOUR
-0.02364982,0.07740426,-0.04506484,-0.01794332,0.127342,0.01019785,-0.02749266,0.1276185,0.03672391,-0.03886741,0.1058268,0.0569433,-0.04623272,0.06916025,0.06889647,34.72874,11.8941,13.35516,17.1065,FOUR
-0.0260566,0.0724048,-0.04913378,-0.02135424,0.1271821,-0.00185594,-0.03312115,0.1286083,0.02526057,-0.04511883,0.1076548,0.04774293,-0.0524541,0.07104033,0.06322733,33.17338,12.58055,13.95341,17.91184,FOUR
-0.02362587,0.07421249,-0.05037066,-0.02001033,0.1275437,0.001960278,-0.03169923,0.1285373,0.02800748,-0.04380878,0.1073375,0.04923823,-0.05012321,0.07083994,0.06479701,34.75566,12.11007,13.62398,17.77465,FOUR
-0.02602817,0.07852137,-0.04053658,-0.01864057,0.1268939,0.01339552,-0.02972305,0.1258002,0.03936985,-0.04293289,0.1025926,0.05757508,-0.05048917,0.06456846,0.0696319,33.49948,11.99227,13.58327,18.11776,FOUR
-0.02228377,0.0803124,-0.04386461,-0.01962062,0.1267184,0.01411697,-0.03123948,0.1250287,0.0403215,-0.04515043,0.1011435,0.0579367,-0.05282409,0.0628773,0.06924471,34.65112,12.21054,13.79434,18.18929,FOUR
-0.01722668,0.0727075,-0.056036,-0.01516221,0.1279316,-0.008214712,-0.02885713,0.1306521,0.01897559,-0.04315978,0.1109034,0.04172403,-0.05442169,0.07473099,0.05707461,33.7637,13.02492,14.12481,18.16727,FOUR
-0.03007428,0.06355867,-0.05181834,-0.00696446,0.1272624,-0.02092144,-0.01991168,0.133843,0.006216258,-0.03422325,0.1178507,0.03056428,-0.04756648,0.08417031,0.04933751,33.73175,13.07891,13.68428,17.99863,FOUR
-0.0309753,0.0601446,-0.05321851,-0.001229264,0.1261927,-0.02879673,-0.01428207,0.1348943,-0.003159463,-0.02889722,0.1213463,0.02128309,-0.04178318,0.09012297,0.04297876,34.69838,12.73704,13.22704,17.56054,FOUR
-0.02337453,0.06150901,-0.06249425,0.005263999,0.126863,-0.02782002,-0.007560484,0.1356987,-0.0005974174,-0.02306169,0.1221785,0.02572861,-0.03713954,0.09059954,0.04870728,37.01465,13.30587,14.07545,18.35816,FOUR
-0.02381464,0.05981827,-0.06149688,0.0005923212,0.1259618,-0.0304122,-0.01397448,0.1347848,-0.004330575,-0.03142574,0.1208591,0.02079493,-0.04846876,0.08833519,0.03910145,35.51532,13.24286,14.20192,18.00774,FOUR
-0.02433121,0.05951083,-0.06278455,-0.002875514,0.1260552,-0.02994147,-0.01881769,0.1340785,-0.004380375,-0.03673497,0.1192669,0.02003312,-0.05224287,0.08644849,0.03965089,35.74955,13.26977,14.25361,18.26911,FOUR
-0.0250054,0.06088406,-0.06197426,-0.006023161,0.1267324,-0.02615741,-0.02178581,0.1336669,-0.0003017187,-0.03903708,0.1177966,0.02407342,-0.05319805,0.08423656,0.0435518,35.89147,13.2238,14.30915,18.32274,FOUR
-0.02397687,0.06412807,-0.06090668,-0.009028248,0.1276223,-0.01991218,-0.02486394,0.1328694,0.006726086,-0.04171159,0.1152875,0.03061104,-0.05446424,0.08052227,0.04955015,35.88121,13.39553,14.45535,18.54745,FOUR
-0.01972633,0.07044724,-0.06148374,-0.0193977,0.1275995,-0.007979214,-0.0356971,0.1288022,0.01987445,-0.05128483,0.1072317,0.04278889,-0.06067395,0.06932423,0.06010106,37.05209,13.80247,14.95214,19.27585,FOUR
-0.007337223,0.08182332,-0.05033749,-0.02455059,0.1258991,0.009013653,-0.04181939,0.1229932,0.03590402,-0.05764659,0.09814766,0.05454054,-0.0665593,0.05793408,0.06574741,35.96052,13.73664,14.88586,19.29631,FOUR
-0.01097773,0.08842576,-0.01732907,-0.02074584,0.1199632,0.03815973,-0.03785266,0.1114334,0.06414777,-0.0528992,0.08482796,0.07602316,-0.06329834,0.04457211,0.07707483,28.53693,13.88356,14.02777,18.79014,FOUR
-0.009947432,0.08863142,0.002275258,-0.01423698,0.1131789,0.04767895,-0.02992085,0.1044833,0.07386371,-0.04581159,0.07911012,0.08313271,-0.06033263,0.04141197,0.07862476,21.23549,13.86556,13.67608,18.63327,FOUR
-0.01779857,0.08860558,0.004288793,-0.01943701,0.1086808,0.01837406,-0.03169736,0.1078682,0.04166383,-0.04430515,0.08987179,0.05183023,-0.05453994,0.05874243,0.0568319,6.839826,12.43632,11.42365,16.26307,FOUR
-0.01238468,0.09101307,-0.005607903,-0.01453385,0.1112245,0.009236485,-0.02819967,0.1115845,0.02542737,-0.04251991,0.09372601,0.02884206,-0.04862577,0.06372714,0.02600768,8.20674,10.21733,10.41361,12.6016,FOUR
-0.01815379,0.08719903,-0.02288258,-0.01112302,0.1160724,-0.007917136,-0.02430479,0.1204745,0.0159519,-0.04013891,0.1023291,0.02451694,-0.05045459,0.0720036,0.03079841,12.21298,12.73857,11.13372,14.69929,FOUR
-0.02086175,0.08336762,-0.03060293,-0.01071123,0.1201178,-0.01264587,-0.02366091,0.1247762,0.01410887,-0.0386355,0.1071863,0.02936187,-0.05180375,0.07490158,0.0416396,16.16072,13.55076,12.06181,17.24622,FOUR
-0.02606595,0.07824218,-0.03538477,-0.01002776,0.121922,-0.02062431,-0.02227267,0.1278774,0.007958382,-0.03699546,0.1109803,0.02758905,-0.05129903,0.07766488,0.04363069,18.93733,14.0591,12.91277,18.44303,FOUR
-0.03476293,0.06444883,-0.04494777,-0.007818434,0.1281346,-0.02239937,-0.01771171,0.1347866,0.005436748,-0.02629826,0.1199413,0.03180343,-0.03361983,0.08707973,0.05581796,31.59712,12.82061,13.14565,18.21938,FOUR
-0.02446486,0.06083196,-0.05622894,-0.01284532,0.1265337,-0.0195356,-0.02443625,0.1334856,-0.0005064309,-0.03295023,0.1200029,0.0201894,-0.0349159,0.09102461,0.04219899,34.94962,9.66184,10.65346,15.17863,FOUR
-0.02486863,0.06048986,-0.05545974,-0.01319741,0.1265154,-0.0196785,-0.02455711,0.1336374,-0.0007911026,-0.03247874,0.1204603,0.01944062,-0.03424661,0.09159037,0.04113406,34.71746,9.554297,10.30372,14.89183,FOUR
-0.02513469,0.06068149,-0.05482948,-0.0131305,0.126676,-0.01873583,-0.02420259,0.1337932,0.0001743734,-0.03185957,0.1206038,0.02002877,-0.03346796,0.09166577,0.04133922,34.79623,9.483838,10.11643,14.72621,FOUR
-0.02450551,0.06094396,-0.05473262,-0.01196204,0.1267732,-0.01838264,-0.0230687,0.1339627,0.000161171,-0.03065005,0.1208721,0.0196982,-0.03203282,0.09214148,0.04099873,34.86812,9.362545,9.953764,14.609,FOUR
-0.02329402,0.06101614,-0.05500811,-0.01058042,0.1266886,-0.01920938,-0.02168129,0.1341261,-0.001064479,-0.02921628,0.121302,0.01862878,-0.03057429,0.09288934,0.04035327,34.63585,9.251875,9.94032,14.63833,FOUR
-0.02469374,0.06037888,-0.05613178,-0.01003085,0.1263353,-0.02209395,-0.01882797,0.1345011,-0.001826465,-0.02498159,0.1222816,0.02027625,-0.02527924,0.09417641,0.04309723,34.57356,9.73567,10.61417,14.98975,FOUR
-0.02352598,0.06004778,-0.0589067,-0.01096265,0.1262064,-0.02322444,-0.0199041,0.1344243,-0.001796961,-0.02663871,0.1220931,0.0214659,-0.027597,0.09367514,0.04454252,35.0942,10.22612,11.19399,15.28064,FOUR
-0.02320931,0.0597311,-0.05962127,-0.01075347,0.1261206,-0.02391225,-0.01965746,0.1344888,-0.002449155,-0.02650483,0.1222726,0.02090025,-0.02756697,0.09394628,0.0440622,35.2425,10.25275,11.21558,15.26097,FOUR
-0.02373927,0.06090501,-0.05877483,-0.01195562,0.1260527,-0.02436286,-0.02016012,0.1343279,-0.001547068,-0.02648868,0.1218486,0.02278379,-0.02784539,0.09303206,0.04611734,34.03515,10.69691,11.61569,15.61534,FOUR
-0.02367251,0.06261626,-0.05640644,-0.01259629,0.1262645,-0.02229929,-0.02098328,0.1340876,0.0005701482,-0.02708316,0.1212287,0.02486506,-0.02854531,0.09200856,0.04773498,32.96554,10.69204,11.67234,15.66335,FOUR
-0.03027678,0.06390375,-0.05605236,-0.01824429,0.1241246,-0.02767602,-0.02550039,0.1319366,0.001237571,-0.0297491,0.11863,0.03117916,-0.03201146,0.08739895,0.05745673,30.03922,13.21769,14.11984,18.24205,FOUR
-0.03194476,0.06341535,-0.05423141,-0.01855501,0.1238853,-0.0287728,-0.02575555,0.1318926,0.0002400875,-0.02978571,0.1188301,0.03029123,-0.03198917,0.08776706,0.05690324,29.35401,13.2777,14.10715,18.29369,FOUR
-0.03647877,0.06422979,-0.04696041,-0.01687595,0.1242748,-0.02916819,-0.0241235,0.1320128,0.001357496,-0.02918562,0.1182413,0.03130481,-0.03209921,0.08672577,0.0584572,27.82405,13.91735,14.26429,18.82486,FOUR
-0.0376571,0.06461987,-0.04071233,-0.01935908,0.1236837,-0.02784413,-0.02573182,0.1314929,0.002378374,-0.03049647,0.1177255,0.03157645,-0.03297649,0.08639714,0.05817389,25.52502,13.72736,13.96149,18.55024,FOUR
-0.03911901,0.06388059,-0.03011179,-0.02015951,0.1238037,-0.02536702,-0.02574427,0.1315113,0.003786892,-0.02949999,0.1179185,0.03226638,-0.03158845,0.08654827,0.05873784,23.68861,13.17744,13.56831,18.47893,FOUR
-0.03841139,0.0640181,-0.03713059,-0.01638389,0.1241769,-0.02838084,-0.02307681,0.1322562,0.001136392,-0.02839196,0.1187878,0.03003937,-0.03157803,0.08779088,0.05684346,25.90275,13.46083,13.78689,18.47531,FOUR
-0.03822467,0.06373477,-0.03934595,-0.01529406,0.1242019,-0.02936772,-0.02237949,0.1324527,0.0001737475,-0.02824019,0.1190655,0.02922148,-0.03198689,0.08811972,0.05619124,26.70512,13.52332,13.8643,18.53423,FOUR
-0.03659863,0.06396255,-0.04429117,-0.01403246,0.1244035,-0.02966222,-0.02140141,0.1327662,0.0003080964,-0.02795875,0.1192452,0.02960807,-0.03278818,0.08797041,0.05639213,27.8072,13.72824,14.04047,18.63459,FOUR
-0.03595286,0.06346056,-0.04680064,-0.01402498,0.1243611,-0.03014165,-0.02165079,0.1328205,-0.0002774894,-0.02827902,0.1194322,0.02907249,-0.03339773,0.08816397,0.05584836,28.46684,13.7117,14.03429,18.61984,FOUR
-0.03552014,0.06289598,-0.04893407,-0.01419988,0.1242782,-0.0306181,-0.02187522,0.1328625,-0.0007579327,-0.02847154,0.1195968,0.0287303,-0.03369691,0.08835575,0.05550691,29.08102,13.72103,14.05907,18.59064,FOUR
-0.03288971,0.0620074,-0.05137247,-0.002769575,0.1249986,-0.03156751,-0.01244928,0.1343678,-0.003763884,-0.02269061,0.1219503,0.02494141,-0.03177819,0.09164155,0.05044806,32.4646,13.18647,13.97648,18.0135,FOUR
-0.0324706,0.06271172,-0.05053762,-0.00311669,0.1252501,-0.03008324,-0.01257993,0.1343251,-0.00258714,-0.02214018,0.1218094,0.02593565,-0.03071232,0.09148124,0.05113953,32.12426,12.99737,13.83427,17.84934,FOUR
-0.03262685,0.06308767,-0.04946139,-0.003711008,0.1252607,-0.02960294,-0.01291744,0.1342342,-0.002147496,-0.02186926,0.1217307,0.02641049,-0.0300092,0.09142169,0.05160105,31.64426,12.9381,13.7767,17.79119,FOUR
-0.03434651,0.0624339,-0.04668477,-0.005546682,0.1249802,-0.03118494,-0.01426121,0.1341992,-0.003703266,-0.0223696,0.1220001,0.02482912,-0.02924263,0.0921188,0.05075884,30.64719,12.90474,13.58968,17.73297,FOUR
-0.03379952,0.06346425,-0.04835504,-0.005166449,0.1254592,-0.02943736,-0.01231943,0.1344963,-0.000670284,-0.0199825,0.1217555,0.02848956,-0.02688069,0.09115833,0.05424127,31.18748,13.22038,13.89033,17.96368,FOUR
-0.03334403,0.06382895,-0.05095425,-0.005836733,0.1258202,-0.02813905,-0.01296939,0.1344452,0.001158476,-0.0210798,0.1211001,0.03015748,-0.02807896,0.08994645,0.05584139,31.96144,13.38766,13.97773,18.21275,FOUR
-0.03056776,0.06303427,-0.05309284,-0.002403051,0.1262943,-0.02722749,-0.01512973,0.1343109,0.0001728833,-0.02820348,0.1203845,0.02673906,-0.03912653,0.08887774,0.05056363,33.42401,13.33441,13.86004,18.22787,FOUR
-0.02966058,0.06306887,-0.05429676,-0.0009497777,0.1267211,-0.02539346,-0.01448693,0.1344425,0.001544833,-0.02868783,0.1201527,0.02737999,-0.0405468,0.08834895,0.05022669,34.59947,13.26561,13.86861,18.17426,FOUR
-0.02826766,0.06383204,-0.05486351,-0.002518766,0.1272515,-0.021835,-0.01793703,0.1337312,0.003617018,-0.03331164,0.1183811,0.02787635,-0.0450361,0.08593252,0.04965076,35.00403,12.99936,13.79346,18.17719,FOUR
-0.02914281,0.06107625,-0.05631667,-0.003575362,0.1268497,-0.02447391,-0.02060454,0.1335274,-0.0004315972,-0.03762455,0.1181142,0.02150092,-0.05013512,0.08605257,0.04270893,35.78715,12.87616,13.37336,17.96746,FOUR
-0.0308037,0.06044626,-0.0549531,-0.002680123,0.1268967,-0.02466381,-0.01945042,0.133834,-0.0001885891,-0.03685893,0.1184462,0.02173981,-0.050094,0.08621147,0.04267764,36.2101,12.97636,13.44944,18.06774,FOUR
-0.03234189,0.05940905,-0.05368212,-0.00244417,0.126731,-0.02572611,-0.01926069,0.1339442,-0.001057982,-0.03698903,0.1186697,0.02103141,-0.05088253,0.08633089,0.04160139,36.40751,13.07473,13.55079,18.09773,FOUR
-0.03298699,0.05871868,-0.04069424,-0.002288736,0.1285163,-0.006129205,-0.02523677,0.1328333,0.008984149,-0.04483343,0.1164139,0.02032354,-0.06068568,0.08337253,0.02912086,38.98327,11.72009,11.59585,16.00711,FOUR
-0.03356049,0.05768496,-0.04164064,-0.001153059,0.1287653,-0.002786934,-0.02346768,0.1335848,0.01249829,-0.04240048,0.1178626,0.0215559,-0.05773575,0.08526,0.029587,41.54858,11.46396,10.72451,15.29087,FOUR
-0.02975628,0.06095344,-0.04288006,-0.003299661,0.128773,-0.0008515716,-0.02588283,0.1328247,0.01404506,-0.04534376,0.1161398,0.02235749,-0.06143829,0.08263439,0.02842388,39.43507,11.43718,11.04281,15.81726,FOUR
-0.02986329,0.06140125,-0.04205629,-0.004177757,0.1287625,0.001487613,-0.02695677,0.132413,0.01582217,-0.04642526,0.1154571,0.02351052,-0.06270089,0.08163977,0.02821061,39.53372,11.35038,11.03453,15.89975,FOUR
-0.0308825,0.06121328,-0.04104522,-0.004872881,0.1287206,0.00284481,-0.02771477,0.1321046,0.01692721,-0.04716202,0.1149488,0.0243082,-0.0635075,0.0809353,0.0280939,39.77396,11.30176,11.04455,15.95386,FOUR
-0.03266123,0.06021106,-0.03993827,-0.00665234,0.1286096,0.003381252,-0.02972952,0.1316119,0.01689979,-0.04906419,0.1142105,0.023772,-0.06512773,0.07995677,0.0263522,39.99189,11.24919,11.02305,15.91995,FOUR
-0.03328716,0.05988973,-0.03954419,-0.007426575,0.1285656,0.003251612,-0.03060665,0.13141,0.01673144,-0.04984422,0.1139283,0.02352372,-0.06578118,0.07950288,0.02536601,39.89928,11.27564,11.0102,15.91076,FOUR
-0.0362206,0.05952948,-0.03602663,-0.01027243,0.1281087,0.007719934,-0.03358464,0.1299218,0.02166528,-0.05208958,0.1120996,0.02823213,-0.06693554,0.0775255,0.02819112,40.14789,11.3928,10.8809,15.60492,FOUR
-0.04051465,0.05603105,-0.03515276,-0.008546755,0.1285237,0.0002233982,-0.03083449,0.1312473,0.01463336,-0.05005749,0.113155,0.02256796,-0.06465941,0.07866764,0.02597523,41.00646,11.20131,11.31477,15.70128,FOUR
-0.04202502,0.0548363,-0.03238308,-0.007528938,0.128316,0.002204925,-0.03026775,0.1308942,0.01776958,-0.04768759,0.1136486,0.02948642,-0.0612119,0.07984135,0.0360845,42.07012,11.64747,11.25746,15.42322,FOUR
-0.03727941,0.05741239,-0.03652766,-0.01271625,0.1274198,-0.001047939,-0.03463584,0.1298907,0.01491931,-0.05125365,0.1123423,0.02814278,-0.06431753,0.07811093,0.03491226,38.01708,11.45262,11.4758,15.63879,FOUR
-0.03699218,0.05864465,-0.03575191,-0.01228777,0.1274525,0.0001429617,-0.03365361,0.1298855,0.01697779,-0.05014972,0.112109,0.03062743,-0.06331496,0.07791725,0.03769618,37.50819,11.48906,11.60004,15.74446,FOUR
-0.03009813,0.06000328,-0.05685186,-0.01091897,0.1262294,-0.0255543,-0.02916062,0.1320507,-0.0008539855,-0.04707316,0.1150563,0.02057195,-0.0602001,0.08107954,0.03988108,34.63111,13.32366,13.79846,18.37978,FOUR
-0.03449295,0.05999821,-0.04807031,-0.00584285,0.1271574,-0.02158895,-0.02302778,0.1333586,0.003229737,-0.04071681,0.117094,0.02450961,-0.05566358,0.08323967,0.04172069,35.39437,13.10624,13.52827,18.02538,FOUR
-0.03744783,0.05940449,-0.04521587,-0.006012544,0.1270504,-0.02193072,-0.02259196,0.1333787,0.00246501,-0.03985829,0.1173032,0.02332181,-0.05446678,0.0840897,0.0396044,35.6097,12.82441,13.23635,17.4182,FOUR
-0.03644964,0.06005424,-0.04772851,-0.00657057,0.126823,-0.02348027,-0.02273011,0.1333507,0.00136438,-0.03998572,0.1172614,0.02251014,-0.05422832,0.08413562,0.03945047,35.07547,12.91075,13.31726,17.47982,FOUR
-0.03571014,0.05974627,-0.04934633,-0.006588772,0.1265376,-0.02509147,-0.02276979,0.1333737,-0.0001620352,-0.04023485,0.1174496,0.02115586,-0.05452913,0.08449668,0.03864676,34.94827,12.97473,13.38241,17.5615,FOUR
-0.03431249,0.06517804,-0.04003426,-0.001732051,0.1282936,-0.01317751,-0.01770128,0.1334639,0.01233438,-0.03539316,0.1165351,0.03238353,-0.05215691,0.08219156,0.04764643,34.14655,13.0008,13.32523,18.30417,FOUR
-0.04070849,0.0569804,-0.0383054,-0.002609812,0.1277206,-0.01689434,-0.02082573,0.1337977,0.004153758,-0.03837817,0.1183214,0.02126548,-0.05485554,0.08572456,0.03539324,38.66636,12.04012,12.05759,17.03754,FOUR
-0.03948008,0.05430737,-0.04281083,-0.002980299,0.1274224,-0.01939684,-0.02243333,0.1339045,0.0002276003,-0.04036461,0.1188763,0.01599321,-0.05628269,0.08669952,0.02933267,39.96757,11.95007,11.67545,16.36253,FOUR
-0.03669214,0.05453882,-0.04397658,0.0005033985,0.1282996,-0.01177257,-0.02102729,0.1343151,0.005743772,-0.03979157,0.1194245,0.01838788,-0.05600392,0.08724797,0.02816519,42.63256,11.90576,11.16504,15.56505,FOUR
-0.03539063,0.05665821,-0.04216102,0.0002483949,0.1287351,-0.004551947,-0.02138052,0.1339577,0.01242098,-0.04076429,0.1183579,0.02318874,-0.05743109,0.08542794,0.03009191,42.71093,11.69326,11.15805,15.6102,FOUR
-0.03886586,0.05525419,-0.03827408,-0.00483188,0.1284114,-0.006705225,-0.02734437,0.132502,0.007928491,-0.04777111,0.1153072,0.01638332,-0.06317939,0.08171955,0.02365866,41.00474,11.4222,11.55381,15.90977,FOUR
-0.04011966,0.05528179,-0.03646064,-0.005159318,0.1284519,-0.005583853,-0.02710076,0.1323873,0.009634763,-0.04742163,0.1149316,0.01854068,-0.06302021,0.08113414,0.02563146,41.06693,11.35371,11.64865,16.09131,FOUR
-0.03558658,0.05699986,-0.04330283,-0.007020906,0.127915,-0.01318774,-0.02703269,0.1330635,0.004704565,-0.04479757,0.1171249,0.01916865,-0.0593957,0.08404818,0.03156283,38.00562,11.45465,11.54755,16.25555,FOUR
-0.03543144,0.05828694,-0.0436801,-0.006371349,0.128136,-0.01242003,-0.02556811,0.1333196,0.007701129,-0.04280335,0.1172906,0.02419469,-0.05764183,0.08373827,0.03708529,37.9114,11.87569,11.94438,16.6379,FOUR
-0.03367478,0.06001064,-0.04613641,-0.004712477,0.1284397,-0.01256806,-0.02396499,0.1334357,0.009493649,-0.04167917,0.1169488,0.02764434,-0.05718528,0.08275053,0.04130784,37.8659,12.53438,12.65014,17.33235,FOUR
-0.03212302,0.06139517,-0.04887006,-0.007676288,0.1286781,-0.01039577,-0.0277956,0.1321833,0.01342419,-0.04678955,0.1137371,0.0321475,-0.06254688,0.0776234,0.04556122,37.88278,13.31174,13.66787,18.40748,FOUR
-0.03569426,0.06266034,-0.04631329,-0.01592742,0.1280692,-0.007275581,-0.03653471,0.1290827,0.01813525,-0.05581212,0.1077624,0.03566349,-0.07044644,0.06909135,0.04748094,36.28217,13.96253,14.25508,19.32428,FOUR
-0.03643401,0.0659571,-0.04130656,-0.01561823,0.1276896,-0.006017298,-0.0377659,0.1276953,0.01889727,-0.05838358,0.1054236,0.03319979,-0.07425625,0.06623486,0.04277107,33.39076,14.33509,14.2562,19.79935,FOUR
-0.03056338,0.07601252,-0.03177929,-0.01299495,0.1224957,-0.008318812,-0.03685147,0.1230616,0.01277325,-0.05841881,0.1009661,0.01992726,-0.0743337,0.06428328,0.02084467,23.18993,14.26314,13.85414,18.88677,FOUR
-0.02779386,0.07980451,-0.03080261,-0.01389747,0.1120806,-0.02303281,-0.03752185,0.1157805,-0.006213874,-0.05647141,0.09474033,-0.002327114,-0.06778189,0.06168294,-0.0006338656,14.43062,13.80107,12.94645,16.91716,FOUR
-0.02999878,0.07590491,-0.03873685,-0.01601423,0.1107401,-0.03149277,-0.03950482,0.1155171,-0.01378793,-0.05751597,0.09550917,-0.007080257,-0.0683315,0.06216821,-0.003498942,15.77409,13.96517,12.44946,16.68992,FOUR
-0.02612527,0.07129768,-0.04899943,-0.01404981,0.1161745,-0.03313899,-0.0366137,0.1222602,-0.01156151,-0.05749393,0.1017478,-0.001767844,-0.07271488,0.06754655,0.007684529,20.81409,14.32498,13.48396,18.4041,FOUR
-0.02906919,0.06835079,-0.04931942,-0.01454619,0.1150702,-0.03682205,-0.03623734,0.122846,-0.01391137,-0.05712475,0.1032788,-0.002213627,-0.07317624,0.06823751,0.007799566,21.3668,14.54459,13.4938,18.86688,FOUR
-0.03102961,0.06634325,-0.0488902,-0.01391993,0.114787,-0.03877005,-0.03564971,0.1235257,-0.01517159,-0.05677928,0.1045092,-0.002905965,-0.0735447,0.06880584,0.006684035,22.20633,14.81081,13.47959,19.10175,FOUR
-0.03263908,0.06479284,-0.04866579,-0.01402648,0.1146348,-0.04005015,-0.03567614,0.1239105,-0.0158883,-0.056872,0.1051486,-0.003136635,-0.07393505,0.06914234,0.006541848,22.93589,14.98091,13.48838,19.21805,FOUR
-0.03622681,0.06226459,-0.04643762,-0.01309335,0.1169277,-0.03852129,-0.03483154,0.1259851,-0.01287702,-0.05621861,0.1077135,0.0009185374,-0.07447137,0.07091889,0.009965867,25.91826,15.31801,13.52209,19.48615,FOUR
-0.03817535,0.06098872,-0.04546359,-0.01236046,0.1188715,-0.03656653,-0.0349947,0.1262918,-0.0125235,-0.05617305,0.1082334,0.001822561,-0.07444014,0.07153094,0.01123697,28.09229,14.86296,13.4946,19.42266,FOUR
-0.03998245,0.05558458,-0.04757604,-0.008700043,0.1271004,-0.02360141,-0.0329579,0.1309211,-0.002661318,-0.05443216,0.1125409,0.01273823,-0.07371537,0.07485718,0.02251139,37.80294,13.81103,13.57668,19.54279,FOUR
-0.03405268,0.05140176,-0.04895675,0.001277026,0.1286094,-0.01860067,-0.02296295,0.1341732,-2.345443E-05,-0.04824444,0.116648,0.01369902,-0.06890174,0.08112222,0.02361345,43.03962,13.13463,14.16365,18.72184,FOUR
-0.03306572,0.0507592,-0.04978651,0.004333105,0.1282859,-0.0213342,-0.02042474,0.1345792,-0.003429204,-0.04657823,0.117673,0.009701133,-0.06803761,0.08263114,0.01958111,43.25845,13.20273,14.20529,18.69831,FOUR
-0.03048751,0.04067388,-0.05795497,0.0143743,0.1272572,-0.02396376,-0.01488516,0.1344305,-0.01606646,-0.04295651,0.1201073,-0.006304622,-0.06581452,0.08756375,0.003078461,52.41113,13.18048,13.88357,17.80652,FOUR
-0.03018051,0.0380317,-0.05823697,0.01620077,0.1262106,-0.02805816,-0.01185898,0.1340224,-0.0209455,-0.04117373,0.1203849,-0.01082146,-0.06575635,0.08791167,-0.001331568,53.00484,12.67356,14.29018,18.36787,FOUR
-0.03085993,0.03689852,-0.05779444,0.01817562,0.1253264,-0.03056389,-0.009570181,0.1335537,-0.02371961,-0.03923597,0.1206143,-0.01294206,-0.064432,0.08865935,-0.002885729,53.47689,12.58912,14.41518,18.45821,FOUR
-0.03421758,0.03752673,-0.05523974,0.02056219,0.1238478,-0.03465396,-0.005961508,0.1333266,-0.02554041,-0.03502233,0.1217858,-0.01225013,-0.06068664,0.09106155,0.0003939122,53.16898,12.54168,14.35954,18.51864,FOUR
-0.03584941,0.03963475,-0.05396172,0.02177965,0.1236954,-0.03515568,-0.003830463,0.134039,-0.02347229,-0.03219298,0.1232838,-0.007548302,-0.05814295,0.09298658,0.007542878,52.58118,12.68548,14.46463,18.85145,FOUR
-0.03594371,0.04085767,-0.05401871,0.02055451,0.1244905,-0.03333139,-0.004966959,0.1347687,-0.02005559,-0.03309721,0.1235266,-0.003468573,-0.0587663,0.09263748,0.01182222,52.09146,12.90701,14.57122,18.9957,FOUR
-0.03595846,0.04206914,-0.05422133,0.02023152,0.1248199,-0.0327573,-0.005188003,0.1355038,-0.0164391,-0.03363589,0.1237791,0.0006630421,-0.0594133,0.09209549,0.01571324,51.50254,13.53383,14.84681,19.24208,FOUR
-0.03615487,0.04241063,-0.05425978,0.01954745,0.1246061,-0.03402433,-0.005308904,0.1354627,-0.01676774,-0.03358354,0.1237441,0.0009151697,-0.05921641,0.09207407,0.01685131,50.78672,13.58112,14.90915,19.37779,FOUR
-0.03846879,0.04750901,-0.05215742,0.01069861,0.1223164,-0.04339953,-0.007946171,0.1343815,-0.02003199,-0.03040216,0.1235145,0.004323453,-0.05164967,0.09337327,0.02845165,42.92202,13.67442,14.72423,19.7797,FOUR
-0.03693113,0.04943162,-0.05408162,0.007797223,0.1231457,-0.04132645,-0.01017838,0.1346221,-0.01694411,-0.03131284,0.1232193,0.008344024,-0.05187637,0.09221092,0.03232542,41.19403,13.74489,14.74133,19.8679,FOUR
-0.03607685,0.05104388,-0.05417669,0.007067263,0.1237939,-0.03918044,-0.01042135,0.1348664,-0.01428643,-0.03078767,0.1231574,0.01146173,-0.05091305,0.0917815,0.03521302,40.43938,13.74029,14.7431,19.82592,FOUR
-0.03091896,0.0550262,-0.05757731,0.005100988,0.122868,-0.04056481,-0.00893854,0.1347886,-0.01414564,-0.02783871,0.1234201,0.01208809,-0.04680976,0.09277871,0.0360103,36.09956,13.67456,14.49205,19.34323,FOUR
-0.01183419,0.08257571,-0.03234321,-0.01504681,0.1238255,0.008496821,-0.02318892,0.1256715,0.03606233,-0.03550892,0.104997,0.05579495,-0.04977439,0.06908929,0.06279165,25.1179,12.35832,13.36889,17.442,FOUR
-0.01298974,0.08011636,-0.04233575,-0.01392749,0.1262978,0.002771854,-0.02441446,0.1282665,0.02951902,-0.03828797,0.1076148,0.05023408,-0.0518875,0.07134128,0.06064034,28.93327,12.31859,13.80892,17.90945,FOUR
-0.01190796,0.07796818,-0.04242593,-0.01372051,0.1274331,0.002210051,-0.02424455,0.1291801,0.03203389,-0.03924849,0.1085771,0.05126852,-0.05271102,0.07179597,0.06236055,29.36507,13.46197,13.46368,18.02041,FOUR
-0.01320346,0.07766679,-0.04290158,-0.01349162,0.1270936,-5.012751E-05,-0.02369145,0.129391,0.03055072,-0.03864045,0.10913,0.05011585,-0.05293435,0.07243845,0.06115711,28.75454,13.7788,13.47332,18.15471,FOUR
-0.03007674,0.0653317,-0.05072537,-0.01042031,0.1247328,-0.02500045,-0.02189802,0.1327231,0.004218727,-0.03675695,0.116926,0.02782702,-0.05180558,0.08281565,0.04696041,29.98031,13.86559,13.59965,18.82087,FOUR
-0.03106311,0.06452668,-0.05025029,-0.008734643,0.1246435,-0.02632093,-0.02012827,0.1331016,0.002877712,-0.03538341,0.1176776,0.02663562,-0.05092356,0.08392003,0.04597476,30.38444,13.89032,13.64512,18.80082,FOUR
-0.03368093,0.06179672,-0.05079085,-0.007149197,0.1238551,-0.03118259,-0.01908384,0.1332194,-0.002601922,-0.03514819,0.1185949,0.02165917,-0.05086661,0.08574158,0.04195055,31.38156,13.85739,13.8226,18.70567,FOUR
-0.03879186,0.05976084,-0.04821792,0.0001121014,0.123113,-0.03775775,-0.01334456,0.1335946,-0.009612083,-0.0329737,0.1194847,0.01284486,-0.05317109,0.08554116,0.02803653,34.09933,14.13188,13.9466,18.78707,FOUR
-0.04972301,0.05565229,-0.02742693,0.00254181,0.1222482,-0.0372884,-0.01276326,0.1323819,-0.01268312,-0.03223583,0.1190063,0.007309943,-0.05216658,0.08611214,0.0224863,40.75176,13.24879,13.07854,18.3476,FOUR
-0.04688587,0.05833519,-0.03242844,-0.001141138,0.1222488,-0.03634167,-0.01677633,0.1317913,-0.01129478,-0.03542608,0.1180131,0.009360403,-0.05453948,0.08489025,0.02515522,36.49127,13.42459,13.18727,18.50278,FOUR
-0.04507256,0.05913305,-0.03567171,-0.001960732,0.1220305,-0.03644353,-0.01842713,0.1313315,-0.01136932,-0.03705955,0.1174414,0.009576678,-0.05596188,0.08453882,0.02587092,34.99849,13.61988,13.33828,18.58918,FOUR
-0.0444327,0.0592273,-0.03421538,-0.001673512,0.1216216,-0.03597391,-0.01867599,0.1310069,-0.01139012,-0.03716157,0.1175179,0.009703159,-0.05653474,0.08490035,0.02545509,34.67277,13.6074,13.32533,18.51077,FOUR
-0.04808782,0.05721027,-0.0299066,-0.004800692,0.1195749,-0.03916873,-0.02106317,0.1295488,-0.01484445,-0.03793811,0.1168545,0.006769419,-0.05551322,0.08578223,0.02551821,35.5855,13.48873,12.98597,18.30575,FOUR
-0.04847012,0.05678326,-0.03179303,-0.005629584,0.1197841,-0.03967303,-0.02161202,0.1298425,-0.01431829,-0.03908561,0.1164891,0.007036299,-0.05650581,0.08503622,0.02655748,35.57874,13.77704,13.13419,18.65911,FOUR
-0.04239582,0.05857363,-0.04362249,-0.008372258,0.1212105,-0.03778377,-0.02487211,0.130711,-0.01011571,-0.04356483,0.1157438,0.01151314,-0.06166193,0.08176136,0.02879956,32.09288,14.5534,13.79364,19.15674,FOUR
-0.02773836,0.0610975,-0.06013179,-0.015156,0.1220598,-0.03331622,-0.03185271,0.1304688,-0.00279054,-0.05090655,0.1131135,0.01973799,-0.06723405,0.07730407,0.03638509,30.61265,15.42832,14.64025,19.33945,FOUR
-0.01730424,0.08035672,-0.02939218,-0.02303525,0.1193651,-0.00563398,-0.0387297,0.122281,0.02548823,-0.05536226,0.101479,0.04205641,-0.06924756,0.06496456,0.04935187,17.06467,15.38748,13.7616,18.24334,FOUR
-0.02033295,0.08304232,-0.002148449,-0.01593355,0.1121771,0.003879726,-0.03052672,0.1160345,0.03571808,-0.04658321,0.09716961,0.04560867,-0.06172366,0.06447771,0.05096808,6.61432,16.01686,12.04231,17.58677,FOUR
-0.02574272,0.08193979,-0.001303464,-0.01525392,0.1054696,-0.009850025,-0.03034075,0.1137449,0.01684958,-0.04563073,0.09820855,0.02630863,-0.05963261,0.06852952,0.02988234,10.1992,15.00006,11.24318,16.13604,FOUR
-0.03518396,0.07650831,-0.02292907,-0.01431258,0.1092981,-0.03265685,-0.03173141,0.1176836,-0.007990718,-0.04748088,0.1028614,0.00617376,-0.06048855,0.07137662,0.01384872,16.62273,14.79027,11.87189,16.30281,FOUR
-0.02778103,0.06670192,-0.05363378,-0.001613006,0.1279342,-0.01817545,-0.01249416,0.1346053,0.01250589,-0.02970476,0.1176195,0.03608015,-0.04590781,0.08290026,0.05493444,34.76465,14.12966,14.23987,19.14461,FOUR
-0.02853535,0.06682798,-0.04748333,-0.004811451,0.1262313,-0.01945478,-0.01599507,0.1334337,0.01023576,-0.03253854,0.1169463,0.03415599,-0.04923101,0.08213562,0.05198458,31.13082,13.90732,14.22625,19.11024,FOUR
-0.0290669,0.06753722,-0.04803815,-0.005847111,0.1261923,-0.02028152,-0.01740617,0.1332121,0.01022953,-0.03414081,0.1163805,0.03399515,-0.05091714,0.08106029,0.05245116,30.65446,14.29657,14.29663,19.56187,FOUR
-0.02933889,0.06792042,-0.04702535,-0.005621299,0.1263661,-0.01965544,-0.01831032,0.1330162,0.01090354,-0.03587603,0.1158005,0.03360602,-0.0532328,0.08015206,0.05156201,30.47164,14.47077,14.2366,19.76223,FOUR
-0.03178845,0.06916645,-0.03954923,-0.008463293,0.1274174,-0.008076131,-0.02241065,0.1313388,0.02030045,-0.0404585,0.1123555,0.03965011,-0.05781463,0.07534885,0.05295148,31.07043,13.61093,13.81008,19.41179,FOUR
-0.01124025,0.08771402,-0.02985772,-0.01056851,0.120585,0.00777927,-0.02499723,0.1213296,0.03276667,-0.04320946,0.1000534,0.047252,-0.06100221,0.06420386,0.05071783,22.44769,12.91442,14.01931,19.09348,FOUR
-0.01561262,0.08968529,-0.02005112,-0.01512299,0.105959,-0.003550291,-0.02471444,0.1168671,0.02798265,-0.04312115,0.09632671,0.03819746,-0.05845719,0.06040716,0.02939868,10.66409,15.55252,13.45511,18.78953,FOUR
-0.01833156,0.0873751,-0.02392954,-0.01400997,0.1085305,-0.00895676,-0.02445595,0.119533,0.02313679,-0.04351357,0.09938377,0.03305605,-0.0599294,0.06318384,0.02552935,11.23203,15.97564,13.26568,19.01096,FOUR
-0.02293896,0.08433568,-0.02827308,-0.0168239,0.1113481,-0.01290819,-0.02652889,0.1220154,0.02109006,-0.04514493,0.1017281,0.03309262,-0.06273781,0.06548068,0.0295445,13.09244,16.53622,13.32293,18.99488,FOUR
-0.02309005,0.08349743,-0.02687106,-0.01178437,0.1161725,-0.008577973,-0.02425377,0.1229775,0.02165487,-0.04386525,0.1030035,0.03246722,-0.0620453,0.06816295,0.0355916,16.11124,14.98847,13.23236,18.87485,FOUR
-0.02781595,0.07932541,-0.03057483,-0.01123471,0.1163401,-0.01837119,-0.02911752,0.1213601,0.00316152,-0.04847619,0.1019053,0.01248926,-0.06418922,0.06897852,0.01942945,17.32786,13.07628,12.87195,18.08209,FOUR
-0.03290313,0.0752371,-0.0332202,-0.01343413,0.1175617,-0.02253482,-0.0320354,0.1223725,-0.0009896457,-0.05121921,0.1030345,0.009960443,-0.06670567,0.06908175,0.01852861,19.85703,13.13072,12.92859,18.3848,FOUR
-0.03613558,0.07188305,-0.03665572,-0.01525938,0.119057,-0.0249114,-0.03354587,0.1242845,-0.001594394,-0.05267237,0.1051447,0.01161408,-0.06853342,0.06969595,0.02093855,22.36853,13.46426,13.12534,18.82354,FOUR
-0.03767908,0.06947756,-0.03948376,-0.01616926,0.1209841,-0.02467641,-0.03387751,0.1263404,0.0008645058,-0.05252668,0.1075201,0.01665586,-0.06914225,0.07095638,0.02678972,24.7792,13.90876,13.33027,19.23842,FOUR
-0.03951913,0.05887353,-0.0497565,-0.01727914,0.1235512,-0.03045863,-0.03524517,0.129802,-0.003102064,-0.05362677,0.1118772,0.01717094,-0.07034152,0.07478166,0.03161809,31.62278,14.3144,13.8787,19.51907,FOUR
-0.03880055,0.05727193,-0.05183756,-0.01591213,0.1248999,-0.02928892,-0.03426804,0.1308435,-0.001955062,-0.0530229,0.1128485,0.01880381,-0.06973922,0.07564852,0.03383875,33.77387,14.29863,14.06212,19.53982,FOUR
-0.03516746,0.05633691,-0.05560821,-0.01193854,0.127101,-0.0248394,-0.03090807,0.132461,0.002028942,-0.05087784,0.1139799,0.02286828,-0.06756629,0.07694462,0.03817028,37.29645,14.15757,14.44315,19.39532,FOUR
-0.03740646,0.05576798,-0.0556621,-0.01223058,0.12455,-0.03205913,-0.03001903,0.1314929,-0.004991055,-0.04935369,0.1139659,0.01738033,-0.06478585,0.07855153,0.03642631,35.3745,14.18921,14.57947,19.50862,FOUR
-0.03914718,0.05599782,-0.05459371,-0.01293415,0.1231433,-0.03554419,-0.0288178,0.1314902,-0.006924361,-0.04736408,0.1147852,0.01649189,-0.06337029,0.07931685,0.03519195,33.97849,14.49533,14.5339,19.51606,FOUR
-0.0445479,0.05692565,-0.04602093,-0.01166757,0.1220453,-0.03768924,-0.02361586,0.1323904,-0.007023424,-0.04120224,0.1168853,0.01690844,-0.05896132,0.08146775,0.03347665,33.15414,14.82036,14.20902,19.23235,FOUR
-0.05209993,0.05545673,-0.02985653,-0.01134764,0.1202811,-0.04070148,-0.0224678,0.1312026,-0.01124617,-0.03673251,0.1180286,0.01394507,-0.05224348,0.08561444,0.03548548,35.56438,14.42198,13.56542,18.9261,FOUR
-0.05227268,0.05527765,-0.03007546,-0.01171153,0.1199823,-0.04162252,-0.02249251,0.1311889,-0.01191756,-0.03648137,0.1182149,0.01360041,-0.0516229,0.08605561,0.03598368,35.47821,14.50842,13.58753,18.99986,FOUR
-0.05164181,0.05565912,-0.03142059,-0.01095531,0.1199028,-0.04288435,-0.02077278,0.1316963,-0.01261467,-0.03463728,0.1190301,0.01336828,-0.04957986,0.08726439,0.03692937,35.15347,14.65963,13.64457,19.12975,FOUR
-0.04264604,0.05518469,-0.05006364,-0.005364083,0.1207989,-0.04473987,-0.01647042,0.1331209,-0.01479834,-0.0334095,0.1205371,0.01217654,-0.0501288,0.08872566,0.03647888,34.38268,14.67673,14.54356,19.61152,FOUR
-0.04213063,0.05550528,-0.05024999,-0.005149491,0.1208996,-0.04430753,-0.01630418,0.133153,-0.01434451,-0.03336734,0.1204768,0.0125562,-0.05024413,0.08858255,0.03670487,34.22527,14.68477,14.56535,19.64211,FOUR
-0.04112502,0.05624431,-0.05030411,-0.005145743,0.1211656,-0.04309887,-0.01657051,0.1331259,-0.01329872,-0.03370279,0.1202204,0.01333001,-0.05074137,0.08812973,0.03702909,33.76855,14.62486,14.53583,19.63965,FOUR
-0.04032562,0.05763683,-0.04750386,-0.005748697,0.1217448,-0.03991559,-0.01802565,0.1329018,-0.01103929,-0.03562351,0.1192843,0.01388231,-0.05316557,0.08665904,0.03494713,32.85296,14.29709,14.19596,19.21621,FOUR
-0.04091458,0.05687654,-0.04558218,-0.006536849,0.1227583,-0.03661123,-0.02007002,0.1328934,-0.008851469,-0.03851506,0.1183496,0.01427698,-0.05623879,0.08498827,0.03232652,33.71376,13.92324,13.96887,18.71125,FOUR
-0.03785806,0.0574708,-0.05249196,-0.01117895,0.1234107,-0.03412375,-0.02569823,0.1323179,-0.005520642,-0.04433433,0.1162,0.01764223,-0.06130322,0.08112022,0.03378451,33.21632,14.2543,14.3494,18.81216,FOUR
-0.03200001,0.05857882,-0.05931872,-0.01099108,0.1240012,-0.03313869,-0.02699872,0.1321895,-0.004579067,-0.04641275,0.1154311,0.01854882,-0.06324549,0.07998955,0.03602871,33.60295,14.45369,14.67477,19.33084,FOUR
-0.0307821,0.05914235,-0.0600096,-0.01009062,0.1243335,-0.03244352,-0.02637795,0.1323704,-0.00376001,-0.04606427,0.1155055,0.01931319,-0.06309592,0.07999229,0.0371412,33.77222,14.54134,14.7508,19.50487,FOUR
-0.02843422,0.06262285,-0.05853692,-0.01123401,0.1252637,-0.02695403,-0.02628808,0.1323566,0.0030756,-0.04473473,0.1147826,0.02632493,-0.06038171,0.07898125,0.04520881,33.00703,14.71169,14.66985,19.64931,FOUR
-0.02755594,0.0638012,-0.05781984,-0.01209891,0.1254083,-0.0252488,-0.02691226,0.1321055,0.004823923,-0.04492053,0.1142823,0.02783418,-0.06006716,0.07842478,0.04634449,32.5266,14.65281,14.55666,19.49848,FOUR
-0.02713677,0.06451762,-0.05736688,-0.01256387,0.1255064,-0.0240947,-0.02721012,0.1319521,0.00608322,-0.04502075,0.1139314,0.02895105,-0.05998685,0.07795525,0.0471507,32.32252,14.64376,14.51778,19.45094,FOUR
-0.03168987,0.06191516,-0.05521703,-0.013587,0.124093,-0.02920672,-0.02846644,0.1316676,0.0009642243,-0.04675445,0.1141779,0.02390632,-0.06270234,0.07825351,0.04211241,31.31903,14.80472,14.54362,19.63926,FOUR
-0.03176211,0.05927423,-0.05834815,-0.01393706,0.1246423,-0.03018177,-0.03206573,0.1310701,-0.001836479,-0.05100452,0.1132619,0.0205394,-0.06659645,0.07703653,0.03918764,33.36871,14.68973,14.5827,19.78086,FOUR
-0.0312669,0.05808312,-0.05956787,-0.0132242,0.1251959,-0.02995014,-0.03265093,0.1311623,-0.002595842,-0.05221404,0.1131809,0.01935634,-0.06785484,0.07690632,0.03791237,34.58281,14.58686,14.63144,19.75065,FOUR
-0.03133427,0.05653203,-0.06171539,-0.01136146,0.124919,-0.03223228,-0.02765797,0.1326753,-0.00425154,-0.04572693,0.1163615,0.02028131,-0.0604676,0.08162621,0.04117993,35.63066,14.1901,14.63638,19.35968,FOUR
-0.03077726,0.05458823,-0.06191954,-0.01255208,0.1238935,-0.03484535,-0.02752107,0.1324552,-0.009651333,-0.04197555,0.1186868,0.01561013,-0.05348834,0.08707386,0.03795514,35.21598,12.95055,13.56349,17.72432,FOUR
-0.02877108,0.05160344,-0.06215078,-0.01541774,0.122714,-0.03610164,-0.02891055,0.1320095,-0.01538843,-0.03951865,0.1205413,0.007323533,-0.04605632,0.09236112,0.02953199,35.27428,11.01839,11.38261,15.09544,FOUR
-0.01123916,0.04973119,-0.06020901,-0.01452686,0.1222583,-0.03075552,-0.02596886,0.1328469,-0.01964238,-0.03143045,0.1234817,-0.005306721,-0.03285311,0.09773481,0.01509023,36.04728,7.137018,6.689293,11.53726,FOUR
-0.007512577,0.0491116,-0.05983901,-0.0153325,0.1216258,-0.03124282,-0.02514604,0.1330667,-0.01990151,-0.03062982,0.1237749,-0.00673458,-0.03326729,0.09793308,0.01418054,36.02099,6.865157,6.213187,11.86712,FOUR
-0.007886976,0.04868227,-0.06073269,-0.01520058,0.1214966,-0.03243443,-0.02509981,0.1329696,-0.02051535,-0.03096419,0.1237139,-0.006826371,-0.03409157,0.09794992,0.01446593,36.12447,7.124473,6.48519,12.13973,FOUR
-0.008701511,0.04781827,-0.06255212,-0.01400705,0.1214732,-0.03510025,-0.02478971,0.1327096,-0.02233285,-0.03186855,0.123488,-0.007032275,-0.03564052,0.09794089,0.014763,36.25779,7.687505,7.337086,12.49916,FOUR
-0.01003739,0.04679057,-0.06348515,-0.01278708,0.1208372,-0.03814554,-0.02334205,0.1324295,-0.0252322,-0.03065573,0.1236575,-0.008814484,-0.0340518,0.0987578,0.01365292,35.87836,7.807659,7.722657,12.4883,FOUR
-0.01114831,0.04832199,-0.06237897,-0.01162134,0.1215384,-0.03619894,-0.02194384,0.1330101,-0.02292088,-0.02907496,0.1240934,-0.006414056,-0.03242587,0.09894139,0.01577479,35.51147,7.847555,7.758965,12.51429,FOUR
-0.01240189,0.04982606,-0.06104183,-0.01079757,0.1221423,-0.03441253,-0.02076316,0.1334754,-0.02075604,-0.02756226,0.1244174,-0.004121691,-0.0306129,0.09905502,0.01785988,35.01057,7.866466,7.782177,12.52694,FOUR
-0.01973373,0.05265397,-0.0576705,-0.008292399,0.1225499,-0.03442451,-0.01563908,0.1341513,-0.01878032,-0.02031411,0.1254595,-4.014373E-05,-0.0226189,0.100128,0.02178556,33.15808,8.202983,8.296543,12.50188,FOUR
-0.02707994,0.05103052,-0.05601621,-0.003753737,0.1214087,-0.04014462,-0.01034577,0.1339319,-0.02326146,-0.01447425,0.1265433,-0.001436085,-0.01795076,0.1021075,0.02217084,33.8844,8.844312,9.414756,13.1692,FOUR
-0.02825154,0.05099627,-0.05535081,-0.002879433,0.1210916,-0.04147387,-0.008754417,0.1339161,-0.02397031,-0.01288698,0.1267619,-0.00141564,-0.0164131,0.1025211,0.02283126,33.80506,9.070646,9.710008,13.44124,FOUR
-0.02997997,0.05250883,-0.05342323,-0.001714908,0.1210672,-0.04207635,-0.00662031,0.1341785,-0.0225457,-0.01128719,0.1269132,0.001268059,-0.01593725,0.1024137,0.02621391,33.17695,9.830934,10.34418,14.12265,FOUR
-0.0316928,0.05291626,-0.05189434,-0.002962075,0.1209215,-0.04251212,-0.007589787,0.1341282,-0.02210298,-0.01210723,0.1267831,0.002106994,-0.01683718,0.1021432,0.02733395,32.68053,10.17773,10.52486,14.37082,FOUR
-0.03280634,0.05350977,-0.05027595,-0.003467724,0.120911,-0.0424369,-0.007669345,0.1341445,-0.02159682,-0.01167417,0.1267539,0.002648652,-0.01612415,0.1020675,0.02789855,32.26274,10.32238,10.51197,14.39202,FOUR
-0.0338412,0.05363819,-0.05010596,-0.00373102,0.1208481,-0.04280585,-0.007461488,0.1341888,-0.02120811,-0.01138229,0.1267738,0.003483802,-0.01602998,0.1019133,0.02885318,32.39764,10.61723,10.71263,14.55023,FOUR
-0.0325361,0.05085275,-0.05537555,-0.001803041,0.119281,-0.04659423,-0.004364282,0.1333764,-0.02697754,-0.00695423,0.127014,-0.003898144,-0.008938044,0.1038259,0.02158356,33.93568,9.952875,9.753909,13.57332,FOUR
-0.03535169,0.05258054,-0.05271566,-0.002357669,0.1190266,-0.04753819,-0.003929988,0.1331844,-0.02686644,-0.005301274,0.1272241,-0.001540989,-0.007622808,0.1039284,0.02538577,33.13235,10.38107,10.72895,14.49561,FOUR
-0.03598497,0.05328006,-0.05162597,-0.003216967,0.1191244,-0.04729736,-0.004791066,0.1332108,-0.0261372,-0.006073579,0.1271885,-0.0002531111,-0.00854487,0.1037157,0.02713352,32.61672,10.56546,11.00047,14.85646,FOUR
-0.04330817,0.05852002,-0.02297556,-0.008737475,0.1147809,-0.05547656,-0.006007783,0.1307743,-0.03138837,-0.005130045,0.1264723,-0.0001420081,-0.007708117,0.1037602,0.03317764,30.90718,12.35429,13.42226,17.85129,FOUR
-0.04405615,0.05712005,-0.02210853,-0.009823207,0.1146041,-0.05539703,-0.008106042,0.1304859,-0.03179824,-0.006565902,0.12649,-0.0007506311,-0.008464135,0.1040394,0.03251928,31.60538,12.1118,13.34313,17.72071,FOUR
-0.04395987,0.05701464,-0.02236083,-0.01001732,0.1145622,-0.05524197,-0.008048456,0.1305283,-0.03168589,-0.006688923,0.1264802,-0.0006886721,-0.008684471,0.1040154,0.03260332,31.42208,12.11715,13.31749,17.74172,FOUR
-0.04479244,0.05631927,-0.02872026,-0.009780198,0.1185332,-0.04747131,-0.01059373,0.1327997,-0.02147722,-0.01300803,0.1258414,0.008635432,-0.01687225,0.1006843,0.03958368,31.30863,12.60138,13.1311,17.64111,FOUR
-0.04396124,0.05628765,-0.0316498,-0.008461669,0.1189831,-0.04685357,-0.01015468,0.1330552,-0.0205965,-0.01303931,0.1258464,0.009601623,-0.01765792,0.1003549,0.04027179,31.32376,12.67345,13.20499,17.67071,FOUR
-0.03994034,0.0538851,-0.04422829,-0.007831294,0.1191601,-0.04688641,-0.0120827,0.1330072,-0.02159172,-0.01602353,0.1258508,0.00793615,-0.02148631,0.1003787,0.03733397,31.29731,12.3299,12.92792,17.06805,FOUR
-0.03594853,0.05216685,-0.05212647,-0.007516801,0.1193387,-0.04630324,-0.0128545,0.1330461,-0.022387,-0.01700231,0.1261103,0.005893081,-0.02282755,0.100849,0.03373179,32.12399,11.80469,12.34838,16.19943,FOUR
-0.0244171,0.0504593,-0.05757543,-0.006525379,0.1209919,-0.0403437,-0.01521702,0.1331325,-0.02416915,-0.02061932,0.1254351,-0.003383636,-0.02520036,0.1006989,0.01839471,33.19748,8.839713,9.138134,12.48919,FOUR
-0.02335372,0.05008581,-0.05807844,-0.006359003,0.1209153,-0.04051015,-0.01511274,0.1330671,-0.02490762,-0.02072678,0.1253323,-0.004666358,-0.02505917,0.1007146,0.01702657,33.27821,8.640656,8.913744,12.29906,FOUR
-0.02125814,0.04853749,-0.06068715,-0.006274052,0.1213524,-0.03949338,-0.01552426,0.1332708,-0.02502128,-0.02270779,0.1247559,-0.006673574,-0.02639862,0.1003174,0.01653028,35.11639,8.252167,8.383892,12.84841,FOUR
-0.02327688,0.05031049,-0.05667722,-0.003969029,0.1219188,-0.03837496,-0.01350249,0.1339368,-0.02302313,-0.02098686,0.1253191,-0.004895151,-0.02534367,0.1005906,0.01845369,34.03706,8.629624,8.374307,13.13077,FOUR
-0.02189695,0.05025902,-0.05637661,-0.007616729,0.1222598,-0.03532448,-0.01849414,0.1335659,-0.02171311,-0.02583176,0.124479,-0.004873097,-0.0300052,0.09912142,0.01712835,34.08609,8.116241,7.932415,12.65873,FOUR
-0.0215207,0.04940295,-0.05780476,-0.008279085,0.1219221,-0.03597316,-0.01949248,0.1332118,-0.02306452,-0.02681048,0.1241988,-0.006576657,-0.03154039,0.09875843,0.01498917,34.65615,7.957788,7.768495,12.47552,FOUR
-0.02156805,0.04871342,-0.05856061,-0.008072831,0.1216384,-0.03591263,-0.01932733,0.1330289,-0.02446508,-0.02613669,0.1242503,-0.008798361,-0.03172277,0.09852198,0.01150554,35.38492,7.489674,7.291726,11.90576,FOUR
-0.0221202,0.04880157,-0.05829918,-0.008008063,0.1217164,-0.03517717,-0.01912576,0.1331175,-0.02423474,-0.02557342,0.1243679,-0.008927673,-0.03127733,0.09844208,0.01075903,35.65376,7.274054,7.072546,11.6341,FOUR
-0.02281995,0.04891375,-0.05759063,-0.008166701,0.121885,-0.03427851,-0.0194768,0.1331693,-0.02379358,-0.02588645,0.1242931,-0.009001225,-0.03189211,0.09808099,0.01006755,35.79981,7.143667,6.878743,11.47537,FOUR
-0.02442509,0.04841456,-0.05666897,-0.007249974,0.1229656,-0.02798524,-0.02196381,0.1330416,-0.02116764,-0.03058606,0.123016,-0.0103209,-0.0390774,0.09544384,0.004408628,38.84721,7.053326,6.241208,10.9211,FOUR
-0.03856606,0.04868296,-0.04341316,-0.0006147921,0.1265421,-0.01725769,-0.01979964,0.1346734,-0.006526172,-0.0341342,0.1225545,0.004421145,-0.04632418,0.09307411,0.01409552,44.24028,9.486387,8.615752,12.27268,FOUR
-0.05574434,0.03689039,-0.02836552,0.0103459,0.127106,-0.02725631,-0.01334982,0.1349988,-0.005711347,-0.04107162,0.1186916,0.009486139,-0.06450813,0.0843423,0.02363679,58.94164,14.0482,15.02225,19.88894,FOUR
-0.05578341,0.03665128,-0.02728909,0.01095894,0.1267297,-0.02891898,-0.01244248,0.1349141,-0.007346094,-0.04046088,0.1187345,0.008384973,-0.06378779,0.08474663,0.02368608,59.15694,14.00697,15.20913,19.97048,FOUR
-0.05556405,0.03703123,-0.02671492,0.01118968,0.1267764,-0.02863541,-0.01189055,0.1349646,-0.00726065,-0.03979545,0.1188686,0.008422673,-0.06295493,0.08515626,0.02374315,58.95804,13.8503,15.13653,19.81716,FOUR
-0.05304532,0.04230648,-0.02685192,0.01126822,0.1264665,-0.02845711,-0.009235173,0.1352487,-0.00695616,-0.03342389,0.120917,0.01085347,-0.05422166,0.08959043,0.029266,54.47668,13.16338,13.97056,18.77799,FOUR
-0.04572916,0.0541251,-0.04094934,0.01085088,0.1207776,-0.04803193,-0.0009668618,0.1343676,-0.01970363,-0.01794098,0.124957,0.009453416,-0.03573956,0.09629577,0.037209,41.39241,14.30158,14.8073,19.63147,FOUR
-0.04578386,0.05476424,-0.04184389,0.0108138,0.119441,-0.05136272,0.0006046593,0.1339065,-0.02241158,-0.01566716,0.1253023,0.007617533,-0.03354581,0.09730041,0.03635204,40.60872,14.46819,14.89809,19.77247,FOUR
-0.04656963,0.05471784,-0.04090682,0.01022867,0.1190939,-0.05232623,0.0005084872,0.1337445,-0.02328348,-0.01552816,0.1253022,0.00696215,-0.03342017,0.09739363,0.03588432,40.68725,14.47624,14.91453,19.81243,FOUR
-0.0488277,0.05472416,-0.03481433,0.009443089,0.1193184,-0.05189973,0.0001123771,0.1337467,-0.02285147,-0.01573837,0.125115,0.0074054,-0.03383704,0.09687078,0.035905,41.96342,14.39669,14.90587,19.82361,FOUR
-0.05025559,0.05442157,-0.0299713,0.008854583,0.1194856,-0.05144104,-0.0002446696,0.133739,-0.02233452,-0.01570591,0.1250074,0.008025646,-0.03318194,0.09679335,0.03679377,43.16844,14.36874,14.89057,19.79617,FOUR
-0.05230395,0.0538559,-0.02182314,0.007027581,0.1191041,-0.05224437,-0.001050621,0.1334006,-0.02308115,-0.01470217,0.1250354,0.008133054,-0.02911571,0.0977658,0.03908569,45.10727,14.30651,14.87983,19.7612,FOUR
-0.05051166,0.05629674,-0.02064791,0.004811808,0.117796,-0.05465457,-0.0003934056,0.1329137,-0.02440214,-0.01027596,0.1256419,0.008556843,-0.02097123,0.09955549,0.0421502,42.45501,14.66355,14.9745,19.89034,FOUR
-0.04918335,0.05717319,-0.007146239,-0.005063832,0.1196158,-0.04700544,-0.005768403,0.1334016,-0.01434967,-0.01137913,0.1241622,0.01906925,-0.02033713,0.09563535,0.05046472,40.36695,15.30211,15.08263,19.67437,FOUR
-0.04742491,0.05872115,-0.007642299,-0.002865952,0.1203615,-0.0454765,-0.004667442,0.1335252,-0.01306605,-0.01122732,0.1238191,0.01930165,-0.02057737,0.09495696,0.05087394,39.34109,15.12004,14.75458,19.95346,FOUR
-0.04785192,0.05874881,-0.007298589,-0.003851112,0.1209957,-0.04334521,-0.006564815,0.1334965,-0.01100495,-0.01356773,0.1231816,0.02073529,-0.02286905,0.09380755,0.05170324,38.9783,15.02443,14.62049,19.93007,FOUR
-0.05088757,0.05594584,-0.01182628,-0.006395455,0.1230377,-0.03717077,-0.01253183,0.1337362,-0.005083472,-0.02252388,0.1212548,0.02496025,-0.03188775,0.09028783,0.05362335,39.06388,14.80711,14.54725,19.65706,FOUR
-0.04969335,0.05588242,-0.002760649,-0.00271368,0.125696,-0.02576539,-0.008237243,0.1338173,0.007401109,-0.02014022,0.118649,0.03506419,-0.03137252,0.08565047,0.05953926,41.16297,14.91543,14.39852,19.3614,FOUR
-0.04976134,0.05641299,0.0005371571,-0.004032832,0.1253306,-0.02392495,-0.009397421,0.1330135,0.009841651,-0.02168657,0.11729,0.03638119,-0.03379913,0.08374777,0.05960351,40.9041,15.18163,14.21814,19.44257,FOUR
-0.05092529,0.05481327,0.001847833,-0.006409775,0.1253677,-0.02193671,-0.01257947,0.1322491,0.01224166,-0.02442565,0.1158824,0.03860599,-0.03660305,0.08153272,0.06101078,41.3672,15.38137,14.26674,19.605,FOUR
-0.045348,0.06113639,0.004123002,-0.0004722252,0.1260048,-0.01144093,-0.007216357,0.1302262,0.02441201,-0.01987998,0.1125585,0.04818976,-0.03488034,0.07732007,0.06692019,37.2472,16.06169,13.89376,19.65387,FOUR
-0.005572613,0.092628,-0.01233217,-0.001331076,0.1108036,0.004342616,-0.01373135,0.1164821,0.03203788,-0.03500593,0.09558865,0.02398309,-0.04838725,0.06729192,0.02518639,10.19179,14.32782,13.13107,15.49649,FOUR
-0.005376186,0.09243873,-0.01310503,-0.002069302,0.1092767,0.001398325,-0.01292796,0.1167728,0.03149232,-0.03458143,0.09742939,0.02460077,-0.04841289,0.0682767,0.0259977,9.068805,15.1797,12.92024,15.71336,FOUR
-0.004731536,0.09160832,-0.01489925,-0.00117401,0.1101547,-0.002857685,-0.008599404,0.1189094,0.03142247,-0.0286475,0.1031631,0.03655258,-0.04737791,0.0728471,0.0372414,8.083958,16.62196,11.63301,16.90792,FOUR
-0.002400234,0.09161115,-0.01568767,-0.0006136522,0.1083667,-0.00382024,-0.009129185,0.1182952,0.02770799,-0.02980746,0.1031163,0.03330663,-0.04872118,0.0725252,0.03552765,7.783287,15.69718,12.01537,17.41699,FOUR
0.001732342,0.09122816,-0.02917179,-0.005263444,0.09623539,-0.01830027,-0.009171486,0.1179704,0.01212859,-0.03021638,0.1017429,0.01842478,-0.0467108,0.07286328,0.02875537,8.086482,16.65517,12.62783,17.79321,FOUR
-0.04570731,0.05440491,-0.04562807,0.006190613,0.1231546,-0.0433273,-0.01381028,0.1337334,-0.01557025,-0.03343606,0.1218613,0.01107791,-0.0547071,0.08857298,0.03340587,40.48734,15.34247,14.96202,20.47476,FOUR
-0.04356399,0.0532918,-0.04435897,0.003581174,0.1235893,-0.03902504,-0.013342,0.1343371,-0.009917259,-0.03465715,0.1203237,0.01568291,-0.05441495,0.08715668,0.0382272,39.76189,15.12923,15.3709,20.33417,FOUR
-0.0488053,0.05094483,-0.03782496,0.00081563,0.122126,-0.04350996,-0.01610133,0.1332624,-0.01483029,-0.03606753,0.1202906,0.01109341,-0.05504058,0.08790758,0.03517222,41.04203,15.06542,14.98756,20.29592,FOUR
-0.04898788,0.05098587,-0.03787214,0.0006791577,0.1220748,-0.04372364,-0.01627795,0.1332352,-0.01497528,-0.03615887,0.120326,0.01107803,-0.05516617,0.08792156,0.03521043,41.02463,15.10107,15.00027,20.32007,FOUR
-0.0514779,0.05104682,-0.03459951,-0.001913905,0.1221763,-0.04299974,-0.01686549,0.1334544,-0.01286256,-0.03563808,0.120295,0.01372522,-0.0539382,0.08753535,0.03734368,41.25306,15.21869,14.93952,20.10728,FOUR
-0.0519016,0.05139819,-0.03330347,-0.002110288,0.1215995,-0.04421082,-0.01591794,0.1334159,-0.01375267,-0.03406526,0.1207265,0.0133127,-0.05218326,0.08838409,0.03730798,41.07007,15.21918,14.88419,20.00996,FOUR
-0.05194991,0.0521346,-0.03293297,-0.001655377,0.1213017,-0.04526049,-0.0146194,0.133485,-0.01465303,-0.03225288,0.121234,0.01288033,-0.05035874,0.08917201,0.03738385,40.82198,15.18886,14.8547,20.03556,FOUR
-0.05006686,0.0528014,-0.03710225,0.001266323,0.1204886,-0.04818687,-0.01233234,0.1333568,-0.01836056,-0.03065996,0.1219323,0.009010911,-0.05002112,0.0903132,0.03352427,40.2796,15.09692,14.81108,20.11513,FOUR
-0.04947242,0.05269918,-0.03718957,0.004102834,0.1199344,-0.04963398,-0.0102644,0.1331277,-0.02094269,-0.02959144,0.1221247,0.005739301,-0.05003813,0.09080365,0.02943459,41.03054,14.87046,14.73876,20.00524,FOUR
-0.05021109,0.05335051,-0.03261548,0.006115958,0.121261,-0.04591215,-0.008778468,0.1336124,-0.01758733,-0.02863302,0.1219669,0.008156657,-0.04971755,0.09007555,0.0302166,42.62351,14.71013,14.64868,19.93113,FOUR
-0.05022704,0.05348319,-0.03189853,0.006422728,0.1213048,-0.04543841,-0.009142891,0.1334485,-0.01739317,-0.02924631,0.1216101,0.007773876,-0.0502699,0.08975288,0.02949309,42.78958,14.72631,14.56252,19.84978,FOUR
-0.05373439,0.04722959,-0.02517965,0.004058316,0.1195192,-0.04887177,-0.01376654,0.131393,-0.02360737,-0.03293027,0.120464,0.002180159,-0.05260995,0.09008232,0.02673769,47.19836,14.2829,14.4816,19.96758,FOUR
-0.05418584,0.04595438,-0.02260652,0.004965588,0.1198482,-0.04824536,-0.01274648,0.1315769,-0.02347425,-0.03166289,0.1208435,0.002624929,-0.05100491,0.09091613,0.02792221,48.9609,14.06078,14.49187,19.95803,FOUR
-0.05325999,0.04619324,-0.02594414,0.005190454,0.1230902,-0.04075637,-0.01404858,0.1331747,-0.01590437,-0.03515649,0.1201615,0.007912874,-0.05504048,0.08841345,0.03154507,48.44234,14.16109,14.60754,20.23613,FOUR
-0.05330668,0.04237467,-0.0247795,0.01077447,0.1247972,-0.03410104,-0.01132135,0.133879,-0.01280817,-0.03542064,0.1199371,0.006237358,-0.05715572,0.08838934,0.02793059,53.779,13.70427,14.26932,20.16821,FOUR
-0.05369556,0.04049879,-0.02402759,0.01150271,0.1247656,-0.03295326,-0.01089889,0.1337066,-0.01342887,-0.03519047,0.1196222,0.003315687,-0.05642131,0.08901468,0.02482781,55.60376,13.28787,13.77321,19.69018,FOUR
-0.05246865,0.04054123,-0.02647376,0.01378949,0.1249926,-0.03246373,-0.008535795,0.1343286,-0.01334837,-0.03396513,0.1205724,0.002502799,-0.05635214,0.08943343,0.02171201,55.8645,13.15496,13.86638,19.41624,FOUR
-0.05036441,0.04245123,-0.02922192,0.01451473,0.1267841,-0.02538341,-0.009170935,0.1351044,-0.006422967,-0.03640534,0.1204102,0.008092612,-0.05926315,0.08750412,0.02307615,54.88728,13.39695,14.42738,19.15644,FOUR
-0.05191047,0.04143637,-0.0276491,0.01264285,0.1267453,-0.02624154,-0.01058037,0.1349221,-0.006902426,-0.0371213,0.1200186,0.008039385,-0.05941888,0.08711192,0.02397859,55.33956,13.33517,14.29996,19.23034,FOUR
-0.05268526,0.04139626,-0.02596843,0.01196061,0.1265199,-0.02726501,-0.01062637,0.1348504,-0.007062823,-0.03627513,0.1201787,0.008925974,-0.05812705,0.08750454,0.02575964,55.31281,13.39374,14.16465,19.20819,FOUR
-0.05307284,0.04187232,-0.02434772,0.01106869,0.1255693,-0.0308294,-0.01060701,0.1344151,-0.009776384,-0.03464491,0.1204123,0.008356452,-0.05591485,0.08850688,0.02723557,54.45225,13.44769,14.01249,19.2819,FOUR
-0.05439605,0.04350057,-0.02406713,0.002515368,0.123255,-0.03843683,-0.01554067,0.1328572,-0.01542622,-0.03651075,0.1193554,0.007395864,-0.05473588,0.08849347,0.03100437,49.73944,13.18901,14.34911,19.58658,FOUR
-0.05448332,0.04353508,-0.02384648,0.001962423,0.1233246,-0.03802186,-0.01598956,0.1328182,-0.01497781,-0.0368647,0.1192271,0.007965446,-0.0548647,0.08831677,0.03163365,49.57458,13.16086,14.38446,19.57901,FOUR
-0.05446415,0.04347739,-0.02401134,0.001695827,0.1234431,-0.0375911,-0.0162807,0.1329431,-0.0141665,-0.03724772,0.1192731,0.008878738,-0.05537308,0.08807296,0.03233948,49.50434,13.28592,14.46015,19.62733,FOUR
-0.05465919,0.04321602,-0.02393651,0.001516297,0.1236978,-0.0368917,-0.01649191,0.1332127,-0.01273212,-0.03762785,0.1193699,0.01041508,-0.05605024,0.08764783,0.03345469,49.74482,13.52616,14.56745,19.7239,FOUR
-0.05518086,0.04296324,-0.02335429,0.0008354336,0.123834,-0.03656508,-0.0170403,0.1332935,-0.0117285,-0.03813,0.1192223,0.01166597,-0.05636398,0.087174,0.03484064,49.93192,13.71079,14.67187,19.83749,FOUR
-0.05492345,0.04342228,-0.02428961,0.0009327531,0.1238391,-0.0366085,-0.01762456,0.1331522,-0.01140454,-0.03880269,0.1189735,0.0122624,-0.05715853,0.08663929,0.03557709,49.50087,14.00124,14.81988,20.03261,FOUR
-0.05280763,0.05073535,-0.02741194,-0.004244477,0.1225925,-0.03717145,-0.02109218,0.1321485,-0.007487118,-0.03830943,0.1182816,0.02035797,-0.05647471,0.08438542,0.04304707,41.87326,15.32698,15.31542,20.42581,FOUR
-0.05305386,0.05187067,-0.02674401,-0.005470477,0.1221691,-0.03770706,-0.02085253,0.1320947,-0.006832808,-0.03733372,0.1182534,0.02150607,-0.05529004,0.0842936,0.04424062,40.84237,15.54175,15.34453,20.43508,FOUR
-0.05424136,0.05210477,-0.02772641,-0.00872739,0.1215861,-0.039801,-0.02237892,0.131862,-0.008064389,-0.03879706,0.1177994,0.02007023,-0.0559945,0.08372745,0.0419164,39.67103,15.60087,15.27288,20.0436,FOUR
-0.0539596,0.0532856,-0.02719486,-0.008348025,0.1224666,-0.03743911,-0.02173382,0.1322121,-0.005659908,-0.03801348,0.1177815,0.0221335,-0.05491138,0.08351561,0.04369393,39.35643,15.49308,15.17302,19.95916,FOUR
-0.05353131,0.05255401,-0.02975997,-0.01178236,0.1213327,-0.03830624,-0.02578236,0.131247,-0.006136775,-0.04208602,0.1164609,0.0214498,-0.05791685,0.08215395,0.04329452,37.81063,15.79334,15.20335,19.89196,FOUR
-0.05543576,0.0513638,-0.02703902,-0.01393203,0.1208439,-0.04049873,-0.02576558,0.1313449,-0.00725472,-0.03934016,0.117371,0.02270335,-0.05232523,0.08393884,0.04826635,38.3135,15.93893,15.39045,20.11869,FOUR
-0.05371888,0.05423656,-0.02843094,-0.01278063,0.1213945,-0.03999573,-0.02214099,0.1323259,-0.00597626,-0.03439561,0.1187432,0.02483714,-0.04645234,0.08569309,0.05181879,36.5321,15.96207,15.40503,20.24029,FOUR
-0.05069773,0.05581054,-0.03655922,-0.01124443,0.1212617,-0.04199985,-0.02102748,0.1324336,-0.008873701,-0.03369783,0.1193551,0.02171832,-0.045088,0.08730426,0.0495362,34.71375,15.67033,15.27554,20.0478,FOUR
-0.04892009,0.05683798,-0.03796014,-0.008896947,0.122005,-0.04050285,-0.01839769,0.1330364,-0.007758498,-0.03198421,0.1197056,0.02241394,-0.0442557,0.08749193,0.04930496,34.67498,15.44488,15.28598,19.89817,FOUR
-0.04942091,0.0565398,-0.03648269,-0.008753508,0.1219368,-0.04057443,-0.01806439,0.1330788,-0.007872254,-0.03172529,0.1198069,0.02229056,-0.04425772,0.08756879,0.04903924,35.01754,15.4198,15.28509,19.89217,FOUR
-0.05027552,0.05613208,-0.03349638,-0.00792218,0.1218549,-0.04089803,-0.01671838,0.1332763,-0.00832057,-0.03038192,0.120284,0.02187577,-0.04338234,0.08820212,0.04853663,35.84689,15.34366,15.24578,19.85395,FOUR
-0.05165956,0.05632898,-0.02871624,-0.005176544,0.1224928,-0.04034987,-0.01271998,0.1340428,-0.007700354,-0.02555605,0.1215541,0.02255875,-0.03865685,0.08993781,0.04986015,37.808,15.2301,15.01127,19.85059,FOUR
-0.04840277,0.05908263,-0.03601876,-0.001534723,0.123352,-0.0391238,-0.0102116,0.1343955,-0.006581455,-0.02373979,0.1217875,0.02319488,-0.03749169,0.09010744,0.05062017,36.61962,15.22381,14.94687,20.0347,FOUR
-0.04591396,0.06100568,-0.04066351,-0.001275636,0.1240609,-0.03686008,-0.009382464,0.1345939,-0.003693104,-0.02218449,0.1215331,0.0265756,-0.035613,0.08934331,0.05380183,35.40459,15.34773,15.0926,20.10102,FOUR
-0.04599625,0.06042263,-0.04242599,0.001447245,0.1219851,-0.04383141,-0.003552966,0.1346638,-0.0109022,-0.01388213,0.1240587,0.02120304,-0.0261605,0.09422651,0.05120519,35.64125,15.28586,15.07049,19.94849,FOUR
-0.04580452,0.06079307,-0.04180077,0.002157956,0.1218331,-0.04416865,-0.002064556,0.134673,-0.0112654,-0.01178322,0.1243253,0.02117059,-0.02365547,0.0948405,0.05141822,35.57967,15.25507,15.0952,19.84876,FOUR
-0.04575189,0.0610199,-0.04130915,0.002294086,0.1218753,-0.04398051,-0.001658626,0.1346779,-0.01107427,-0.01112475,0.1243382,0.0214569,-0.02274296,0.09490019,0.05175349,35.51725,15.23847,15.10552,19.81534,FOUR
-0.04606604,0.06035629,-0.03839156,-0.004219554,0.1237909,-0.03575957,-0.008957706,0.1347263,-0.001793623,-0.01944669,0.1217246,0.03003159,-0.03198782,0.08906519,0.05757388,34.50834,15.45078,15.36861,20.16688,FOUR
-0.0451304,0.06067631,-0.04040861,-0.004082054,0.1239209,-0.0353812,-0.008848451,0.1347797,-0.001548558,-0.0195091,0.1216954,0.03021035,-0.03220038,0.08898926,0.05751511,34.2957,15.3807,15.37262,20.12079,FOUR
-0.04332761,0.06104913,-0.04381427,-0.003135867,0.1241402,-0.03489769,-0.008854076,0.134826,-0.001568437,-0.02035817,0.1216385,0.02985746,-0.03369546,0.08894548,0.05662066,34.29491,15.20355,15.36721,20.03778,FOUR
-0.04085456,0.0624454,-0.04705319,0.0008295774,0.124884,-0.03323522,-0.006210677,0.1350543,-0.0005787313,-0.01934237,0.1216286,0.02987456,-0.03384074,0.08909297,0.05566135,35.09296,14.95666,15.26097,19.87408,FOUR
-0.04119871,0.06227088,-0.04802048,-0.001148775,0.125025,-0.03276449,-0.008839734,0.1348308,0.0001383424,-0.02223462,0.1209166,0.03006488,-0.03616732,0.0879823,0.05558494,34.9399,15.08394,15.19299,19.87636,FOUR
-0.04141391,0.06154111,-0.04842013,-0.002254069,0.1247461,-0.03391108,-0.01111511,0.1346175,-0.001147062,-0.02488967,0.1207262,0.02835584,-0.03866393,0.08787927,0.05397898,34.73322,15.16227,15.09612,19.86615,FOUR
-0.04152908,0.0610508,-0.04855239,-0.001926564,0.124437,-0.03518841,-0.01095298,0.1346245,-0.002620667,-0.02488466,0.1210351,0.02689391,-0.03872803,0.08850592,0.05280876,34.79469,15.13883,15.0715,19.84529,FOUR
-0.04176265,0.05900612,-0.05053198,-0.0004643351,0.1231652,-0.03987938,-0.009250872,0.1346931,-0.007823259,-0.02333059,0.1223885,0.02229106,-0.03790951,0.09082448,0.04932949,35.44764,15.07062,15.09614,19.9254,FOUR
-0.0414188,0.0599761,-0.05033123,0.0008782148,0.1235114,-0.03895715,-0.007170826,0.134905,-0.006664276,-0.02083288,0.1226006,0.02370924,-0.03550637,0.09100452,0.05083817,35.56254,15.06676,15.11995,19.97982,FOUR
-0.04158179,0.06046328,-0.04745805,0.005460769,0.1228831,-0.04137608,-0.003149547,0.1349704,-0.009261876,-0.01848006,0.1234015,0.02031997,-0.03585738,0.09235194,0.04695934,36.07573,15.15032,14.9923,20.13359,FOUR
-0.04313681,0.05927318,-0.04068276,0.009479217,0.1226072,-0.04173601,-0.0002899989,0.1350856,-0.01046538,-0.01819838,0.1237838,0.01738793,-0.03913316,0.09276938,0.0412862,38.1985,14.98894,14.82926,20.044,FOUR
-0.04411996,0.05839184,-0.03921646,0.009442702,0.1226012,-0.04190862,-0.0009627715,0.135038,-0.01097065,-0.0192389,0.1236698,0.01664466,-0.04013481,0.09261799,0.04050255,38.97371,14.93402,14.83703,20.04636,FOUR
-0.04624248,0.05575258,-0.03471634,0.01159051,0.122865,-0.04113653,-0.0007778928,0.1350083,-0.01227212,-0.01963685,0.1238676,0.01490763,-0.03980477,0.09348246,0.03956795,42.18782,14.37027,14.77707,19.87317,FOUR
-0.04986351,0.05034533,-0.02299967,0.01585636,0.123249,-0.03815001,0.001733027,0.1350541,-0.01266998,-0.0184153,0.1242826,0.01266018,-0.03847305,0.09503722,0.03734842,49.4801,13.37036,14.39466,19.45063,FOUR
-0.04964631,0.05078059,-0.02358931,0.0152808,0.1232288,-0.0382272,0.0009847432,0.134993,-0.01266539,-0.01931272,0.1240968,0.01255846,-0.03904868,0.09478995,0.03749478,48.82626,13.43437,14.42553,19.49202,FOUR
-0.04893183,0.05165398,-0.02559277,0.01464052,0.1232156,-0.03847706,9.418279E-05,0.1349498,-0.01278612,-0.02050901,0.1238832,0.01224312,-0.04011459,0.09444955,0.03731671,47.52731,13.53019,14.4717,19.56793,FOUR
-0.04719223,0.05273873,-0.02998328,0.0142478,0.1231318,-0.03923172,-0.0008410439,0.1349398,-0.01322573,-0.02262902,0.1235447,0.01112437,-0.04297094,0.09373423,0.03560737,45.55119,13.76327,14.62101,19.71618,FOUR
-0.0496787,0.05444184,-0.02880102,0.002041146,0.1246428,-0.03423473,-0.01166856,0.1344225,-0.004408538,-0.03076182,0.1202138,0.02048239,-0.05002172,0.08687815,0.0414041,41.4237,14.6866,14.62836,19.8473,FOUR
-0.03947497,0.06034821,-0.04898712,-0.003080025,0.1259287,-0.0292463,-0.01730401,0.1340315,0.002463967,-0.03572544,0.1179244,0.02814931,-0.0540556,0.08256119,0.04798624,35.71044,15.30174,15.11162,20.17844,FOUR
-0.04100163,0.05901688,-0.04763409,0.0001622587,0.1251227,-0.03375658,-0.01325743,0.1345546,-0.003361195,-0.03220424,0.1197471,0.02206984,-0.05050002,0.08610788,0.04304621,36.46565,14.78702,14.85417,19.73916,FOUR
-0.04208914,0.05972517,-0.04304147,0.003807001,0.1251434,-0.03372851,-0.008416027,0.1350407,-0.003369302,-0.02702206,0.1210485,0.0225713,-0.04591051,0.08808181,0.04418901,37.13686,14.62205,14.77787,19.73443,FOUR
-0.04293931,0.05942038,-0.04118446,0.004234299,0.1249805,-0.03421265,-0.007286057,0.1351802,-0.003740698,-0.02548768,0.1215535,0.02261963,-0.04457855,0.08882847,0.04472792,37.45992,14.58678,14.75421,19.79833,FOUR
-0.04103227,0.06207299,-0.04238701,0.008559778,0.1243829,-0.03614241,0.0005362481,0.1354619,-0.004597187,-0.01540165,0.1231803,0.02399445,-0.03412474,0.09178656,0.0487541,36.79658,14.68434,14.81527,19.94146,FOUR
-0.04029165,0.06264472,-0.0432339,0.009708025,0.124431,-0.03603774,0.002070338,0.1355113,-0.0043827,-0.01366286,0.1233391,0.02438888,-0.03218013,0.09212434,0.04944527,36.7713,14.68461,14.81478,19.90845,FOUR
-0.03798667,0.06249145,-0.04641253,0.01026534,0.1242934,-0.0360637,0.0008435547,0.135392,-0.004795939,-0.01591989,0.1231513,0.02319083,-0.03422034,0.09203777,0.04813996,36.39901,14.73986,14.76512,19.82589,FOUR
-0.03971073,0.06118047,-0.04658091,0.006538972,0.1243395,-0.03652647,-0.003645912,0.1352747,-0.005217165,-0.02034862,0.1226092,0.02258894,-0.03822311,0.09089944,0.04737964,36.31251,14.83501,14.76466,19.91728,FOUR
-0.04103665,0.05993021,-0.04652253,0.004000477,0.1242404,-0.03704563,-0.006824248,0.1350947,-0.00574407,-0.02376482,0.1221149,0.02192849,-0.04151962,0.08999625,0.04649839,36.40074,14.90992,14.82767,19.99194,FOUR
-0.04243662,0.05798611,-0.04731947,0.0009180084,0.1240321,-0.03791687,-0.01101514,0.1347444,-0.006802022,-0.02843937,0.1213415,0.02077281,-0.04601663,0.08871344,0.04509568,36.69783,14.97937,14.97909,20.09123,FOUR
-0.04484048,0.05339053,-0.05239931,-0.01129497,0.1230672,-0.0390445,-0.02614985,0.1323264,-0.008579463,-0.04323004,0.1171302,0.01864004,-0.05814523,0.08263251,0.04201034,36.18953,15.06255,15.13712,20.0604,FOUR
-0.04872403,0.05245575,-0.05137664,-0.02446438,0.122999,-0.031827,-0.04060156,0.1287197,-0.0004027784,-0.05637402,0.1099687,0.0256713,-0.06761651,0.07256544,0.04691273,35.52469,15.3714,15.27437,20.20593,FOUR
-0.04999252,0.05289495,-0.05045676,-0.02827536,0.122919,-0.02848819,-0.04474063,0.1272067,0.003328115,-0.05980575,0.107293,0.02899176,-0.06966197,0.06907037,0.04962105,35.24117,15.51191,15.30068,20.2716,FOUR
-0.05308534,0.05440164,-0.04691291,-0.04165357,0.1203021,-0.0199483,-0.05693731,0.1211054,0.01263437,-0.06763529,0.09901315,0.03808472,-0.07183773,0.05984914,0.05811465,32.64785,15.53137,15.15437,20.21015,FOUR
-0.04986096,0.05838454,-0.04693788,-0.0417661,0.1207411,-0.01620346,-0.05675938,0.120624,0.01664534,-0.06694531,0.09785223,0.0420514,-0.07106767,0.05797189,0.06119731,31.39507,15.58907,15.27887,20.35653,FOUR
-0.043196,0.05727217,-0.05417508,-0.02977078,0.1226796,-0.02658781,-0.04685146,0.1261022,0.00443989,-0.06107788,0.1059628,0.02988288,-0.06954923,0.06850073,0.05039242,32.7609,15.32548,15.16162,19.81809,FOUR
-0.04046281,0.05702472,-0.05875343,-0.02832349,0.1225924,-0.02829495,-0.04542799,0.1267178,0.002490431,-0.06001862,0.1071165,0.02818981,-0.06896234,0.07009032,0.04914367,33.69681,15.26446,15.17317,19.76851,FOUR
-0.03812896,0.06455842,-0.05133939,-0.0170961,0.1264756,-0.0185658,-0.03191195,0.1302052,0.01260445,-0.04743799,0.110393,0.03719741,-0.05930314,0.07285368,0.05628401,33.5228,14.93157,15.03614,19.92809,FOUR
-0.03753313,0.06442657,-0.04980642,-0.01628694,0.1264282,-0.01975846,-0.03242245,0.1302942,0.01041958,-0.04958797,0.110437,0.03360516,-0.06277672,0.07269195,0.05176625,32.63308,14.80718,14.94668,20.01155,FOUR
-0.03673915,0.06583625,-0.04945225,-0.01680001,0.1271373,-0.01484314,-0.03228606,0.1300213,0.01525202,-0.04924977,0.1093012,0.03810927,-0.06184629,0.07112432,0.05515334,33.36666,14.57889,15.01252,19.84345,FOUR
-0.03469611,0.06821731,-0.05074477,-0.01701122,0.1277392,-0.009820431,-0.03173012,0.1295458,0.02014059,-0.04799399,0.1080023,0.04299715,-0.05929746,0.06976038,0.05945054,34.31297,14.33587,15.07655,19.56514,FOUR
-0.03239067,0.07013533,-0.0517756,-0.0165631,0.1280967,-0.006025195,-0.03122836,0.129097,0.02360305,-0.04742587,0.1069343,0.04609361,-0.05818333,0.0686118,0.06180373,35.14796,14.1774,15.12616,19.38525,FOUR
-0.02981741,0.07181978,-0.0528731,-0.01611493,0.1283067,-0.002646595,-0.03090774,0.128626,0.02661869,-0.04725596,0.1059083,0.04861403,-0.05778726,0.06746179,0.06349814,36.03587,14.04868,15.17085,19.25614,FOUR
-0.01506908,0.0875898,-0.04339233,-0.01007009,0.1259773,0.02758676,-0.02483696,0.1200351,0.05599147,-0.04192922,0.09342223,0.07221174,-0.05333382,0.05293828,0.07885444,38.66823,13.96854,15.15187,19.36939,FOUR
-0.0103557,0.09197372,-0.03499264,-0.006926969,0.1238861,0.03388733,-0.02150654,0.1170791,0.06147093,-0.03979459,0.09015739,0.07572711,-0.0529919,0.04971462,0.08010733,36.12483,13.77426,15.2236,19.67007,FOUR
-0.007240146,0.0954861,-0.02194807,-0.001443863,0.1199596,0.04303709,-0.01523617,0.1125198,0.06908295,-0.03574603,0.08623499,0.08016053,-0.05320645,0.047279,0.07975802,32.8407,13.19289,15.15099,19.84305,FOUR
-0.01847216,0.09058639,-0.01916936,-0.004402041,0.1173341,0.003288299,-0.0214297,0.1181724,0.02829999,-0.04081361,0.09811726,0.03702137,-0.05779139,0.06506711,0.03925183,16.2548,14.163,13.22166,18.36552,FOUR
-0.02219044,0.08803868,-0.02178529,-0.003819212,0.1178737,-0.004277766,-0.02244834,0.1201171,0.02271113,-0.04211447,0.100722,0.03187782,-0.05970302,0.0671576,0.03454247,16.67587,15.31006,13.09777,18.55373,FOUR
-0.03831945,0.05266777,-0.05591765,-0.002214566,0.1242938,-0.03817424,-0.01952339,0.1339084,-0.010423,-0.04175266,0.1183714,0.01475474,-0.06152797,0.08292845,0.03384373,38.25803,14.53553,15.71399,20.25019,FOUR
-0.0501369,0.05279067,-0.03493276,0.00219138,0.1223167,-0.04324633,-0.01457157,0.133153,-0.01515308,-0.03501508,0.1198339,0.01059151,-0.05450555,0.0867753,0.03371829,41.4134,14.8101,15.10895,20.45387,FOUR
-0.0531217,0.05112609,-0.03017047,-0.0002063289,0.1212753,-0.04551339,-0.01665068,0.1323962,-0.01688799,-0.03609997,0.1193886,0.009264112,-0.05473804,0.08643851,0.03252095,42.69287,15.00937,14.97368,20.25217,FOUR
-0.05018536,0.05342063,-0.03610954,-0.0007702634,0.1223036,-0.04315627,-0.01670267,0.1331336,-0.01338401,-0.03627756,0.1195628,0.01282445,-0.05526016,0.08578888,0.03513238,39.89429,15.24616,15.09529,20.31391,FOUR
-0.04880353,0.05442899,-0.03834862,-0.0008027926,0.1229222,-0.04154915,-0.0161367,0.1335527,-0.01127598,-0.03531004,0.1198524,0.01543286,-0.0540567,0.08600625,0.0379639,39.01303,15.272,15.17906,20.3253,FOUR
-0.0463101,0.05666861,-0.04248968,-0.001511246,0.123448,-0.03966951,-0.01542901,0.1338725,-0.008454621,-0.0336865,0.119933,0.01900643,-0.0519546,0.08589438,0.0417439,37.11061,15.34331,15.26482,20.34983,FOUR
-0.0452553,0.05699795,-0.04530752,-0.003272898,0.1240648,-0.03737801,-0.01656917,0.133967,-0.005837202,-0.03454139,0.1193556,0.02168152,-0.05238339,0.08486456,0.04381162,36.66646,15.28779,15.33214,20.27042,FOUR
-0.0459761,0.05860564,-0.04196694,-0.002982453,0.1250861,-0.03343463,-0.01488269,0.1342506,-0.001457512,-0.03258647,0.1189123,0.02579653,-0.05002248,0.08432901,0.04686087,36.75953,15.15674,15.31426,19.96044,FOUR
-0.0485058,0.0589706,-0.03429022,-0.003818549,0.1255851,-0.03051165,-0.01487287,0.1340258,0.001360297,-0.03259983,0.1178967,0.02768591,-0.04946698,0.08329067,0.04706797,37.05106,14.93704,15.16743,19.46479,FOUR
-0.05012082,0.05751598,-0.03714597,-0.01176906,0.1261492,-0.02619249,-0.02495814,0.1323368,0.006236196,-0.0418333,0.1140924,0.03177178,-0.0550895,0.07810265,0.05208787,36.555,15.28709,15.20072,19.71584,FOUR
-0.04638681,0.05953711,-0.04400051,-0.01413845,0.1257016,-0.02593803,-0.02749524,0.1316363,0.007526457,-0.04325906,0.1133141,0.03372079,-0.05538399,0.07678571,0.05560943,34.64236,15.72955,15.24251,20.20671,FOUR
-0.04525265,0.05979666,-0.0455755,-0.01333123,0.1256805,-0.02672747,-0.02698761,0.1318057,0.006705016,-0.04275994,0.1137599,0.0330669,-0.05489567,0.07742271,0.05553991,34.55008,15.77744,15.23591,20.28065,FOUR
-0.04595059,0.05907267,-0.04416516,-0.01186959,0.1258257,-0.02745137,-0.02576719,0.1322107,0.005700737,-0.04183652,0.1144671,0.0321323,-0.05432451,0.07832274,0.05489653,35.13913,15.71108,15.2365,20.30641,FOUR
-0.04648867,0.06000963,-0.04274511,-0.009343155,0.1262489,-0.02757841,-0.02383688,0.1326154,0.005520135,-0.04060791,0.1149674,0.03171432,-0.05417073,0.07873067,0.05421701,35.49816,15.78714,15.27376,20.44455,FOUR
-0.04470964,0.06478766,-0.03339067,0.007109217,0.1258374,-0.03085652,-0.001323342,0.1350306,0.001874804,-0.01630037,0.1211358,0.03033391,-0.03272303,0.08830783,0.05521378,36.96511,15.02991,14.90324,20.16394,FOUR
-0.04239825,0.06652141,-0.03663087,0.008910723,0.1261945,-0.02936471,0.001149572,0.1350689,0.003600657,-0.01342721,0.1210425,0.03215536,-0.03010465,0.08813876,0.0569163,36.39324,15.01413,14.87437,20.20102,FOUR
-0.04340572,0.0652248,-0.03462383,0.007961318,0.1261719,-0.02920991,0.001234055,0.1352431,0.003854722,-0.01346087,0.121174,0.03235579,-0.03075206,0.08849731,0.05637848,36.83649,14.95952,14.86394,19.98871,FOUR
-0.04287101,0.06355476,-0.0389584,0.008409567,0.1255023,-0.03241959,-0.0001953319,0.1353354,0.0001773834,-0.01535756,0.1219844,0.02896801,-0.03257065,0.08965248,0.05389476,37.3571,15.03577,14.93948,20.07904,FOUR
-0.04075021,0.06412923,-0.03919873,0.00993038,0.125622,-0.03085318,-0.0007107854,0.1351832,0.0009993911,-0.01747189,0.1216446,0.02860749,-0.03626104,0.08915973,0.0518966,36.98003,14.96374,14.88787,20.01997,FOUR
-0.04365327,0.06432262,-0.03381896,0.003863163,0.1282431,-0.01791328,-0.01202505,0.1335717,0.01360464,-0.03089514,0.1161143,0.03765219,-0.04933931,0.08011428,0.05618477,37.72784,15.35428,15.02267,20.29355,FOUR
-0.04376911,0.06457564,-0.03237849,0.004202284,0.1283458,-0.01625687,-0.01191296,0.1333219,0.01529658,-0.03094179,0.1156147,0.03907001,-0.04954625,0.07941458,0.05711061,37.87059,15.39938,15.04577,20.31874,FOUR
-0.04944073,0.06159443,-0.02216339,-0.0003676973,0.1289158,-0.008340061,-0.01864388,0.1310541,0.02240455,-0.03834055,0.1110469,0.04377237,-0.0561309,0.07317197,0.0583275,39.78652,15.47852,15.12317,20.29642,FOUR
-0.04901569,0.05895588,-0.02153298,-0.003410897,0.1282405,-0.01137882,-0.02475128,0.1306302,0.01616931,-0.04611113,0.1106273,0.03513482,-0.06356084,0.0734742,0.04841363,38.98187,15.11536,14.96285,19.74307,FOUR
-0.05032807,0.05675337,-0.01995781,-0.002448929,0.1285174,-0.01038396,-0.02322392,0.1309829,0.01761681,-0.04467691,0.1109735,0.03669083,-0.06227853,0.07375938,0.05008036,41.08308,15.09631,14.98758,19.77998,FOUR
-0.05023433,0.05696857,-0.02024245,-0.00213105,0.1286694,-0.009933382,-0.02252871,0.1310919,0.01838094,-0.04375117,0.1110742,0.03791982,-0.06141364,0.07373586,0.05137551,41.16022,15.09818,15.03485,19.8361,FOUR
-0.04987741,0.05785823,-0.02017605,-0.001022879,0.1288127,-0.00937131,-0.02055712,0.1313336,0.01969942,-0.04161063,0.1113675,0.03974384,-0.05959319,0.07389233,0.05342543,41.07281,15.1453,15.09255,19.98897,FOUR
-0.04823249,0.06040671,-0.02245021,0.005940218,0.1280341,-0.01448017,-0.01200753,0.1327778,0.01525474,-0.0332666,0.1149548,0.03645697,-0.05375071,0.07894927,0.05109268,41.5294,15.14108,14.95061,20.08684,FOUR
-0.04782957,0.06015566,-0.02549416,0.006485298,0.127623,-0.0180943,-0.01144764,0.1333153,0.01149705,-0.03279413,0.1162345,0.03298959,-0.0539291,0.08054504,0.04810056,41.48738,15.13358,14.87226,20.1613,FOUR
-0.04420751,0.0601542,-0.03119856,0.01127806,0.1270169,-0.0223375,-0.007264327,0.1343768,0.006295592,-0.02966579,0.1187755,0.02812791,-0.05272995,0.08399403,0.04364517,41.54823,15.01017,14.90615,20.2624,FOUR
-0.04076403,0.06214917,-0.03143638,0.01615663,0.127367,-0.01851678,-0.002273217,0.1347207,0.009259313,-0.02504805,0.1194817,0.03105122,-0.04897185,0.08545876,0.04649988,41.50726,14.63434,14.89401,20.14083,FOUR
-0.04128342,0.06181535,-0.02973989,0.01699059,0.1273159,-0.01807007,-0.001467153,0.134701,0.009187281,-0.02427702,0.1195855,0.03085297,-0.0482021,0.08583409,0.04641631,42.09357,14.46251,14.84401,20.07054,FOUR
-0.04209865,0.0621464,-0.02757493,0.01837283,0.1270031,-0.02024785,0.001882389,0.1349146,0.007519752,-0.01947067,0.1204289,0.03085747,-0.04218186,0.08747807,0.04896435,42.35126,14.23611,14.77076,19.92151,FOUR
-0.0435389,0.06092671,-0.02846414,0.01549511,0.1272248,-0.021797,-9.082258E-06,0.1352074,0.006525546,-0.02175421,0.1203475,0.02975091,-0.04271962,0.08753538,0.04942501,42.3494,14.21417,14.88093,19.80555,FOUR
-0.0431319,0.06120321,-0.02939451,0.01543944,0.1272031,-0.02211928,-8.59499E-05,0.1352396,0.006349057,-0.02195017,0.1203692,0.02960363,-0.04296073,0.08753178,0.04934198,42.02787,14.27645,14.92283,19.84335,FOUR
-0.04046496,0.06371209,-0.0319899,0.01579291,0.1273966,-0.0202221,-3.585219E-05,0.135025,0.008629143,-0.02164961,0.1198889,0.03182563,-0.04310187,0.08663577,0.0506528,40.30207,14.45075,14.90392,19.89572,FOUR
-0.04120302,0.0632751,-0.03167513,0.01509576,0.1273836,-0.02103102,-0.0003022403,0.1351117,0.008011103,-0.02150533,0.1200366,0.03167877,-0.0426916,0.08675995,0.05081534,40.41005,14.4395,14.91754,19.88676,FOUR
-0.04010016,0.06288502,-0.03719139,0.01652779,0.1261578,-0.02828306,0.005789921,0.1358809,0.00253427,-0.01352631,0.1226088,0.02952313,-0.03424215,0.09095374,0.05136749,39.99046,14.48532,15.11123,19.64074,FOUR
-0.03834784,0.06399822,-0.03883833,0.01988426,0.1253095,-0.02983928,0.01063605,0.1356901,0.001592726,-0.008105606,0.1233791,0.02955139,-0.02904235,0.09241387,0.05192411,39.85484,14.61366,15.15572,19.48999,FOUR
-0.03657082,0.06637049,-0.04174674,0.02050753,0.1255434,-0.02873391,0.01161639,0.1354044,0.00318405,-0.006568879,0.122795,0.0312486,-0.02660394,0.09167048,0.0539861,38.89119,14.72507,15.12669,19.46646,FOUR
-0.03560393,0.06842792,-0.03893167,0.01964849,0.1263825,-0.02352414,0.009343714,0.1348371,0.007813424,-0.009185672,0.1210683,0.03429073,-0.02797933,0.08910683,0.05620486,37.91833,14.56215,14.90185,19.39232,FOUR
-0.03578884,0.06726104,-0.04277843,0.01424447,0.1265828,-0.0249303,0.004039928,0.1350741,0.006370991,-0.01416657,0.1209252,0.03278255,-0.03219,0.08843732,0.05468172,36.89031,14.5473,14.88411,19.42591,FOUR
-0.03475185,0.06675145,-0.04659945,0.01188969,0.1267506,-0.02477053,0.001613013,0.1351518,0.006777704,-0.01642057,0.1206946,0.0332723,-0.03420892,0.08778599,0.05514684,36.72044,14.64002,14.93204,19.52579,FOUR
-0.02726956,0.07042551,-0.05185324,0.009987265,0.1282058,-0.01342863,-0.0008840337,0.1339767,0.01891518,-0.01899324,0.117201,0.0440979,-0.03730397,0.08235273,0.06267738,37.05164,14.80396,15.00495,19.61933,FOUR
-0.0235456,0.07452199,-0.05086672,0.008381352,0.1287173,-0.0008198619,-0.002473712,0.1315382,0.03088021,-0.02155729,0.1124187,0.05288708,-0.03952493,0.07640266,0.06773028,38.32286,14.38436,14.8106,19.37987,FOUR
-0.02694459,0.07484841,-0.04868048,0.008218266,0.1290136,0.0001561344,-0.002795644,0.1313421,0.03174612,-0.02260809,0.1117614,0.05256093,-0.04024055,0.07558614,0.06718004,38.56268,14.349,14.74122,19.41271,FOUR
-0.03381711,0.07041356,-0.04151967,0.003894001,0.1291052,-0.00661546,-0.009197339,0.1328473,0.02353209,-0.03083313,0.1136732,0.04203629,-0.04771796,0.07826281,0.05596572,36.18951,14.13799,14.48223,18.72084,FOUR
-0.03392149,0.070059,-0.04304695,0.001519799,0.1291322,-0.007983267,-0.01219887,0.1327971,0.02223942,-0.03362932,0.1133681,0.04076245,-0.05054301,0.07744101,0.05433419,35.76175,14.28191,14.50128,18.87872,FOUR
-0.03426533,0.0698835,-0.04378277,-0.002150118,0.1290799,-0.008696139,-0.0171274,0.1321745,0.02190188,-0.03820597,0.112136,0.04022631,-0.05500589,0.07528579,0.05284962,34.91452,14.66006,14.54044,19.11037,FOUR
-0.03749217,0.06144109,-0.05222949,-0.001891941,0.1273126,-0.02595949,-0.01796384,0.1340354,0.0053837,-0.03932526,0.116201,0.02896169,-0.05809927,0.07934177,0.04514492,36.83599,15.36243,15.51911,20.05883,FOUR
-0.03757134,0.06240243,-0.04996729,0.005344339,0.1274002,-0.02609578,-0.008684233,0.1351521,0.00531143,-0.02995231,0.1187698,0.03021815,-0.0496894,0.08341387,0.04807916,38.05135,15.07629,15.55883,19.95416,FOUR
-0.03639114,0.06547597,-0.04675972,0.01359311,0.1272173,-0.02385622,0.002872162,0.1353875,0.008113176,-0.0171528,0.1203459,0.03466377,-0.03739899,0.08657259,0.05462384,38.84902,14.81149,15.49496,19.90064,FOUR
-0.0313197,0.07074109,-0.0424197,0.02412251,0.1258399,-0.02113983,0.0172217,0.1340735,0.01100191,2.127141E-05,0.1204916,0.03959295,-0.02033687,0.08874339,0.06174096,37.88355,14.45675,15.30744,19.67956,FOUR
-0.03843893,0.06254241,-0.04582232,0.007953167,0.1268918,-0.0268724,-0.00595063,0.1352086,0.004149318,-0.0271468,0.1196444,0.02922726,-0.04718504,0.08489349,0.04758567,37.99879,14.9747,15.45015,19.86618,FOUR
-0.04040939,0.06213036,-0.04475534,0.004218638,0.1275024,-0.02483496,-0.009943709,0.1348832,0.006415993,-0.03091713,0.1181921,0.03100595,-0.05002154,0.08244163,0.04849094,38.03605,15.01814,15.4633,19.8769,FOUR
-0.04912467,0.06302851,-0.02182478,-0.01061436,0.1294114,-0.00165239,-0.02384854,0.1297697,0.02975246,-0.03957938,0.1074342,0.05276614,-0.0501264,0.06867975,0.06921953,35.89609,14.58758,15.1904,19.67555,FOUR
-0.05293569,0.05741546,-0.007638335,-0.0116081,0.1292167,0.0002862811,-0.02393137,0.1291921,0.031293,-0.0388596,0.1066785,0.05372745,-0.04793962,0.06833845,0.06996727,37.91486,14.29353,14.91768,19.29992,FOUR
-0.05527356,0.05175647,-7.075071E-05,-0.01128839,0.1291452,0.002008408,-0.02317669,0.1288067,0.03308436,-0.03809519,0.1060634,0.05505651,-0.04700321,0.06768015,0.070842,41.8956,14.26067,14.85045,19.22961,FOUR
-0.06045106,0.02730018,0.01733068,-0.01148534,0.1289854,0.002402395,-0.02249742,0.1284221,0.03413957,-0.03722471,0.1055926,0.05577183,-0.04602274,0.06711391,0.07093072,61.34989,14.4291,14.75714,19.14909,FOUR
-0.06045846,0.02719244,0.01804781,-0.01130368,0.1289974,0.002108306,-0.02209746,0.1284975,0.0340175,-0.03660487,0.105777,0.05583784,-0.0454447,0.06729707,0.0711017,61.62088,14.47233,14.74043,19.172,FOUR
-0.05810002,0.0404132,-0.00169158,-0.01013073,0.12901,-0.00832212,-0.0227843,0.1309954,0.02321154,-0.03820784,0.110157,0.04670981,-0.04893997,0.0725939,0.06462073,50.6848,14.60007,14.87665,19.48258,FOUR
-0.03511788,0.06649363,-0.05104938,-0.0006777272,0.1288703,-0.01633862,-0.01315435,0.1339324,0.01452842,-0.03022971,0.1158212,0.0397042,-0.0441881,0.0803057,0.05932149,37.01896,14.3965,15.02982,19.3419,FOUR
-0.03451834,0.06509411,-0.05448711,0.001511462,0.1285152,-0.01884246,-0.0104498,0.1344843,0.01190931,-0.02753963,0.1172771,0.03771889,-0.04239801,0.082315,0.05802953,38.31258,14.32578,15.03289,19.41005,FOUR
-0.03570544,0.06413969,-0.0536263,0.002209865,0.1283339,-0.0199728,-0.009646885,0.1346861,0.01066577,-0.0266544,0.1178803,0.03676626,-0.0418574,0.08314294,0.05742568,38.64251,14.28998,15.02293,19.45194,FOUR
-0.03746012,0.06343383,-0.05106276,0.00297191,0.1281915,-0.0206871,-0.008728191,0.1348341,0.009847552,-0.02547237,0.1183985,0.03623351,-0.04086554,0.08388942,0.05728722,38.77272,14.24537,14.98382,19.48181,FOUR
-0.03653575,0.06230626,-0.05328381,-0.000935249,0.1274831,-0.02409589,-0.01306742,0.1347788,0.006289989,-0.02889023,0.1189005,0.03317252,-0.04321863,0.08459419,0.05533841,37.31946,14.30031,14.85052,19.44527,FOUR
-0.0365712,0.06179398,-0.05312172,-0.001019657,0.1273267,-0.02470621,-0.01323523,0.1348147,0.005412459,-0.02893322,0.1191834,0.03231922,-0.04311451,0.08514816,0.05457869,37.28313,14.22295,14.78332,19.31543,FOUR
-0.03666648,0.06174803,-0.05216643,-0.0002274066,0.1272702,-0.02471626,-0.01231983,0.1349118,0.005183786,-0.02782047,0.1195513,0.0321058,-0.04193317,0.08582082,0.05447406,37.28136,14.12965,14.6956,19.1943,FOUR
-0.03434835,0.06515536,-0.04757124,-0.0002319664,0.1270274,-0.02196294,-0.01136659,0.1343666,0.004610538,-0.02386288,0.1199844,0.02930868,-0.03384693,0.08871683,0.0519118,34.37452,12.67568,13.14644,17.63323,FOUR
-0.03304811,0.06396243,-0.0488697,-0.003945976,0.1265742,-0.02247831,-0.01522837,0.1340198,0.002066046,-0.02600311,0.1202999,0.02565882,-0.03362589,0.09015381,0.0480645,33.56941,11.89956,12.28556,16.68655,FOUR
-0.02842776,0.06195593,-0.04870617,-0.006460756,0.126035,-0.0211674,-0.01718623,0.134202,-0.001093447,-0.02512522,0.1219867,0.01878089,-0.02847281,0.09395415,0.04010087,32.6832,10.04534,10.01981,14.53716,FOUR
-0.0262557,0.06121117,-0.04856282,-0.007275172,0.125921,-0.02004483,-0.0174174,0.1344526,-0.001429558,-0.02463275,0.1225621,0.01669699,-0.02646895,0.09494275,0.03757688,32.56496,9.351433,9.12182,13.87314,FOUR
-0.01603033,0.05937117,-0.05246571,-0.0088135,0.1249394,-0.02211282,-0.01820745,0.1345394,-0.006227732,-0.02461972,0.1237012,0.01108339,-0.02638435,0.09676787,0.03084025,31.99832,8.237355,8.430235,12.68801,FOUR
-0.04608582,0.06195393,-0.0301367,0.001458459,0.1270069,-0.02539989,-0.009928271,0.1341187,0.00596872,-0.02276241,0.1187768,0.03546163,-0.03429008,0.08520219,0.06058323,37.06825,14.67945,15.25857,19.77271,FOUR
-0.04684744,0.06119367,-0.02874738,0.002946071,0.1272257,-0.0253408,-0.007889524,0.134502,0.006393939,-0.02130961,0.1191112,0.03588045,-0.03315807,0.08551887,0.0610792,38.30154,14.73465,15.32831,19.81792,FOUR
-0.04377131,0.06278175,-0.03601709,0.008350164,0.126931,-0.02690473,-0.002312414,0.1352218,0.004418403,-0.01796527,0.1206199,0.03331697,-0.03230625,0.08761054,0.0586026,38.78746,14.59565,15.31057,19.95168,FOUR
-0.04068083,0.0636273,-0.04214042,0.01013885,0.1267155,-0.02727833,-0.0005948767,0.1353761,0.003750712,-0.01676326,0.1211761,0.03237334,-0.03209492,0.08845431,0.05751264,38.49968,14.51299,15.22714,19.94097,FOUR