-0.05682924,0.0259209,0.01929334,-0.03738266,-0.0159288,0.02187988,-0.03339372,-0.01954171,0.02886343,-0.01925733,-0.01704943,0.03288126,-0.007241659,-0.007552654,0.03803265,44.99204,10.40295,17.1697,22.73155,CLOSE
-0.05510508,0.02628726,0.01582876,-0.03639562,-0.01512596,0.01850748,-0.0319738,-0.01886484,0.0255084,-0.01808693,-0.01623651,0.03014696,-0.007285766,-0.006668925,0.03643629,46.19852,11.61272,18.55531,23.71099,CLOSE
-0.0527152,0.02166334,0.02271989,-0.0352166,-0.0134151,0.01389828,-0.02948376,-0.01724827,0.02158594,-0.01536226,-0.01486132,0.02669859,-0.005970374,-0.006040812,0.03418562,40.22483,14.72439,21.52321,24.73259,CLOSE
-0.05087291,0.0232178,0.01824492,-0.03573918,-0.01416612,0.009566486,-0.0283784,-0.01598248,0.02027804,-0.01542079,-0.01260269,0.02581903,-0.008511901,-0.002668768,0.03296825,44.44087,19.28944,21.67195,24.16217,CLOSE
-0.04716764,0.02319926,0.02430406,-0.03496639,-0.01431528,0.01188046,-0.0276019,-0.01557991,0.02205849,-0.01477927,-0.01162124,0.02708694,-0.008001909,-0.0009739697,0.03310502,45.56101,18.52189,21.274,24.00315,CLOSE
-0.03652132,0.02418244,0.04053858,-0.03643246,-0.01691827,0.01464573,-0.02912591,-0.01790607,0.02290151,-0.01616591,-0.01289225,0.02774903,-0.009924248,-0.0004560351,0.02965677,53.57509,15.00261,20.11677,23.93655,CLOSE
-0.03736825,0.02339849,0.04005048,-0.03676365,-0.01721159,0.01399538,-0.02935048,-0.01828837,0.02250221,-0.01680445,-0.01356918,0.02721035,-0.01046003,-0.001123637,0.0294686,53.21287,15.30507,19.19405,24.02444,CLOSE
-0.0544589,0.02857816,0.0034374,-0.03635958,-0.01702881,0.007180929,-0.0292865,-0.01833242,0.01822025,-0.01800702,-0.01442766,0.02293682,-0.01213809,-0.003672957,0.02906772,52.82433,18.83467,17.83371,24.58147,CLOSE
-0.04953842,0.01593962,0.03455836,-0.03926066,-0.01682475,0.00851506,-0.03219249,-0.01896924,0.01814568,-0.01876606,-0.01556194,0.02453107,-0.01216974,-0.005249619,0.03077763,43.57963,16.17567,20.63301,23.21789,CLOSE
-0.05474019,0.01785505,0.02493787,-0.03945393,-0.01636553,0.006468892,-0.03277292,-0.01859853,0.01634586,-0.01919514,-0.01540017,0.02304447,-0.01208869,-0.005693793,0.03069621,41.54372,16.30061,21.07612,24.49714,CLOSE
-0.05038938,0.02001065,0.02301854,-0.03726894,-0.0159165,0.004583329,-0.03002669,-0.01733783,0.01606858,-0.01719505,-0.01344171,0.02281222,-0.01092697,-0.003472745,0.03021798,46.12456,19.55447,22.34354,25.11596,CLOSE
-0.04782022,0.01936436,0.02663451,-0.03838948,-0.01643452,0.007616937,-0.03077225,-0.01776451,0.01817417,-0.01769838,-0.01381779,0.02431804,-0.01106092,-0.003373027,0.03104913,45.7294,17.94361,21.14358,24.56125,CLOSE
-0.0530921,0.01871359,0.03012124,-0.04002974,-0.01621261,0.01076025,-0.03340312,-0.01837239,0.01983801,-0.01981048,-0.01519841,0.02581614,-0.01226117,-0.004964381,0.031955,40.95882,14.90011,19.70312,23.00922,CLOSE
-0.05292694,0.02167305,0.02399325,-0.03977392,-0.0154275,0.01053345,-0.0329573,-0.01718372,0.01998368,-0.01944427,-0.01373145,0.02597907,-0.01187329,-0.003407568,0.03219315,42.05835,15.55407,20.14711,23.52411,CLOSE
-0.05120997,0.02120477,0.02718791,-0.03928516,-0.0156287,0.01161784,-0.03241283,-0.01720452,0.02089271,-0.01908591,-0.01351434,0.02651852,-0.01161714,-0.002834499,0.03211501,42.48418,15.40901,19.75199,23.4399,CLOSE
-0.0423036,0.0183368,0.03937554,-0.03837583,-0.01677322,0.009748548,-0.03136792,-0.01783893,0.02097714,-0.02074464,-0.01435652,0.02625251,-0.01455458,-0.002780735,0.03092605,49.3132,17.95061,16.44895,22.47558,CLOSE
-0.03960311,0.0183647,0.04129121,-0.03816915,-0.01600853,0.00851348,-0.0309593,-0.01735109,0.02018496,-0.02225421,-0.0139412,0.02606887,-0.01604558,-0.001889378,0.03136981,51.83081,18.9988,15.32137,23.0761,CLOSE
-0.03102494,0.01629713,0.04297918,-0.03820502,-0.01100817,0.0004134178,-0.02984926,-0.01351833,0.01536438,-0.0197309,-0.01180935,0.02320549,-0.01605413,-0.0002152324,0.03010762,62.33828,25.80085,20.81816,24.04613,CLOSE
-0.03140612,0.0142467,0.04304397,-0.03393879,-0.009144306,0.003477216,-0.02889302,-0.01309055,0.01427436,-0.01707366,-0.01249123,0.02155817,-0.01130533,-0.003912449,0.02900261,56.14504,20.61385,23.35314,23.78159,CLOSE
-0.03577979,0.01250711,0.0392659,-0.03482721,-0.01078343,0.003424883,-0.02908255,-0.01485801,0.01330763,-0.01706474,-0.0138379,0.0208104,-0.01137246,-0.005288213,0.02785775,51.43993,19.31952,23.4796,23.63347,CLOSE
-0.07299042,0.02061018,-0.004076421,-0.04536231,-0.01013955,0.003558815,-0.03544802,-0.01396972,0.01186594,-0.02071292,-0.01212662,0.02051616,-0.01269168,-0.004670292,0.02949655,29.30977,15.59244,24.44686,25.51313,CLOSE
-0.0716382,0.01970881,0.001450181,-0.04460992,-0.01126903,0.00475356,-0.0351257,-0.01492339,0.01322025,-0.02020545,-0.01310587,0.0216648,-0.01206848,-0.00552544,0.03019279,29.87901,15.76601,24.37808,24.73545,CLOSE
-0.06745347,0.01473802,0.01339364,-0.04361258,-0.01271179,0.006017566,-0.03521488,-0.01678735,0.01485211,-0.02079852,-0.01547456,0.02221847,-0.01250424,-0.008104265,0.0310412,28.39815,16.01762,21.91885,23.85581,CLOSE
-0.06824597,0.01564872,0.01124087,-0.04318763,-0.01162985,0.004804671,-0.03510182,-0.01591015,0.01394391,-0.02067045,-0.01490083,0.02175856,-0.01235551,-0.007933497,0.03062582,27.8909,16.46672,22.79149,23.95822,CLOSE
-0.08064653,0.0246481,-0.006350458,-0.04965446,-0.003055781,0.004300058,-0.0339952,-0.01277006,0.009780586,-0.01884356,-0.01268932,0.01873872,-0.01132844,-0.007171959,0.02899116,22.48321,19.60352,27.10342,25.68004,CLOSE
-0.08069228,0.0254454,-0.003944457,-0.051237,-0.0009891689,0.005428195,-0.03373211,-0.01234311,0.009041131,-0.0184323,-0.01239431,0.01789424,-0.0108665,-0.007279634,0.02863479,20.52433,20.35249,27.56957,26.59512,CLOSE
-0.07739234,0.02148199,0.009502739,-0.04444607,-0.00803408,0.005970091,-0.03210239,-0.01504761,0.01209354,-0.01739836,-0.01471558,0.01990131,-0.009235356,-0.009354025,0.03044331,25.56804,18.34427,25.766,25.67275,CLOSE
-0.07619555,0.02336329,0.006306708,-0.04395628,-0.00600493,0.003877997,-0.03400036,-0.01317382,0.0105978,-0.01953201,-0.01380333,0.01868084,-0.0112618,-0.009083956,0.02945468,24.74326,17.2779,25.05871,25.9386,CLOSE
-0.0764727,0.02099097,0.009343863,-0.04453729,-0.006129742,0.005453676,-0.03293552,-0.01393649,0.01096714,-0.01832696,-0.01453674,0.01865792,-0.01007815,-0.009899557,0.02935937,23.02014,17.89163,25.4303,25.9775,CLOSE
-0.0762275,0.02298874,0.007265478,-0.04602867,-0.004555523,0.005072594,-0.03464263,-0.01221761,0.01082003,-0.01972808,-0.01278636,0.01883161,-0.01095734,-0.007998705,0.02953103,22.34486,16.8799,25.23492,26.69487,CLOSE
-0.07765214,0.02290204,0.003776044,-0.04733483,-0.003697842,0.004996866,-0.034889,-0.01174855,0.01063499,-0.01968048,-0.0121496,0.01892665,-0.01087438,-0.007308394,0.02974024,21.10139,17.15228,25.84447,26.95938,CLOSE
-0.07823946,0.0194937,0.0002480149,-0.04758823,-0.006082058,0.004878908,-0.03312382,-0.01340234,0.01110119,-0.01788657,-0.01283351,0.01965719,-0.009799093,-0.007583827,0.03051662,21.96969,18.41358,27.1429,26.16223,CLOSE
-0.07643564,0.01981038,-0.001673162,-0.04630606,-0.007364511,0.004031599,-0.03331472,-0.01346058,0.01150596,-0.01834225,-0.01260361,0.01998159,-0.01033779,-0.006956398,0.0305776,24.32746,18.0472,26.41358,25.91194,CLOSE
-0.07640973,0.01907304,-0.00203979,-0.04713744,-0.00849697,0.005248785,-0.03316773,-0.01413932,0.01247841,-0.01802707,-0.012786,0.02050829,-0.0100051,-0.006607413,0.03082174,25.40113,17.93443,25.92295,25.90349,CLOSE
-0.0698611,0.0150632,0.01439741,-0.0437935,-0.0155302,0.01199096,-0.03200437,-0.01849353,0.01827335,-0.01656847,-0.01542574,0.02454072,-0.008440375,-0.006839812,0.03135744,31.01835,15.37392,23.34462,23.65627,CLOSE
-0.05594153,0.01071939,0.0326733,-0.04054575,-0.01997697,0.02001831,-0.032119,-0.02182686,0.02616122,-0.01759252,-0.01761079,0.0306142,-0.008678555,-0.006907374,0.03512976,33.46096,12.24675,18.66598,21.78178,CLOSE
-0.05100481,0.004238993,0.05105698,-0.04160891,-0.0237408,0.03144091,-0.03770343,-0.02481332,0.03883865,-0.02180295,-0.0209699,0.04015991,-0.009840995,-0.009708226,0.04022229,28.89172,7.980746,14.2198,18.02508,CLOSE
-0.04653897,0.004843682,0.05630615,-0.03956927,-0.02260187,0.03226846,-0.03563927,-0.02360952,0.03940842,-0.01938776,-0.01952869,0.03978372,-0.00780315,-0.008521825,0.039819,29.75376,7.932142,14.75379,18.51314,CLOSE
-0.04357332,0.0119136,0.05858952,-0.03645448,-0.01926264,0.03420398,-0.03289957,-0.02065766,0.04105741,-0.0171422,-0.01621053,0.04153359,-0.005530003,-0.005019724,0.04024929,31.94872,7.574399,15.30995,19.08999,CLOSE
-0.04396271,0.01157489,0.05868828,-0.03680377,-0.0193328,0.03427801,-0.03314847,-0.02084222,0.04101479,-0.01736232,-0.01650274,0.04143801,-0.005697768,-0.005353391,0.04008433,31.62621,7.555619,15.20586,18.9945,CLOSE
-0.04397372,0.01108038,0.05938929,-0.03747809,-0.01947325,0.03495815,-0.03347498,-0.02120155,0.04129514,-0.01765965,-0.01710317,0.04154792,-0.005884171,-0.006060183,0.03988689,31.08672,7.478872,14.94046,18.66512,CLOSE
-0.04412706,0.01117414,0.05884266,-0.03761211,-0.01931369,0.03419444,-0.03317377,-0.02110872,0.04038307,-0.01727459,-0.01707426,0.04063851,-0.005621444,-0.006081551,0.0394671,31.31747,7.838595,15.24339,19.03382,CLOSE
-0.04416843,0.01107809,0.0584864,-0.0376303,-0.01935986,0.03363457,-0.03315298,-0.02113509,0.03987858,-0.01722886,-0.0170691,0.04021171,-0.005628256,-0.00605613,0.03931725,31.54474,7.964816,15.38464,19.2357,CLOSE
-0.04439019,0.01102528,0.05796847,-0.03780425,-0.01937917,0.03287211,-0.03338647,-0.02112776,0.03922707,-0.01747593,-0.01701826,0.0397664,-0.005927889,-0.005986691,0.03919458,31.82538,8.062071,15.49837,19.39734,CLOSE
-0.04463232,0.01127511,0.05724487,-0.038168,-0.01912138,0.03199038,-0.03383593,-0.02079847,0.03852168,-0.01799209,-0.01664791,0.03935984,-0.006491862,-0.005619526,0.03911555,32.11159,8.19659,15.58515,19.54396,CLOSE
-0.04639781,0.01141104,0.05186972,-0.04006114,-0.01692227,0.02447867,-0.03668592,-0.01867262,0.0321275,-0.02186505,-0.01477695,0.03498691,-0.01061716,-0.003910542,0.03733906,33.48306,9.238823,15.78305,20.99431,CLOSE
-0.04455889,0.01206243,0.05105796,-0.03950069,-0.01673526,0.02208853,-0.03566254,-0.01847178,0.03001785,-0.0213583,-0.01442569,0.03303766,-0.0105494,-0.0032942,0.03643632,36.02848,10.23873,15.97248,22.25294,CLOSE
-0.04069275,0.01353511,0.04217336,-0.03442072,-0.01408264,0.00791496,-0.02883594,-0.01661772,0.01633808,-0.01567568,-0.01215148,0.02308252,-0.009370454,-0.001877397,0.03052974,47.54073,15.88509,23.96315,26.08611,CLOSE
-0.04117809,0.009412616,0.04631984,-0.03524752,-0.01534426,0.009784102,-0.02945944,-0.0192703,0.0174554,-0.01553374,-0.0163922,0.02308455,-0.007531259,-0.007294863,0.03099892,44.94051,15.09934,22.00743,25.71073,CLOSE
-0.05431019,0.01225805,0.03744385,-0.04198562,-0.01798531,0.01468164,-0.03664723,-0.02156571,0.02232403,-0.0222945,-0.01917541,0.02659261,-0.01156387,-0.009806275,0.03311628,35.84159,11.94123,16.65384,23.27744,CLOSE
-0.05217531,0.0089809,0.03335363,-0.04075313,-0.01860002,0.009993941,-0.03582473,-0.02242178,0.01816371,-0.02478778,-0.01922137,0.02649954,-0.0172617,-0.00796774,0.03565073,37.03588,12.84234,17.61602,23.1244,CLOSE
-0.05090033,0.007467449,0.0312272,-0.03913854,-0.01834556,0.005988508,-0.03322641,-0.02235302,0.01450047,-0.02240377,-0.01927206,0.02273807,-0.01722826,-0.008803815,0.03314462,38.95603,14.74252,18.6264,23.80429,CLOSE
-0.04767673,0.005535603,0.03054732,-0.0377584,-0.01745516,0.001459062,-0.03116114,-0.02167651,0.01087663,-0.01992179,-0.018897,0.01912224,-0.01559794,-0.009752154,0.0293715,42.42115,17.10911,20.39985,24.32759,CLOSE
-0.04573813,0.005974054,0.03074366,-0.03633649,-0.01550749,-0.001235247,-0.02972833,-0.0200085,0.009673715,-0.01860154,-0.0177379,0.01775801,-0.01480808,-0.009309322,0.02739018,45.6613,20.00979,21.39274,24.07447,CLOSE
-0.03521397,0.009087324,0.04309708,-0.03392272,-0.002070606,-0.007416904,-0.03020338,-0.008725971,0.005346715,-0.01882545,-0.01121697,0.01489496,-0.01385251,-0.006903201,0.02544469,64.12415,25.2907,27.9949,24.65158,CLOSE
0.007877342,0.07507986,-0.04586115,-0.01689941,0.03265765,-0.04171547,-0.0187709,0.01581287,-0.03646961,-0.0222354,0.001238972,-0.02064288,-0.03265805,-0.002835572,-0.009452015,30.50743,15.55503,26.95827,27.63711,CLOSE
0.0280081,0.06823519,-0.010061,0.02366795,0.0253672,-0.02588335,0.01488052,0.01958433,-0.03049845,-0.002104595,0.00863868,-0.02775636,-0.01709235,0.01215121,-0.03018349,34.54134,14.96972,30.45514,23.98389,CLOSE
0.03446154,0.06951341,-0.02266404,0.02059826,0.01851419,-0.02728119,0.01074065,0.01258036,-0.03061709,-0.005340442,0.005490601,-0.02608135,-0.01964004,0.009439081,-0.02869073,33.67096,17.61707,31.06996,22.46587,CLOSE
0.03319694,0.06933564,-0.02504668,0.01941314,0.01814017,-0.02777076,0.01022131,0.01190728,-0.0305576,-0.005820036,0.004997313,-0.02565393,-0.02022449,0.008507311,-0.02798709,33.27962,16.93031,31.53872,22.74161,CLOSE
0.03411329,0.06898609,-0.02421886,0.01878266,0.01952597,-0.02802372,0.009785734,0.0103969,-0.0290747,-0.006305851,0.002857,-0.02487645,-0.02008025,0.004636496,-0.02669713,32.01843,17.88193,34.26069,22.59911,CLOSE
0.02237704,0.0708383,-0.02966234,0.02032287,0.02058703,-0.02882594,0.01097989,0.01078793,-0.02924132,-0.00463479,0.002341241,-0.02584353,-0.01989517,0.002792656,-0.02828449,32.07226,17.34638,33.05773,24.86851,CLOSE
0.01108511,0.06968561,-0.03862816,0.0158396,0.02002329,-0.03370371,0.005097337,0.01162928,-0.03408721,-0.007094357,0.002935857,-0.0270198,-0.02402496,-0.0002094805,-0.02598339,32.36782,18.03382,25.91609,28.70494,CLOSE
0.001256574,0.06740108,-0.05042049,-0.01114554,0.01635662,-0.04452237,-0.01457407,0.004984319,-0.03960437,-0.02064627,-0.005306631,-0.02336705,-0.03143102,-0.007719696,-0.01234546,35.64318,14.19648,26.78325,26.75198,CLOSE
-0.006943442,0.06428975,-0.05668464,-0.01902034,0.01716748,-0.04458621,-0.01744531,0.001933873,-0.03439832,-0.02215943,-0.006963372,-0.0190767,-0.03182218,-0.008887261,-0.006926358,31.68011,17.03885,27.52962,27.60439,CLOSE
-0.01773479,0.06091461,-0.05506694,-0.01579225,0.01323515,-0.03713581,-0.02012941,0.002913117,-0.02997106,-0.02335036,-0.005522132,-0.01614308,-0.03221923,-0.008960903,-0.003446519,28.6407,17.20368,26.45843,28.1245,CLOSE
-0.01642378,0.06208155,-0.05685756,-0.02048599,0.01352376,-0.04117006,-0.0221997,0.002777845,-0.03209627,-0.02447084,-0.00607416,-0.01685083,-0.03269877,-0.009231985,-0.004383087,31.19286,14.72349,25.91009,26.45914,CLOSE
-0.01777176,0.06145468,-0.05612081,-0.0194235,0.01243782,-0.03977981,-0.02191905,0.002078563,-0.03105044,-0.02416758,-0.006409794,-0.01642734,-0.03250562,-0.009561747,-0.004126579,31.34472,15.4834,25.65709,26.40001,CLOSE
-0.01892538,0.05861911,-0.05723512,-0.01700753,0.01032242,-0.03836006,-0.02166921,0.001337349,-0.03053993,-0.02442483,-0.006596595,-0.01656067,-0.03285624,-0.009160846,-0.004175365,30.75426,16.3304,25.08015,26.23235,CLOSE
-0.01690635,0.06003979,-0.05527055,-0.01585544,0.01240516,-0.03941721,-0.01972251,0.002363563,-0.03168285,-0.02334317,-0.005983651,-0.01819742,-0.03250502,-0.009028256,-0.00640595,30.09271,16.01481,25.07419,26.32665,CLOSE
0.01371451,0.06777239,-0.0401569,0.006142557,0.01716104,-0.04523951,-0.001091428,0.008339137,-0.04072952,-0.01187358,-0.0005244911,-0.03131682,-0.0252928,-0.001672864,-0.02870274,38.22026,12.67588,22.81215,20.67518,CLOSE
0.0134039,0.06635565,-0.03831562,0.008792326,0.01751572,-0.0452818,0.002471335,0.01154155,-0.04132617,-0.009779114,0.003489316,-0.03340271,-0.02302251,0.003450096,-0.03445211,38.22603,8.877878,21.7321,17.38769,CLOSE
0.01344163,0.06622806,-0.03788939,0.008202471,0.01699892,-0.04481331,0.002479017,0.01115119,-0.04115796,-0.009742893,0.003670305,-0.03335795,-0.02311915,0.004564881,-0.03517857,38.8485,8.475237,21.40033,16.93445,CLOSE
0.01468521,0.06626242,-0.0375748,0.00834363,0.01715836,-0.04448414,0.002721511,0.01116645,-0.04129434,-0.009492826,0.003909349,-0.03359467,-0.02301251,0.005628824,-0.03582382,38.68872,8.632083,21.06782,16.84988,CLOSE
0.01672728,0.06583893,-0.03827056,0.007843673,0.01669988,-0.0453172,0.002043247,0.009762794,-0.04209855,-0.01012271,0.003566831,-0.03293893,-0.02352843,0.005459696,-0.03565612,38.99439,9.660295,20.83312,16.28529,CLOSE
0.006451868,0.06357092,-0.04950219,0.008971192,0.01285639,-0.03790358,0.003034249,0.006803662,-0.03685522,-0.00887306,-0.001892775,-0.0280208,-0.02318426,-0.005163699,-0.02475765,33.91114,11.44224,26.28854,25.87277,CLOSE
0.001582354,0.06045347,-0.05433044,0.007127587,0.01218128,-0.03695101,0.0001899712,0.005685657,-0.03624579,-0.01070999,-0.003344893,-0.02633089,-0.02433643,-0.007069856,-0.02026746,31.03674,13.70288,27.27898,28.27676,CLOSE
0.0001030676,0.06045739,-0.05436286,0.007105451,0.01321989,-0.03564358,-0.0007596575,0.006155908,-0.03539479,-0.0111739,-0.003265947,-0.02550268,-0.02444543,-0.007408798,-0.01869509,29.46663,15.74677,27.80784,29.26616,CLOSE
-0.008371342,0.0604894,-0.05427824,-0.001978684,0.01462224,-0.03351283,-0.01062101,0.005052358,-0.03215224,-0.01727399,-0.005029023,-0.0215793,-0.02855555,-0.01058301,-0.01296991,24.60437,20.73833,27.6682,27.30177,CLOSE
-0.008096714,0.06033607,-0.05400702,-0.001132358,0.01432848,-0.03350508,-0.0099549,0.004879653,-0.032175,-0.0168735,-0.005058646,-0.02178901,-0.02814861,-0.01026502,-0.0134781,25.26247,20.88265,27.68675,26.94967,CLOSE
-0.009178434,0.06028974,-0.05334328,-0.0009302497,0.01432449,-0.03333828,-0.009788208,0.004847944,-0.032038,-0.01669728,-0.005132526,-0.02179885,-0.02782379,-0.01025328,-0.01361376,25.67479,21.04905,27.73082,26.74232,CLOSE
-0.009603091,0.06028487,-0.05303787,-0.0008809902,0.01432613,-0.03326192,-0.009703606,0.004841805,-0.03199321,-0.01660642,-0.005167186,-0.02181345,-0.02768294,-0.0102756,-0.01368695,25.85725,21.05575,27.7541,26.67084,CLOSE
-0.02739244,0.05507736,-0.05236384,-0.01259759,0.01062542,-0.03251496,-0.01900749,0.002393544,-0.02892977,-0.02234494,-0.005997956,-0.01607174,-0.03033056,-0.009166151,-0.004406333,26.60743,17.61579,26.42653,26.91956,CLOSE
-0.05119119,0.02544743,0.0403941,-0.03887606,0.01058257,-0.003603697,-0.03701697,-0.001367003,0.002042651,-0.02612663,-0.01084113,0.007259905,-0.01935339,-0.01542735,0.01835608,41.70906,19.19647,23.06728,26.38203,CLOSE
-0.05644432,0.03495079,0.03535095,-0.03908937,0.01243463,0.0004229844,-0.03747645,0.0003178418,0.004529595,-0.02665206,-0.01023054,0.008248866,-0.01887796,-0.0161958,0.01806018,30.59364,18.23766,22.95817,26.45066,CLOSE
-0.05648027,0.03530228,0.03420022,-0.03871669,0.01271534,0.001689106,-0.03724053,0.0009050667,0.005205989,-0.02646429,-0.009928972,0.008668572,-0.01838998,-0.01667792,0.01815993,28.11751,17.62115,23.25641,27.08083,CLOSE
-0.05521897,0.03313196,0.03631464,-0.0384372,0.01375544,0.003142893,-0.036916,0.001591235,0.005987763,-0.02622035,-0.009769857,0.008686721,-0.01804058,-0.01777053,0.01768303,27.19936,17.75683,23.67478,27.8301,CLOSE
-0.05458552,0.03209215,0.03891006,-0.03838813,0.01325685,0.006120533,-0.03685817,0.001911014,0.007322043,-0.02598447,-0.01079163,0.009265691,-0.01772863,-0.01947248,0.01751676,25.32709,16.06157,25.62774,27.22432,CLOSE
-0.05490227,0.0334684,0.04052427,-0.03867595,0.01265469,0.007137954,-0.03674618,0.001099467,0.008168101,-0.02575052,-0.01150742,0.009818196,-0.017223,-0.02015603,0.01787049,25.41578,16.29128,25.65862,26.98458,CLOSE
-0.05482524,0.02982464,0.04164797,-0.03982195,0.0125457,0.00630033,-0.03783922,0.001214445,0.007576555,-0.02630847,-0.01141843,0.009446651,-0.01821163,-0.02049187,0.01785424,27.12139,15.65108,25.39198,26.79963,CLOSE
-0.05430614,0.02692005,0.04255325,-0.04024421,0.01217648,0.00621736,-0.038251,0.001160592,0.007423013,-0.02649954,-0.01111111,0.009494245,-0.01822048,-0.02107987,0.01802757,28.05403,15.09757,24.76331,27.82172,CLOSE
-0.05427915,0.02507341,0.04385182,-0.04063829,0.01157877,0.007080793,-0.03800266,0.000264585,0.008054644,-0.02608388,-0.01129487,0.009980232,-0.017143,-0.0216637,0.01813009,27.93653,15.42646,24.05721,28.74562,CLOSE
-0.0539302,0.02273688,0.04319605,-0.03980212,0.01123354,0.00507167,-0.03637048,-0.0005779564,0.006659508,-0.02525337,-0.01132312,0.009187907,-0.01636063,-0.02077702,0.01876658,30.14392,16.82012,23.85926,29.76657,CLOSE
-0.05109164,0.01850945,0.04457355,-0.03943087,0.01109669,0.003554463,-0.03575164,-0.001574576,0.005808204,-0.02467164,-0.01201105,0.008421928,-0.01682467,-0.02044788,0.01922458,34.61004,18.58914,24.10558,28.85947,CLOSE
-0.05060831,0.01743913,0.04443258,-0.03924798,0.01073542,0.002751648,-0.03544031,-0.002078891,0.005397856,-0.02421051,-0.01223129,0.00827539,-0.01670181,-0.01963949,0.0190939,35.98397,19.14272,24.30061,28.09734,CLOSE
-0.05144754,0.0181976,0.04416251,-0.03927239,0.01011512,0.003116697,-0.03535406,-0.002419919,0.005783409,-0.02398811,-0.01241899,0.00866735,-0.0160628,-0.0196743,0.01911223,34.8882,18.86252,24.31297,28.1192,CLOSE
-0.05231602,0.01906747,0.04400069,-0.03910946,0.009506553,0.003354311,-0.03551913,-0.002806753,0.005960047,-0.02402632,-0.01266211,0.008810461,-0.01575609,-0.01962319,0.0188719,34.04809,18.64384,24.11201,27.95901,CLOSE
-0.05352826,0.01926577,0.04313731,-0.03906404,0.009706408,0.002916664,-0.03599024,-0.002467483,0.005305886,-0.02466715,-0.01246506,0.008242458,-0.01625639,-0.01947698,0.01813108,33.45845,18.25948,23.78859,28.11314,CLOSE
-0.05307765,0.01785767,0.04378831,-0.03953534,0.009792238,0.00322175,-0.03629249,-0.002566934,0.005525142,-0.02494469,-0.01256722,0.008362651,-0.01628716,-0.01940078,0.01821014,33.77108,18.30176,23.52808,28.1015,CLOSE
-0.0516144,0.01523054,0.04384956,-0.03997505,0.009181529,0.001829773,-0.03628602,-0.003463984,0.004518002,-0.02462667,-0.013078,0.007756948,-0.01681967,-0.02011028,0.01865438,36.75861,18.86571,23.62665,28.04493,CLOSE
-0.05084365,0.01430097,0.04429826,-0.03972016,0.007514626,0.00176087,-0.03617497,-0.004341125,0.004488915,-0.02426018,-0.01348105,0.008037299,-0.0161892,-0.02113584,0.01960418,37.76599,18.06744,23.57157,29.03691,CLOSE
-0.05612786,0.01322058,0.04204804,-0.03983086,-0.0002039373,0.002212524,-0.03527056,-0.01042548,0.005636811,-0.0218199,-0.0175609,0.01056951,-0.01300021,-0.0218178,0.02176297,35.21595,17.00519,24.66677,26.40282,CLOSE
-0.06064084,0.002033472,0.04706445,-0.04119628,-0.01557809,0.01235971,-0.03425683,-0.02253044,0.01472148,-0.01889509,-0.02444664,0.01825222,-0.008869715,-0.02266365,0.02853474,29.79916,12.68722,20.24484,22.60565,CLOSE
-0.06347542,-0.01020759,0.04602861,-0.03616914,-0.02964652,0.01920736,-0.02808457,-0.03404111,0.02029991,-0.01225151,-0.03118157,0.02387708,-0.003234908,-0.02560341,0.03336924,29.40434,10.48032,18.93881,19.61534,CLOSE
-0.05781139,-0.01975363,0.04754698,-0.03353174,-0.03332263,0.01648766,-0.02585504,-0.03753477,0.01844692,-0.01212242,-0.03528929,0.02534652,-0.002548046,-0.02880096,0.034145,29.2797,10.32388,18.31621,18.60958,CLOSE
-0.015648,-0.03733355,0.06191576,-0.01866832,-0.04184794,0.02695823,-0.01005273,-0.04201031,0.02891499,0.003044778,-0.03286612,0.0282864,0.01293366,-0.02286774,0.03343725,26.37042,9.555161,16.36604,20.02002,CLOSE
-0.01083782,-0.03536779,0.06180489,-0.017203,-0.04101521,0.02196211,-0.009463339,-0.04299569,0.0250386,0.002161038,-0.03505778,0.02650434,0.0110752,-0.02462983,0.03234911,33.06075,9.724839,15.21007,19.78422,CLOSE
-0.009340316,-0.0366298,0.05908793,-0.02076758,-0.04055226,0.01998538,-0.01285888,-0.04367822,0.02452838,-0.001195336,-0.03911483,0.03052497,0.009362569,-0.02760619,0.03524131,34.95428,10.67676,15.57316,19.14138,CLOSE
-0.01097844,-0.03634018,0.06006986,-0.01974361,-0.04081911,0.02083862,-0.01184658,-0.04407322,0.02558649,-0.0008326545,-0.03948814,0.0322929,0.009478778,-0.02722448,0.03568369,33.6495,10.63201,15.15267,18.49493,CLOSE
-0.02118214,-0.02384728,0.06246126,-0.02049172,-0.03390944,0.0285328,-0.01275183,-0.03684461,0.03356898,-0.001065567,-0.02915484,0.03330964,0.007084854,-0.0177002,0.03941578,27.94907,10.67817,14.46162,20.03605,CLOSE
0.01416947,-0.03262484,0.05865079,-0.01955281,-0.03958327,0.02648789,-0.00804168,-0.04064709,0.0271976,0.005490303,-0.0363363,0.03162742,0.0179148,-0.02727658,0.04253453,43.35439,12.98217,17.40908,20.49734,CLOSE
0.009839699,-0.03280133,0.0586431,-0.01788183,-0.03943074,0.02437186,-0.008024812,-0.04198951,0.0243504,0.004519388,-0.03845173,0.030568,0.01557845,-0.02735066,0.03532666,40.99389,11.80918,16.8551,19.36623,CLOSE
0.01010236,-0.0351299,0.05670452,-0.01950666,-0.03995883,0.0286603,-0.008682832,-0.04211211,0.02692789,0.00489895,-0.03721815,0.02695417,0.01659974,-0.02774233,0.02712792,37.49125,12.14249,16.27836,18.91532,CLOSE
0.01132467,-0.03434044,0.05640304,-0.02183217,-0.03985786,0.02943677,-0.01013695,-0.04192811,0.02703476,0.003707454,-0.03674406,0.02561039,0.01569022,-0.0273335,0.02606744,39.93068,12.76929,16.34703,19.73928,CLOSE
0.001595214,-0.01542157,0.06280982,-0.02459564,-0.03054309,0.02781957,-0.01524834,-0.03266019,0.03214872,0.001784936,-0.0259043,0.0284096,0.01138628,-0.01631987,0.03313947,45.52855,12.52598,21.28093,21.46571,CLOSE
-0.001571655,-0.01206839,0.06292754,-0.02571836,-0.02868533,0.02777034,-0.01642303,-0.03056812,0.03313422,0.0001955777,-0.02401781,0.0314551,0.008440837,-0.01431167,0.03668821,45.48386,13.09357,20.96038,19.83304,CLOSE
-0.008597348,-0.02544886,0.06009454,-0.01601654,-0.03816509,0.02626759,-0.009107765,-0.04135245,0.03471762,0.002329506,-0.03161472,0.03658479,0.00836597,-0.02060527,0.04355162,33.60616,10.8743,15.33788,16.96142,CLOSE
-0.01263838,-0.02899331,0.06178486,-0.01452263,-0.0393998,0.02353036,-0.006593844,-0.04156268,0.02739018,0.005893273,-0.03090149,0.02607423,0.01204992,-0.02004844,0.03180569,33.69589,10.31546,17.21726,19.58411,CLOSE
-0.01178634,-0.03010076,0.06291562,-0.01186769,-0.04094195,0.01998252,-0.002918877,-0.03948534,0.01961422,0.006447196,-0.02897179,0.02298564,0.01035789,-0.01730913,0.03125077,37.85042,10.82027,18.17258,22.8685,CLOSE
-0.01403538,-0.03173542,0.06091166,-0.01517811,-0.04251957,0.01725221,-0.005858235,-0.0411514,0.01938891,0.003474515,-0.03278303,0.02484906,0.007131539,-0.02103138,0.03347945,39.52964,11.38367,17.02411,21.21162,CLOSE
-0.0131322,-0.03204608,0.06048191,-0.01545075,-0.04275769,0.01665843,-0.006078213,-0.04147613,0.01926702,0.002804913,-0.03402448,0.0260244,0.00663209,-0.02198994,0.03439784,40.11765,11.58861,16.83793,20.6036,CLOSE
-0.01068759,-0.03143269,0.0606783,-0.01683073,-0.04284173,0.01654702,-0.007074561,-0.04182625,0.02019149,0.001440968,-0.0355202,0.02877587,0.006064356,-0.02313769,0.03662199,41.58417,12.31547,16.84637,19.61911,CLOSE
-0.006513337,-0.03329486,0.06084567,-0.0193072,-0.04196227,0.01659262,-0.00914349,-0.04279774,0.02102363,0.001703467,-0.03514308,0.02535397,0.007811597,-0.02318776,0.03159744,42.212,13.06417,16.24494,19.93176,CLOSE
-0.01736749,-0.03544009,0.0588662,-0.01794525,-0.04340684,0.02103323,-0.008682616,-0.04535335,0.02775335,0.002190553,-0.0365876,0.02892774,0.007898536,-0.02409929,0.03377342,32.14821,12.3794,13.78232,17.95771,CLOSE
-0.02104713,-0.03503376,0.05814201,-0.01897376,-0.04375315,0.02158934,-0.0102871,-0.04568404,0.02876723,0.001236122,-0.0369702,0.03021538,0.006468594,-0.02444988,0.03434527,31.04764,11.91165,14.13891,16.85727,CLOSE
-0.03592302,-0.02894598,0.05636579,-0.02554385,-0.04065073,0.02075362,-0.01658202,-0.04281503,0.027089,-0.002665296,-0.03431511,0.02567095,0.004063971,-0.02242386,0.03174186,31.04342,12.11129,15.20969,20.3101,CLOSE
-0.04201289,-0.02854693,0.0557605,-0.0265163,-0.04068142,0.02164328,-0.01814352,-0.04271275,0.02806115,-0.003701888,-0.03389728,0.02631658,0.003089979,-0.0229584,0.03411949,29.73142,11.42605,15.2646,20.42296,CLOSE
-0.04617164,-0.02940691,0.05500245,-0.0276874,-0.04133356,0.0231365,-0.02044815,-0.04370016,0.02945018,-0.005192228,-0.03513306,0.02725333,0.001778431,-0.02460945,0.03521824,27.79542,10.04694,15.01053,19.4477,CLOSE
-0.05057436,-0.03070766,0.05391282,-0.02874812,-0.04200029,0.02407247,-0.02237038,-0.04478836,0.03024006,-0.006700978,-0.03673995,0.02807117,0.0009458885,-0.02614033,0.03524399,26.26537,9.034637,14.60138,18.60287,CLOSE
-0.03901932,-0.03378534,0.05366188,-0.02823369,-0.04204118,0.01838624,-0.02092296,-0.04575533,0.02420974,-0.007823627,-0.03951001,0.0272851,0.0001751482,-0.02873117,0.03424317,28.99237,10.31973,14.30459,18.00504,CLOSE
-0.02874042,-0.0352909,0.05451405,-0.02665811,-0.04251224,0.01781893,-0.01860707,-0.04599351,0.02336252,-0.006637579,-0.04025906,0.02869505,0.001525836,-0.02865422,0.03441042,31.10441,10.8881,14.73827,17.55594,CLOSE
-0.009109048,-0.03139353,0.06035292,-0.01559105,-0.04208153,0.01858795,-0.005347852,-0.0412218,0.02254492,0.004512522,-0.03259999,0.02744597,0.01074038,-0.01907849,0.03317767,39.1646,13.10619,16.94334,21.85437,CLOSE
-0.007054649,-0.03399396,0.06064337,-0.01434713,-0.04216468,0.01883203,-0.005365225,-0.04251939,0.02249008,0.005061327,-0.03049624,0.0252676,0.012984,-0.02006477,0.03195566,37.61675,11.51293,18.00156,21.23321,CLOSE
-0.02324546,-0.03106618,0.05880094,-0.01942206,-0.03918976,0.01912081,-0.0117713,-0.04139823,0.02498078,-0.001525102,-0.03237647,0.03004122,0.005686731,-0.02133322,0.03719449,33.83777,11.39425,16.49205,19.72181,CLOSE
-0.04330892,-0.01380038,0.05224153,-0.03441868,-0.02965024,0.01841921,-0.03005722,-0.03353241,0.02414024,-0.01655334,-0.02862743,0.02849239,-0.01047393,-0.01605347,0.04064092,32.52858,9.062085,15.8667,24.06659,CLOSE
-0.04451761,-0.01376596,0.05287674,-0.03555638,-0.03014821,0.02087399,-0.03152282,-0.03362447,0.02690461,-0.01707226,-0.02823374,0.03031549,-0.01014458,-0.01613742,0.03992945,30.5032,8.470902,15.60177,21.91152,CLOSE
-0.03103858,-0.009071767,0.05741936,-0.02895547,-0.03307778,0.0195846,-0.02134086,-0.03211832,0.02873158,-0.00610356,-0.02119035,0.02669007,-0.0008301809,-0.008115232,0.0317471,42.89686,14.25754,18.62566,25.49089,CLOSE
-0.02624619,-0.01018989,0.05895692,-0.02693885,-0.03374994,0.02025336,-0.01892699,-0.03267616,0.02907085,-0.005180962,-0.02178127,0.02790451,-0.0003111288,-0.008570015,0.03325701,43.91009,14.41355,18.05392,24.70094,CLOSE
-0.02032952,-0.01232237,0.06106353,-0.0228362,-0.0354923,0.02264827,-0.01435066,-0.0342142,0.02947217,-0.004260011,-0.02590662,0.03387696,1.561642E-05,-0.01168585,0.04058039,43.28939,13.20071,16.62458,22.06181,CLOSE
-0.02718804,0.0007866919,0.05910102,-0.02867044,-0.02442613,0.02403814,-0.02132291,-0.02658147,0.03126705,-0.009586036,-0.01989409,0.0343332,-0.007490382,-0.003127813,0.05160215,41.38803,13.15384,16.86708,26.66023,CLOSE
-0.02554036,0.001714796,0.05991608,-0.02844587,-0.02352312,0.02432206,-0.02079064,-0.02588218,0.03128007,-0.009178124,-0.01928994,0.03458276,-0.007163294,-0.0009864867,0.05494624,41.90837,13.44967,17.13343,28.22063,CLOSE
-0.02130897,0.003259361,0.06192482,-0.02670652,-0.02095714,0.02537483,-0.01878296,-0.02403066,0.03078005,-0.006467834,-0.01858893,0.03318435,-0.002610564,0.002054542,0.0594517,41.78747,13.43681,18.0465,31.84466,CLOSE
-0.01989082,0.002757311,0.06225497,-0.02557538,-0.02057132,0.02417636,-0.01756355,-0.02366602,0.02920517,-0.005037859,-0.01845953,0.03117961,-0.001276284,0.005797952,0.06407535,42.78271,13.86255,18.90812,36.29943,CLOSE
-0.01104426,-0.001975,0.06571162,-0.02400914,-0.02380875,0.02678788,-0.01575004,-0.02640164,0.03201866,-0.00432387,-0.02006701,0.03615823,0.002116203,0.008572698,0.06691432,43.88906,13.17056,17.96319,37.09882,CLOSE
-0.01872715,-0.01386344,0.06255221,-0.02855273,-0.02704081,0.02406996,-0.02211924,-0.03122956,0.02830273,-0.008886352,-0.02704394,0.03030145,-0.001840875,-0.01021951,0.05860496,38.30172,10.58061,16.36518,33.28478,CLOSE
-0.02180463,-0.01455787,0.0618363,-0.02936313,-0.02767548,0.02303159,-0.02321595,-0.03192019,0.02721792,-0.009640738,-0.02773926,0.02863026,-0.00381659,-0.01227412,0.05608803,37.75051,10.25204,16.1772,32.82914,CLOSE
-0.02398553,-0.0258792,0.06045681,-0.01912387,-0.04113549,0.02392679,-0.01312917,-0.04205734,0.03010643,0.001150616,-0.02971393,0.02946228,0.00748558,-0.01615852,0.03141487,34.18631,9.216546,18.23577,20.6719,CLOSE
-0.02512217,-0.03114903,0.05710554,-0.01543569,-0.04189801,0.01954675,-0.00898803,-0.04267383,0.0257231,0.005018562,-0.02860564,0.02535135,0.009396493,-0.01573277,0.02962536,34.26052,10.11748,20.54538,21.64222,CLOSE
-0.03395596,-0.03172982,0.05246663,-0.02056046,-0.04084724,0.01457167,-0.01305221,-0.04218525,0.02095628,0.002785031,-0.0289588,0.02099121,0.006015588,-0.01745474,0.02686918,34.90654,11.73984,22.0562,21.75597,CLOSE
-0.03675735,-0.028622,0.05135086,-0.0266042,-0.03982612,0.01487622,-0.01945323,-0.04209134,0.02237573,-0.001662701,-0.03144178,0.02233157,0.003536411,-0.01972744,0.02785549,34.03094,11.88637,20.99594,21.02683,CLOSE
-0.0407467,-0.02705306,0.05037689,-0.03336755,-0.03931767,0.01756907,-0.02671359,-0.04211056,0.0252521,-0.009378908,-0.03423333,0.02466798,-0.001815063,-0.02265072,0.03066266,30.12979,10.86062,16.63631,20.13791,CLOSE
-0.04245434,-0.02578601,0.05098528,-0.03694447,-0.03841925,0.01890472,-0.03052574,-0.04158217,0.02619779,-0.01437756,-0.03568536,0.02645293,-0.006301198,-0.02465764,0.03296101,28.93677,10.16423,14.45117,18.62853,CLOSE
-0.04498374,-0.02406746,0.0516004,-0.03818705,-0.03733531,0.01997203,-0.03175863,-0.040645,0.02728385,-0.01737068,-0.03611669,0.02919847,-0.009272806,-0.02449763,0.03630656,28.1817,10.14113,13.26154,18.43792,CLOSE
-0.04636459,-0.02238956,0.05241063,-0.03914366,-0.03619897,0.02072856,-0.03306274,-0.0397805,0.02795824,-0.01925924,-0.03622875,0.03061971,-0.0103996,-0.02441475,0.03745282,27.97265,9.868207,12.92041,18.26227,CLOSE
-0.04575029,-0.0216589,0.0535605,-0.03881546,-0.03369457,0.01835793,-0.03575142,-0.03834927,0.02492315,-0.02042206,-0.03507507,0.02666062,-0.009755131,-0.02519965,0.03375238,29.8434,8.028152,13.62417,19.18693,CLOSE
-0.04829004,-0.02325904,0.04846111,-0.03857846,-0.03260702,0.01351085,-0.03494438,-0.03746277,0.0195708,-0.01940796,-0.03323454,0.02281401,-0.01078524,-0.0242216,0.03331462,29.87826,8.76578,15.02392,21.33819,CLOSE
-0.04035302,-0.02234483,0.04901105,-0.02961678,-0.03512609,0.01334441,-0.02507208,-0.03951913,0.02165091,-0.01783339,-0.03492796,0.03265488,-0.01317733,-0.02271336,0.04148531,35.11448,11.26675,15.61609,17.99422,CLOSE
-0.0412264,-0.02148509,0.04981184,-0.02910439,-0.03472549,0.01425615,-0.02409158,-0.03863418,0.02159387,-0.01094659,-0.03265637,0.02713251,-0.006257946,-0.02165931,0.03449988,34.84559,10.86939,17.14438,18.67442,CLOSE
-0.03765949,-0.02134007,0.05248818,-0.03008945,-0.03498045,0.01518735,-0.02408951,-0.03779456,0.0212844,-0.007091274,-0.02900949,0.02167079,-0.001406916,-0.01863056,0.0307155,35.90803,10.45387,19.24046,23.54862,CLOSE
-0.03246852,-0.02365801,0.05645385,-0.0312069,-0.03686818,0.02000281,-0.02393245,-0.0392727,0.02683118,-0.008049123,-0.03119549,0.02527276,-0.0004797727,-0.01956365,0.03176287,33.67173,11.11314,15.99029,21.94978,CLOSE
-0.02406056,-0.0140034,0.05836397,-0.03214583,-0.0303061,0.02206796,-0.02392325,-0.03306818,0.03026116,-0.01294846,-0.02748185,0.03744823,-0.004973218,-0.0135383,0.05006927,38.88285,13.58197,16.2854,23.08034,CLOSE
-0.01946352,-0.01438475,0.0597468,-0.03103595,-0.02966309,0.02263582,-0.02227758,-0.03298539,0.03033882,-0.0114141,-0.02761012,0.03869998,-0.002420299,-0.01441258,0.05180573,40.38214,14.02375,17.06581,22.55122,CLOSE
0.004605472,-0.02170414,0.06117922,-0.02250206,-0.03249592,0.02939188,-0.01209734,-0.03703928,0.03132617,0.001849294,-0.03212404,0.04075986,0.01547237,-0.02250767,0.04417306,41.52603,13.29974,19.70007,18.86382,CLOSE
-0.006558627,-0.0119909,0.06363219,-0.02598904,-0.02832663,0.02809525,-0.0166059,-0.03246158,0.03362852,-0.004819259,-0.02562684,0.04687071,0.007444695,-0.01462924,0.05095649,42.14022,13.5671,20.73728,18.22342,CLOSE
-0.0141369,-0.008304715,0.06215125,-0.02850837,-0.02624083,0.02730244,-0.01903851,-0.02959675,0.03422171,-0.007458881,-0.02338326,0.04335976,0.00342536,-0.006324649,0.05972689,40.46906,14.38872,18.60606,25.20046,CLOSE
-0.01533823,-0.01014119,0.06229067,-0.03073041,-0.02514309,0.02427113,-0.02140999,-0.02931082,0.03105915,-0.009299308,-0.0242421,0.0368951,-6.252527E-05,-0.008515835,0.05838597,42.22357,14.86431,17.49364,27.5013,CLOSE
-0.009256005,-0.01563591,0.06327188,-0.02960967,-0.02720201,0.02614588,-0.02009921,-0.03174084,0.03295565,-0.008656234,-0.0271244,0.04348648,0.004516378,-0.01148278,0.06075561,41.79904,14.53213,18.17286,25.25567,CLOSE
0.00149332,-0.03010124,0.06387275,-0.01266817,-0.03945893,0.03054029,-0.003389642,-0.04196644,0.03306371,0.009244651,-0.03538615,0.0334273,0.01875947,-0.02256006,0.03654826,30.90756,10.62653,15.26511,19.17206,CLOSE
-0.03356346,-0.02950233,0.05495459,-0.0274384,-0.03981638,0.02227616,-0.01998324,-0.04311937,0.02750677,-0.003911112,-0.03634685,0.02520716,0.007384986,-0.02660626,0.03000212,28.31468,10.12489,16.42808,20.63386,CLOSE
-0.03348932,-0.02244776,0.05277699,-0.03000942,-0.03406364,0.01412135,-0.02373995,-0.03792822,0.02130365,-0.01153991,-0.03203857,0.02688885,-0.00821336,-0.02187192,0.03816992,37.20367,11.92917,16.4801,20.24117,CLOSE
-0.03154023,-0.0221926,0.05419952,-0.03081631,-0.03464198,0.01368934,-0.02320519,-0.03787547,0.02203685,-0.01099486,-0.03124154,0.02642518,-0.006712979,-0.02070236,0.03632718,39.46342,13.70631,15.87751,20.50931,CLOSE
-0.01794608,-0.03175646,0.06487572,-0.01998574,-0.04110575,0.02921915,-0.01171625,-0.04253948,0.03333277,0.002334252,-0.03384274,0.02822757,0.01065068,-0.02209646,0.03156632,28.15927,9.727345,15.36275,19.43361,CLOSE
-0.02735188,-0.02304047,0.05975014,-0.02554226,-0.03868753,0.02532619,-0.01766453,-0.0406853,0.03277957,0.0009209365,-0.03105611,0.02769971,0.009032838,-0.0202021,0.03061944,32.47641,11.46092,20.14676,19.33302,CLOSE
-0.003200002,-0.01687449,0.06555212,-0.02188363,-0.03321362,0.03021824,-0.01192459,-0.03514451,0.03530318,0.003407195,-0.02607626,0.02916282,0.0128445,-0.01535541,0.03238595,39.51509,12.79945,18.68987,21.75429,CLOSE
-0.007665314,-0.02019215,0.06471121,-0.02228361,-0.03397936,0.03002089,-0.01320088,-0.03600025,0.0344097,0.001273252,-0.02737975,0.03184086,0.01029735,-0.01759869,0.03646505,35.68011,11.51865,17.4856,19.35644,CLOSE
-0.01437938,-0.01214531,0.08748004,0.02096904,-0.004560739,0.03457633,0.02645069,0.003462106,0.02447316,0.02506564,0.01043174,0.01076987,0.02091902,0.02223623,0.00224933,40.26536,19.92112,24.43142,29.19485,CLOSE
-0.02755228,0.04990593,-0.004786968,-0.003918409,0.01108739,-0.01808909,-0.006365404,0.003185272,-0.01825395,-0.006966442,-0.004443079,-0.008892566,-0.0119412,-0.001585096,-0.003870606,52.70419,22.53039,35.95602,35.74781,CLOSE
-0.02861289,0.05049297,-0.02733004,-0.004786342,0.01225066,-0.03522453,-0.01173647,0.004274338,-0.03942233,-0.01447917,-0.008231461,-0.02552739,-0.02698234,-0.01183072,-0.01750058,44.57327,15.66149,25.13739,26.4931,CLOSE
-0.02272902,0.05101967,-0.04322517,-0.0003079101,0.01140568,-0.03846216,-0.006574571,0.00332877,-0.03972867,-0.01448794,-0.007084519,-0.02857745,-0.02695127,-0.009655923,-0.02310413,37.38252,14.69354,24.44788,22.01904,CLOSE
-0.00902231,0.05762684,-0.05609056,-0.01251115,0.009849608,-0.04981765,-0.0143594,-0.00112015,-0.04000548,-0.01904489,-0.009910941,-0.02482092,-0.02973141,-0.0125922,-0.01678726,34.81295,13.58094,23.71627,21.95088,CLOSE
-0.002863921,0.05871055,-0.05796313,-0.01223035,0.01223701,-0.05295989,-0.01352165,0.0004496574,-0.04148963,-0.01895318,-0.008389026,-0.02539739,-0.02959593,-0.01165125,-0.01789683,33.77271,13.09143,24.06505,21.49174,CLOSE
0.004064418,0.06490126,-0.04473308,-0.0002203807,0.01630929,-0.0437884,-0.005158491,0.004703164,-0.03846872,-0.01369495,-0.006909609,-0.02558643,-0.0263667,-0.01055676,-0.01932728,35.12886,15.27975,28.76461,25.0373,CLOSE
0.003365062,0.06220728,-0.04739803,0.00175336,0.01443151,-0.0415042,-0.003763728,0.002408743,-0.03719541,-0.01232339,-0.00816524,-0.02441263,-0.0259839,-0.01156855,-0.01774812,33.49254,17.42004,29.04117,27.59868,CLOSE
-0.004573561,0.050174,-0.0614365,0.001021363,0.005424559,-0.03953695,-0.005706824,-0.00407365,-0.03362206,-0.01351868,-0.01082364,-0.02149269,-0.0273923,-0.01341215,-0.01361343,31.77177,18.34691,27.10503,28.77274,CLOSE
-0.01036923,0.04625016,-0.06556073,-0.004521988,0.003149003,-0.03978947,-0.01009799,-0.005592376,-0.03253344,-0.01689108,-0.01191485,-0.01968291,-0.02926932,-0.01366967,-0.01102188,30.4607,17.4923,27.04714,26.19183,CLOSE
-0.009143747,0.04792407,-0.06802598,-0.008439042,0.002654433,-0.0422872,-0.0140635,-0.004775196,-0.03444594,-0.0200861,-0.01177722,-0.02136633,-0.03124462,-0.01248387,-0.01162806,31.58099,15.37038,24.96119,24.57867,CLOSE
-0.0020772,0.05656427,-0.06112537,-0.005860239,0.008502036,-0.04407653,-0.0109836,-0.0012272,-0.03801343,-0.01770374,-0.01018593,-0.02479646,-0.02963182,-0.01152188,-0.01594317,32.31363,15.19927,25.32405,24.79146,CLOSE
-0.004475631,0.05452627,-0.06193647,-0.007666044,0.007029146,-0.0457221,-0.0118714,-0.00183782,-0.03885064,-0.01831567,-0.01107442,-0.02521455,-0.02987044,-0.01232624,-0.01630723,33.01028,13.46183,25.15722,23.86333,CLOSE
-0.03903688,0.04205826,-0.05874553,-0.02899167,0.003825068,-0.04832381,-0.02301628,-0.008456588,-0.03625059,-0.02188689,-0.01518306,-0.018684,-0.02990135,-0.01802477,-0.006183028,27.03928,15.09348,23.13557,25.22665,CLOSE
-0.0437303,0.03947911,-0.0593769,-0.03730704,0.006181926,-0.04970786,-0.03026677,-0.007974625,-0.03886583,-0.02681157,-0.01560095,-0.02073812,-0.03219774,-0.01710513,-0.006964296,22.48803,14.91068,20.69282,23.03952,CLOSE
-0.04590482,0.03806603,-0.05865616,-0.03867135,0.005754501,-0.04922548,-0.0320508,-0.008034229,-0.03947398,-0.02847744,-0.01601139,-0.0217264,-0.03298126,-0.01710925,-0.007620424,21.81804,14.26078,19.91151,22.10485,CLOSE
-0.0487644,0.0356555,-0.05812719,-0.03936993,0.002664924,-0.04685751,-0.03287319,-0.009739667,-0.03774691,-0.02935362,-0.01752293,-0.02091923,-0.0330995,-0.01800862,-0.006677121,22.67725,13.54203,19.60684,21.51957,CLOSE
-0.07208365,0.01244313,-0.02632135,-0.02978931,-0.01429337,-0.02354041,-0.03034962,-0.02242976,-0.01430446,-0.02325425,-0.0247761,-0.0006540418,-0.02323642,-0.02377352,0.01451859,34.82336,17.51243,22.1013,24.72118,CLOSE
-0.03387529,-0.02238262,0.06181338,-0.02904982,-0.03630972,0.0233992,-0.01866782,-0.03851336,0.02677795,-0.004373726,-0.03141868,0.02497706,0.002375491,-0.02046347,0.0325416,32.60341,12.34804,15.88426,21.64671,CLOSE
-0.02487969,-0.02767849,0.06195235,-0.02657913,-0.03861845,0.02792186,-0.01689706,-0.04152292,0.03205967,-0.001950365,-0.03324443,0.02626443,0.005412035,-0.02129453,0.03024179,28.67263,11.4163,15.23084,19.80264,CLOSE
-0.0160946,-0.02571303,0.06256199,-0.0212108,-0.03586656,0.0279299,-0.01250197,-0.03845131,0.03249055,0.002829172,-0.0285188,0.02496237,0.01102292,-0.01871496,0.02893949,30.31236,11.27383,18.24319,20.59343,CLOSE
-0.0135083,-0.02597702,0.06370336,-0.01981647,-0.03564733,0.03146571,-0.01146245,-0.03819716,0.03608656,0.003851078,-0.02799296,0.02701765,0.0124834,-0.01902771,0.03150779,27.68116,10.48303,17.96888,19.53902,CLOSE
-0.01109988,-0.02862239,0.06447297,-0.02007185,-0.03876936,0.03684795,-0.01266519,-0.04117674,0.04107368,0.003211871,-0.03032589,0.03065288,0.01225746,-0.02284813,0.03658026,24.6361,8.389698,16.5495,17.04505,CLOSE
0.009514689,-0.01904619,0.06379068,-0.02210029,-0.03072852,0.03018624,-0.01160829,-0.03400666,0.03352648,0.001917303,-0.02912325,0.03908867,0.01323801,-0.0194217,0.03727329,45.04022,13.4985,18.11252,17.69116,CLOSE
0.003228128,-0.01601654,0.06652433,-0.02020307,-0.03132975,0.03555304,-0.009988904,-0.03433865,0.0378986,0.001678526,-0.02875406,0.04562777,0.01324452,-0.01886791,0.04014498,37.44325,12.06222,16.21283,16.38177,CLOSE
-0.01503673,-0.01712745,0.06561708,-0.02479599,-0.03246897,0.03410119,-0.01699801,-0.03625047,0.03950179,-0.006474316,-0.03126937,0.04696625,0.005658761,-0.02090913,0.04341042,31.05922,10.22682,14.04464,15.43096,CLOSE
-0.02009778,-0.01695484,0.06410193,-0.02637869,-0.03266162,0.03218341,-0.01845399,-0.03666085,0.03835875,-0.005555585,-0.03191745,0.03999484,0.005082838,-0.02120256,0.03930789,30.83949,10.84649,13.90149,16.29806,CLOSE
-0.02255525,-0.01736206,0.06254017,-0.02764977,-0.03297943,0.02962464,-0.01884553,-0.03701067,0.03572971,-0.004186526,-0.03254932,0.03474236,0.006582119,-0.02220714,0.03570753,31.86634,11.9753,15.35108,17.88098,CLOSE
-0.01844225,-0.02436644,0.06169534,-0.02752766,-0.03754115,0.02425802,-0.0193782,-0.04023612,0.03041071,-0.006288422,-0.03335166,0.03272402,0.003254746,-0.02133399,0.03469872,36.1307,11.25907,15.13414,18.53766,CLOSE
-0.01498884,-0.02273357,0.06105804,-0.02726307,-0.03687114,0.02446425,-0.02007058,-0.03870487,0.03341687,-0.01001211,-0.03091532,0.04339647,-0.0001515714,-0.0181998,0.04737198,37.93287,12.08224,17.02185,17.77571,CLOSE
-0.01500164,-0.04733348,0.06250298,-0.01571367,-0.03603905,0.07667387,-0.004024833,-0.02515841,0.09704554,0.01742619,-0.01920885,0.0912028,0.02974843,-0.01960278,0.05715847,11.75859,13.37937,13.15432,16.97698,CLOSE
0.01390795,-0.03259176,0.05980086,-0.01207936,-0.0435496,0.03207976,-0.002957791,-0.04080731,0.03500241,0.01149948,-0.03769708,0.03828549,0.02329804,-0.02659607,0.04020786,34.63475,10.33198,15.96603,17.23371,CLOSE
0.02159406,-0.03570771,0.05570704,-0.01234862,-0.04190004,0.06271827,0.003363356,-0.0316022,0.08943665,0.01588325,-0.03888381,0.05933052,0.02662644,-0.03098309,0.04170996,27.39277,18.1906,17.27289,14.85113,CLOSE
0.0188743,-0.03661036,0.05586213,-0.01368588,-0.0407511,0.06611067,0.00399895,-0.02400416,0.09947395,0.01409262,-0.03925574,0.06040061,0.02510171,-0.03167093,0.04223609,25.82223,21.7685,21.22611,14.81499,CLOSE
-0.005021363,-0.03599453,0.05927026,-0.02836768,-0.0397594,0.04045933,-0.008672282,-8.046627E-06,0.1149322,-0.003261164,-0.04015756,0.05513233,0.01233308,-0.03227609,0.04337066,25.75138,47.9471,36.02781,15.59903,CLOSE
-0.04293109,-0.02161217,0.05286729,-0.03461196,-0.02544123,0.01527226,-0.04870708,-0.03236675,0.06334668,-0.01661064,-0.03214812,0.03263676,-0.005156249,-0.03047192,0.04019809,29.21147,27.80356,21.19321,15.82454,CLOSE
-0.05702296,-0.005498052,0.05024487,-0.02834019,-0.01941204,0.01520002,-0.02049026,-0.01744097,0.01792055,-0.009396493,-0.02483851,0.02140355,-0.002835348,-0.02421403,0.03380239,29.69316,11.10881,23.7495,18.04786,CLOSE
-0.05523855,0.006528378,0.04849488,-0.0273898,-0.01668751,0.01568145,-0.01998085,-0.01959401,0.01806432,-0.004902959,-0.02112108,0.0201332,0.0006544292,-0.02034259,0.03486574,34.75707,13.24806,27.33581,19.15438,CLOSE
0.01151562,0.02959692,0.0656057,-0.00151322,-0.01512527,0.04650617,0.01018269,-0.01397121,0.04188174,0.02173414,-0.007526577,0.02691489,0.02923583,0.005994081,0.02084112,43.52029,14.76587,25.01106,26.70742,CLOSE
0.01623572,0.03510994,0.07121301,0.02125683,-0.0005460382,0.04193336,0.02778856,-0.001271188,0.03020602,0.02799598,-0.0003986359,0.01325774,0.03223047,0.01058489,-0.001269042,29.62586,15.76689,22.06535,33.07254,CLOSE
0.006765917,0.03366899,0.07458413,0.01688784,0.001446187,0.04088378,0.02544023,-0.000775516,0.029993,0.02732028,7.051229E-05,0.01307923,0.03200258,0.01035261,-0.0003864169,27.88054,18.10894,24.14469,31.36402,CLOSE
0.01617869,0.0409618,0.06153107,0.009973913,-0.00272125,0.04306376,0.0238531,-0.002537847,0.03845578,0.02912123,-0.0007846355,0.0196383,0.03413273,0.008633673,0.008169889,36.33263,18.7399,24.2524,25.33842,CLOSE
0.01849216,0.04185361,0.06060869,0.01121452,-0.001361012,0.04118073,0.02638654,-0.002060711,0.03609478,0.02983228,-0.0006353259,0.01735693,0.03430247,0.009652138,0.005462468,35.3089,20.93398,23.68017,26.67725,CLOSE
0.0157036,0.04114246,0.06061333,0.006842077,-0.0007255077,0.04206431,0.02206911,-0.001689315,0.03813767,0.02898514,8.010864E-05,0.020145,0.03366191,0.009737432,0.009022355,34.64305,20.84527,25.24506,24.9322,CLOSE
0.005940199,0.04135972,0.06216162,0.006660201,-0.0004730225,0.04358274,0.01752092,0.0006677508,0.03606206,0.02638005,0.002726853,0.01997578,0.03193584,0.0118143,0.008735418,34.26781,17.29513,27.17537,25.98517,CLOSE
0.002905712,0.04296213,0.06066221,0.00929781,0.001299679,0.04455608,0.01609994,0.0001722574,0.03482652,0.02463657,0.003150523,0.01924098,0.03039314,0.01363015,0.008491874,34.67575,13.09414,27.70216,27.82598,CLOSE
-0.008705467,0.03673232,0.0650363,0.0005493388,-0.001898527,0.05094993,0.008965656,-0.004803896,0.04231101,0.01887413,-0.001913607,0.02724135,0.02833603,0.01001161,0.01831293,32.35165,12.06844,22.86992,29.72588,CLOSE
0.002097309,0.04138184,0.06513959,0.01338875,0.004647493,0.05690712,0.01805953,0.001353145,0.04388392,0.0228876,0.002087414,0.02530324,0.03148869,0.0126912,0.01488733,29.83795,9.568771,19.82899,27.51054,CLOSE
-0.0005917847,0.03919327,0.06753325,0.008726552,0.004658878,0.064785,0.01456501,0.0009954572,0.05375081,0.02212787,0.001620471,0.03390831,0.03073826,0.01052684,0.02440852,27.17244,8.080362,18.00287,22.17939,CLOSE
-0.005309056,0.03832972,0.06786031,0.001329698,0.003055394,0.06526583,0.007594869,0.001838624,0.06116629,0.0187306,0.001531661,0.0425173,0.02760779,0.009096086,0.03228468,27.23703,5.985793,16.69007,19.49178,CLOSE
-0.02904908,-0.02228343,0.05558354,-0.03275032,-0.03309643,0.01211888,-0.02517795,-0.03676933,0.02045465,-0.01528437,-0.03211331,0.02845222,-0.009469753,-0.02054,0.03763074,42.45972,13.96556,15.92207,20.33715,CLOSE
-0.03511994,-0.02182442,0.05141091,-0.03200537,-0.03127986,0.007049143,-0.02599044,-0.03555101,0.01540649,-0.01831537,-0.03187287,0.02622104,-0.01573743,-0.02091783,0.04030752,43.47298,13.82355,17.14043,22.02065,CLOSE
-0.04244192,-0.01632044,0.04269102,-0.02542864,-0.01997927,0.001199126,-0.02102242,-0.02553698,0.006374389,-0.01044951,-0.02146009,0.01426581,-0.01458103,-0.0184156,0.02862015,43.81202,15.10561,23.55733,21.81202,CLOSE
-0.05691041,0.006992757,0.02745387,-0.03772884,0.004925162,-0.01437491,-0.03476524,-0.006551385,-0.00786081,-0.02374469,-0.0168615,0.002743989,-0.01964297,-0.02309147,0.01598087,46.28379,19.15787,30.39375,26.179,CLOSE
-0.04474767,0.03829017,0.009211421,-0.02972049,0.01598182,-0.02226403,-0.03267052,0.005753696,-0.02043247,-0.02799514,-0.005617142,-0.01134923,-0.03158128,-0.01034394,0.005694419,43.88874,15.49646,21.45098,32.09955,CLOSE
-0.04326708,0.03936392,0.006291568,-0.03074095,0.01391947,-0.0241254,-0.03377049,0.005099922,-0.02296492,-0.02897615,-0.005868703,-0.01281556,-0.0323257,-0.008670688,0.003880978,44.98225,13.05128,20.40905,30.25136,CLOSE
-0.04345709,0.03709415,0.007626504,-0.03126501,0.01219559,-0.02248499,-0.03543815,0.003467321,-0.0210388,-0.03028639,-0.006418973,-0.01119891,-0.03264319,-0.009258598,0.005996972,45.24005,13.67801,19.10128,30.15126,CLOSE
-0.04383055,0.0374383,0.006199241,-0.03331702,0.01021367,-0.02001926,-0.03848677,0.001495183,-0.01833254,-0.03323291,-0.008016109,-0.008502752,-0.03445632,-0.009029984,0.009337932,42.47231,13.83678,18.75089,28.67858,CLOSE
-0.05340116,0.02244961,0.01803428,-0.03930575,0.001415879,-0.01020846,-0.03972079,-0.007356852,-0.003287971,-0.02804155,-0.0149478,0.007042438,-0.02429196,-0.01358685,0.02272791,37.85009,15.83625,24.47272,26.75762,CLOSE
-0.05361823,0.004603982,0.0389908,-0.0442549,0.00372991,0.001246333,-0.03988669,-0.007667035,0.005527854,-0.02646336,-0.01680994,0.009652913,-0.01833078,-0.02157137,0.02161998,34.31696,16.80123,22.99812,25.29654,CLOSE
-0.05161884,-0.009634495,0.04299289,-0.04479793,-0.005340576,0.0010086,-0.03857508,-0.01527676,0.006588697,-0.02423904,-0.02085364,0.0133104,-0.01446089,-0.022048,0.02453876,38.18402,16.64521,22.80179,24.30815,CLOSE
-0.04922121,-0.01196855,0.04500842,-0.04354596,-0.009343654,0.0008530021,-0.03668847,-0.01820421,0.007284552,-0.02287588,-0.02136856,0.01470548,-0.01289919,-0.02089542,0.02634591,40.54884,16.80226,21.84819,24.98931,CLOSE
-0.04454733,-0.01304883,0.04832131,-0.04044436,-0.01697004,0.002089143,-0.032967,-0.02304065,0.01039612,-0.02027075,-0.02193749,0.01840234,-0.01028805,-0.01733643,0.02921516,43.78549,16.82465,20.51084,25.22904,CLOSE
-0.02598156,0.009795815,0.06088483,-0.02638591,-0.02540573,0.02673483,-0.01694788,-0.02111772,0.03348273,-0.006537765,-0.01047668,0.03495079,0.002576143,0.003474206,0.03692067,47.13264,15.8115,19.75264,26.12527,CLOSE
-0.009893259,0.02124602,0.06661689,-0.01491844,-0.01972377,0.04018211,-0.004125338,-0.01449364,0.04118311,0.005572006,-0.004740536,0.0363915,0.01436045,0.01075703,0.03310424,43.78889,14.60758,18.41855,28.03156,CLOSE
-0.01169769,0.03669804,0.05524132,-0.02597954,-0.01611337,0.02951598,-0.0158165,-0.01400948,0.03520545,-0.0009076968,-0.005889475,0.0363698,0.006504115,0.008159816,0.03586698,62.0097,16.16857,24.47206,24.72051,CLOSE
-0.01025586,0.03573823,0.05299836,-0.02777383,-0.01413605,0.03062958,-0.01975147,-0.01382962,0.03511798,-0.005952217,-0.005148739,0.03808397,0.002145752,0.008261204,0.03772351,60.26824,12.15009,22.88577,23.30768,CLOSE
-0.009453245,0.02313963,0.05229905,-0.03300405,-0.01741371,0.02126303,-0.02162716,-0.01586789,0.02732995,-0.00967031,-0.009054929,0.029695,0.0001656637,0.00440976,0.03477311,65.78596,17.19151,20.75343,29.59557,CLOSE
-0.009469356,0.02300173,0.05206946,-0.03308118,-0.01705617,0.02065042,-0.02174864,-0.01555565,0.02686462,-0.009571757,-0.008760363,0.02943996,-0.0003528669,0.004450679,0.03391951,66.07248,17.39532,21.40578,28.96867,CLOSE
-0.003603049,0.02908477,0.05366865,-0.02576784,-0.01044884,0.02460039,-0.01786805,-0.01112452,0.03043777,-0.005221449,-0.005490333,0.03110555,0.002124377,0.006578922,0.03232735,60.75204,15.26319,21.65349,25.10941,CLOSE
-0.002978027,0.03024501,0.0536842,-0.0240094,-0.008235365,0.02627626,-0.01754778,-0.01050225,0.03144249,-0.004562683,-0.005372852,0.03139183,0.00403098,0.006631404,0.03284082,56.83136,13.2203,21.40454,25.86866,CLOSE
-0.002766788,0.02903032,0.05406657,-0.0266923,-0.01051551,0.02486125,-0.02033536,-0.01259863,0.02915567,-0.005298913,-0.006040812,0.0313912,0.003268182,0.005642593,0.03270751,61.49986,12.05364,25.92203,25.51115,CLOSE
-0.003189839,0.02766952,0.05485404,-0.03078741,-0.01382846,0.02354437,-0.02216944,-0.01386479,0.02900493,-0.007660583,-0.007587612,0.03143162,0.001673318,0.004550576,0.03314936,66.55932,14.3068,23.86555,26.69561,CLOSE
-0.003588364,0.0272665,0.05492097,-0.03243214,-0.01498035,0.02233139,-0.02233073,-0.01404288,0.02881563,-0.008377366,-0.008134782,0.03111833,0.0009993389,0.004059076,0.03301063,68.8333,16.50137,22.68615,26.94927,CLOSE
-0.003890887,0.01482019,0.05851078,-0.03433829,-0.01559785,0.01471302,-0.02286972,-0.0160515,0.0222691,-0.005955368,-0.01185647,0.0272755,-0.002196707,-0.001466066,0.02944368,71.83599,19.51773,30.48483,21.62293,CLOSE
-0.002491243,0.01397556,0.05606571,-0.03441304,-0.01385179,0.0128749,-0.02262753,-0.01498428,0.02170593,-0.008243091,-0.01157612,0.02417928,-0.003678292,-0.0003119707,0.02729559,74.3144,21.94679,24.79382,26.06866,CLOSE
-0.007600211,0.01800728,0.05340683,-0.03393674,-0.01362959,0.01415682,-0.0207076,-0.01370633,0.02496129,-0.007535011,-0.01025605,0.02569041,-0.003118873,0.001289308,0.02743927,69.842,25.82039,21.7081,25.53228,CLOSE
-0.02205935,0.02886206,0.05723724,-0.0336749,-0.01579413,0.01811254,-0.02291457,-0.0144065,0.02582422,-0.008177601,-0.009373337,0.02712455,-0.004853383,0.001401931,0.02906585,61.83709,18.58959,23.61097,22.225,CLOSE
-0.03283158,0.02480629,0.05747399,-0.03775367,-0.0149326,0.01406989,-0.02769293,-0.01542044,0.02262411,-0.01286938,-0.01156694,0.02692205,-0.00952211,-0.001645565,0.02994728,56.46919,17.70008,23.39416,19.75194,CLOSE
-0.03342324,0.02337515,0.05762041,-0.03906732,-0.01546863,0.01400936,-0.02918843,-0.01618823,0.0221132,-0.01600001,-0.01179451,0.02735293,-0.01083492,-0.002813339,0.0332326,55.93548,16.4788,21.1241,19.80987,CLOSE
-0.009493783,0.01458329,0.05979633,-0.03280994,-0.01907516,0.01509428,-0.02280658,-0.01929966,0.02284369,-0.01038723,-0.01368561,0.02770481,-0.005125888,-0.002801985,0.03294143,68.41135,17.96054,22.3554,22.96127,CLOSE
-0.001194388,0.009287536,0.05884823,-0.02657545,-0.01629248,0.0179826,-0.01844788,-0.01850492,0.0255138,-0.004158542,-0.01473358,0.02639595,0.001948357,-0.003525794,0.03011063,64.04113,17.91086,23.38783,25.21748,CLOSE
-0.00412944,0.009878844,0.05866233,-0.02588565,-0.01453218,0.01792893,-0.01955811,-0.01805732,0.02425751,-0.005161382,-0.01484573,0.02567029,0.002081476,-0.003886044,0.03003463,60.60355,15.49028,23.81488,26.46861,CLOSE
-0.01981816,0.01578489,0.0519858,-0.03278247,-0.01273763,0.004071444,-0.02423888,-0.0143503,0.01785406,-0.01218417,-0.01207304,0.02338603,-0.00737787,-0.001648992,0.0263544,71.18698,27.20989,23.63025,24.05054,CLOSE
-0.01196912,0.0165025,0.05501834,-0.03020303,-0.01149225,0.010245,-0.02292809,-0.01375455,0.02124366,-0.009543668,-0.01169702,0.02533081,-0.00363756,-0.00186339,0.02801916,68.29813,22.67423,24.29449,23.40768,CLOSE
-0.02384149,0.007174671,0.05296886,-0.03075565,-0.01207194,0.003787339,-0.0265904,-0.016792,0.01356912,-0.01446765,-0.01493111,0.02075008,-0.009129092,-0.006363273,0.02804929,64.19656,19.77326,24.29512,24.10144,CLOSE
-0.02396336,0.006493717,0.05162653,-0.03017051,-0.008912712,0.004856795,-0.0275741,-0.01549399,0.01247853,-0.01610027,-0.01472786,0.02022803,-0.009940971,-0.007272542,0.02989304,59.85192,17.78388,23.95257,25.00202,CLOSE
-0.01789539,0.006945819,0.0563671,-0.02708021,-0.01384285,0.01127616,-0.02368758,-0.01933599,0.01882777,-0.0114618,-0.01722771,0.02437344,-0.003303308,-0.007495016,0.03300801,57.98078,15.67639,22.13087,26.68879,CLOSE
-0.02044293,0.005635172,0.05485657,-0.02794272,-0.01334199,0.008758217,-0.02480489,-0.01919803,0.01626733,-0.01315981,-0.01740751,0.0228419,-0.005526196,-0.008185416,0.03241971,58.9379,16.22547,22.37182,26.78591,CLOSE
-0.02147942,0.004309326,0.05415103,-0.02845461,-0.0127576,0.007169425,-0.02535245,-0.01890582,0.01457998,-0.01420105,-0.01736268,0.02180719,-0.006852578,-0.008614004,0.03196913,59.64928,16.73131,22.53929,26.81113,CLOSE
-0.02353732,0.002254069,0.05227679,-0.03085568,-0.01205111,0.002494603,-0.02659595,-0.01736048,0.01164877,-0.01596915,-0.01615226,0.019912,-0.009328941,-0.008510232,0.03116602,64.20116,19.56434,23.50258,26.75202,CLOSE
-0.02341262,0.003458947,0.05150497,-0.0332786,-0.012519,-0.0005300343,-0.02680022,-0.01616392,0.01196277,-0.01600778,-0.01486185,0.02020663,-0.009465942,-0.007377923,0.03151727,69.41914,24.06471,23.97766,26.50713,CLOSE
-0.04042838,0.007693887,0.03917295,-0.0364617,-0.004829824,-0.01342511,-0.0306605,-0.010272,0.003137648,-0.02086719,-0.0113222,0.01412046,-0.01788451,-0.007295221,0.02773458,65.82507,27.77723,26.88383,24.80971,CLOSE
-0.0546664,0.01290283,0.01647907,-0.03094462,0.0003089607,-0.01954886,-0.03090357,-0.007267892,-0.007338643,-0.02410303,-0.01104257,0.005801678,-0.02432067,-0.01008683,0.02029473,50.13195,23.04398,27.7576,25.35039,CLOSE
-0.06313301,0.02897146,-0.006276965,-0.03271504,-0.0008827746,-0.01484966,-0.03217644,-0.008403122,-0.00753051,-0.02475769,-0.01185381,0.005678415,-0.02430602,-0.01041093,0.02047056,31.68155,16.99504,26.75236,26.14647,CLOSE
-0.06317213,0.02931306,-0.006910503,-0.03299599,-0.0009604394,-0.01547551,-0.03239479,-0.008504391,-0.007830799,-0.02505633,-0.01202291,0.0053792,-0.0246164,-0.01051635,0.02015522,32.02207,17.14608,26.43884,26.12054,CLOSE
-0.06230002,0.02387652,-0.0005351007,-0.03325852,-0.0015212,-0.0159868,-0.03254395,-0.008928776,-0.007895112,-0.02536623,-0.01222369,0.005329728,-0.02490361,-0.01039764,0.02005234,33.94403,17.29025,26.01536,26.04337,CLOSE
-0.0597915,0.01633367,0.01187062,-0.03429452,-0.003468871,-0.01381212,-0.03245732,-0.01004508,-0.004642069,-0.02476865,-0.01227415,0.008122921,-0.02361777,-0.009615153,0.02240628,38.66146,17.85285,25.80178,25.19254,CLOSE
-0.05968004,0.01618451,0.01173377,-0.03398988,-0.003991216,-0.0145815,-0.03226146,-0.01036793,-0.004541546,-0.02467247,-0.01252249,0.008168578,-0.02351554,-0.009888589,0.02238163,40.0287,18.77736,25.70801,25.06536,CLOSE
-0.0626174,0.02260795,-0.000950098,-0.03343927,-0.003642231,-0.01388079,-0.03212053,-0.01011541,-0.005017161,-0.02446013,-0.01210329,0.00796175,-0.02384778,-0.008885682,0.02213222,33.31044,17.65623,26.24176,25.26669,CLOSE
-0.06285733,0.02343589,-0.001887918,-0.03333404,-0.003778785,-0.01355577,-0.03198267,-0.01019177,-0.004630297,-0.02423132,-0.01202232,0.008301556,-0.02351557,-0.008752435,0.02255946,33.18084,17.79639,26.36225,25.41726,CLOSE
-0.06219891,0.01989928,0.003553927,-0.03421051,-0.004828781,-0.01260936,-0.03188565,-0.01098466,-0.002808839,-0.02356775,-0.01231483,0.009778559,-0.02224302,-0.008385897,0.02316147,34.30499,18.65069,26.33697,24.74649,CLOSE
-0.06041951,0.01466867,0.01375169,-0.03436647,-0.00525552,-0.01455256,-0.03204643,-0.01145288,-0.003835738,-0.02431096,-0.01309332,0.008793682,-0.02333576,-0.009420633,0.02222556,41.43679,19.41504,25.56178,24.39485,CLOSE
-0.06117441,0.01441646,0.01426896,-0.03456687,-0.006039828,-0.01370779,-0.03207927,-0.01220599,-0.003249705,-0.02412275,-0.0136798,0.009213865,-0.02303308,-0.009931922,0.02283931,41.01797,19.12423,25.29617,24.51889,CLOSE
-0.06211268,0.01676968,0.01056457,-0.03393785,-0.005636483,-0.01391777,-0.03203252,-0.01172134,-0.003663898,-0.02431293,-0.01320797,0.008950979,-0.02334304,-0.00961104,0.02296153,39.52257,18.9448,25.45091,24.91627,CLOSE
-0.06225557,0.01751044,0.01164082,-0.03558125,-0.006629795,-0.01170492,-0.03217077,-0.01221302,-0.0005699396,-0.02339305,-0.01289162,0.01152146,-0.02139553,-0.008085579,0.02409577,38.25659,19.72687,25.51926,24.07361,CLOSE
-0.06090396,0.01675904,-0.007923484,-0.04005692,-0.007581979,-0.01088303,-0.03211886,-0.01228526,0.003149778,-0.02045847,-0.01103109,0.01456949,-0.01712382,-0.005164355,0.0273056,26.7508,22.57645,27.72628,25.95306,CLOSE
-0.07044376,0.01919949,-0.03160864,-0.05075974,-0.001565695,-0.01669949,-0.0347411,-0.01369822,-0.002866864,-0.02311781,-0.01216319,0.01091188,-0.02075253,-0.006279618,0.02401918,16.71896,23.74422,27.73813,26.71909,CLOSE
-0.07335442,0.01827702,-0.0328424,-0.05773824,0.002852589,-0.01900509,-0.0361574,-0.01391384,-0.004096508,-0.02455521,-0.01228422,0.01024628,-0.02172089,-0.006075829,0.02277935,11.68719,26.27121,27.05205,26.40992,CLOSE
-0.07427313,0.0239231,-0.02790272,-0.06400356,0.01809499,-0.01971212,-0.03890834,-0.01106909,-0.003880471,-0.02752502,-0.01013458,0.01097411,-0.02276125,-0.00382027,0.02275616,3.727779,32.9197,26.33855,25.6584,CLOSE
-0.07285696,0.02690807,-0.02777982,-0.06302257,0.0139811,-0.0158847,-0.04041482,-0.009699851,-0.0005486608,-0.02829203,-0.008542478,0.0127829,-0.0229266,-0.001728714,0.02482891,9.459785,28.85939,24.35932,25.82451,CLOSE
-0.06848021,0.03339012,-0.03573534,-0.05686174,0.008463442,-0.01019925,-0.04104396,-0.005771667,0.003014743,-0.02909517,-0.005701303,0.01486701,-0.02196586,0.0008090138,0.0274463,22.44755,21.71113,22.66354,26.63166,CLOSE
-0.06832638,0.03469071,-0.03587431,-0.05604782,0.007685095,-0.009046197,-0.04117142,-0.005126446,0.003457844,-0.02899677,-0.005531698,0.0151664,-0.02180632,0.0005727708,0.02775517,24.22142,20.31154,22.70494,26.32363,CLOSE
-0.06879947,0.03714548,-0.03540282,-0.05062821,0.002707332,-0.007787108,-0.03919065,-0.005250961,0.003995299,-0.02693943,-0.006779671,0.01529884,-0.02020432,-0.001800328,0.02833641,28.76107,17.99809,23.87742,26.38806,CLOSE
-0.06835055,0.03817526,-0.03526555,-0.0469681,0.0007333457,-0.008009851,-0.03784416,-0.005349129,0.00392741,-0.02565232,-0.007173479,0.01512432,-0.01927778,-0.002632439,0.02843022,30.6295,17.91505,24.77522,26.61972,CLOSE
-0.06805265,0.03857432,-0.0351669,-0.04552388,0.0001302063,-0.008080482,-0.03727512,-0.005380243,0.003943205,-0.0251079,-0.007238686,0.01510459,-0.01886199,-0.002822906,0.02851135,31.33093,18.08264,25.16819,26.73007,CLOSE
-0.06446936,0.03902303,-0.04727271,-0.0414988,-0.001714021,-0.01020467,-0.03626019,-0.004971772,0.002177477,-0.02512012,-0.006862789,0.01390716,-0.02032755,-0.002770543,0.02750951,35.67049,18.03558,25.70618,25.78508,CLOSE
-0.06423563,0.03919487,-0.04696499,-0.04174324,-0.00151071,-0.01159132,-0.03701909,-0.005118132,0.001144469,-0.02688669,-0.007227063,0.01310927,-0.02276025,-0.003271878,0.0264813,34.56131,18.19089,24.45858,24.41402,CLOSE
-0.06589245,0.03860623,-0.03659585,-0.0433255,-0.001217186,-0.01050878,-0.03788628,-0.00549984,0.00140667,-0.02751497,-0.007605821,0.01323622,-0.02288094,-0.003384292,0.02656811,32.29937,17.05963,23.80514,24.70478,CLOSE
-0.06720319,0.03681518,-0.03391393,-0.04447626,-0.0008713901,-0.01036817,-0.03783271,-0.006087869,0.00192225,-0.02698334,-0.007751048,0.01366246,-0.02203071,-0.00312084,0.02701026,30.18727,17.86329,24.00717,25.31811,CLOSE
-0.06754419,0.03593937,-0.03273514,-0.04599931,-0.0003322065,-0.01005301,-0.03794876,-0.00621891,0.002215117,-0.02672719,-0.007614344,0.01389915,-0.02150705,-0.002706051,0.02721003,29.0917,17.95045,24.11698,25.75148,CLOSE
-0.06808548,0.034417,-0.03196746,-0.04804157,0.000387907,-0.009290159,-0.03772341,-0.006555676,0.002671838,-0.02587442,-0.007564157,0.0143064,-0.02042013,-0.002384305,0.0276289,27.77444,18.12756,24.7354,26.36835,CLOSE
-0.06644768,0.03195977,-0.04596472,-0.05421835,0.004063457,-0.01109937,-0.03936026,-0.006347179,0.001568764,-0.02788741,-0.00652191,0.01388276,-0.02154132,-0.0002102852,0.02648705,28.36358,19.20776,23.91957,26.81075,CLOSE
-0.06566709,0.03135949,-0.04808652,-0.05566091,0.005072206,-0.01148498,-0.03916959,-0.006189227,0.001324892,-0.0281225,-0.006134689,0.01378289,-0.0213896,0.0002236068,0.02618518,28.67713,19.53927,23.88931,27.04412,CLOSE
-0.06925643,0.02927281,-0.04194579,-0.05839233,0.008543462,-0.01046127,-0.04033862,-0.007558882,0.0009631515,-0.02830436,-0.006609261,0.01489145,-0.02115442,0.000444293,0.02493548,23.47922,22.0277,25.89734,25.10281,CLOSE
-0.06985247,0.02903941,-0.04084241,-0.05862801,0.009648174,-0.01075661,-0.0402436,-0.007599741,0.001056284,-0.02821846,-0.006554961,0.01486787,-0.02115284,0.0004483759,0.02518177,21.94809,23.14231,25.7919,25.28669,CLOSE
-0.07041316,0.0273156,-0.04037604,-0.05909687,0.007742733,-0.01176161,-0.03967969,-0.00824514,0.000397861,-0.0275346,-0.007231653,0.01410669,-0.02127101,-0.0002491772,0.02512452,21.29473,22.39973,25.95567,25.77094,CLOSE
-0.07329133,0.02479178,-0.03456789,-0.06120694,0.008526176,-0.01306468,-0.03950735,-0.009888202,-0.0008487403,-0.02673052,-0.008405268,0.01342183,-0.02098722,-0.001232952,0.02371615,15.85713,24.30588,26.98955,25.37583,CLOSE
-0.05227499,0.003304094,0.04306105,-0.04291697,-0.02204078,0.01618803,-0.03464235,-0.0243327,0.02053517,-0.01913906,-0.02126163,0.02682519,-0.01133976,-0.01228467,0.03199023,33.7916,10.34815,20.24371,19.25376,CLOSE
-0.05213403,0.003181189,0.04492563,-0.04376087,-0.02191702,0.01796764,-0.03476816,-0.02455661,0.0216285,-0.01901336,-0.02132645,0.02727982,-0.01110514,-0.01227647,0.03192765,32.80899,10.41074,19.78381,18.9202,CLOSE
-0.05413963,0.002818555,0.04566604,-0.04390609,-0.02168936,0.01996362,-0.03421497,-0.02468351,0.02259934,-0.01801724,-0.02132452,0.02747566,-0.009860955,-0.01242721,0.03185987,30.56942,10.48958,19.81032,19.01245,CLOSE
-0.05942261,0.001186669,0.044624,-0.0445657,-0.02179006,0.02388281,-0.03159388,-0.0246166,0.02387023,-0.01454452,-0.0206368,0.02672672,-0.006719951,-0.01253626,0.03079891,25.67005,11.61666,20.51678,18.96086,CLOSE
-0.05990576,0.0013237,0.04414326,-0.04480672,-0.02175158,0.02383956,-0.0316586,-0.0245927,0.0236733,-0.01456268,-0.02057582,0.02650768,-0.006812576,-0.01253688,0.03063047,25.55057,11.651,20.55819,18.94448,CLOSE
-0.05959725,0.001166552,0.04407835,-0.04457067,-0.02235663,0.02297062,-0.03211942,-0.02507123,0.02313071,-0.01502616,-0.02123007,0.02609354,-0.007211491,-0.0133189,0.03047532,26.49086,11.18312,20.35065,18.88281,CLOSE
-0.05924677,4.592538E-05,0.04372036,-0.04381506,-0.02286053,0.02157342,-0.03242862,-0.02592969,0.02287886,-0.01543353,-0.02280074,0.02613908,-0.007139504,-0.01464155,0.03097391,26.99051,11.2537,20.14,19.3386,CLOSE
-0.05905366,-0.001016647,0.04347265,-0.043822,-0.02187273,0.02103606,-0.03229617,-0.02618098,0.02176407,-0.01548874,-0.02398676,0.0248127,-0.006858889,-0.01479948,0.03016642,25.62674,12.107,19.98531,21.16749,CLOSE
-0.05650923,-0.001718611,0.04560459,-0.04292561,-0.02297625,0.02137077,-0.03225997,-0.02708972,0.02264902,-0.01557415,-0.02470997,0.02571696,-0.006974824,-0.01518643,0.03064758,27.04738,11.59289,19.5254,20.54969,CLOSE
-0.05090307,-0.001240134,0.04938325,-0.04200938,-0.02419201,0.02028155,-0.03427232,-0.02748644,0.02436167,-0.01784604,-0.02524883,0.0278666,-0.008104179,-0.01604229,0.03254816,31.73912,10.11194,18.36331,19.73739,CLOSE
-0.05075177,-0.001181155,0.04926792,-0.04239892,-0.02408049,0.02032977,-0.0344699,-0.02739856,0.02421951,-0.01793603,-0.02518335,0.02749693,-0.008094076,-0.01604652,0.03223705,31.63521,10.10601,18.29498,19.92637,CLOSE
-0.05109779,-0.001117229,0.04876328,-0.04289291,-0.02389553,0.0204531,-0.03454708,-0.02724901,0.02386534,-0.01792441,-0.02502385,0.02692485,-0.008125953,-0.01594496,0.03176874,31.14414,10.11239,18.28475,20.13417,CLOSE
-0.05208312,-0.0001017451,0.0474124,-0.0432633,-0.02384463,0.02278239,-0.03413019,-0.02693835,0.02527982,-0.01762385,-0.02437642,0.02781823,-0.007965654,-0.01486719,0.03219363,29.46473,9.954258,17.85641,20.10294,CLOSE
-0.05294563,0.0004842281,0.04571906,-0.04348242,-0.0240705,0.0224849,-0.03438081,-0.02696511,0.02499181,-0.0180321,-0.02433312,0.02770013,-0.00845037,-0.01477385,0.03218168,29.58432,9.77634,17.68095,20.08614,CLOSE
-0.0540408,0.001304001,0.04394448,-0.0437225,-0.0239206,0.02156878,-0.03491058,-0.0268583,0.02445453,-0.01859348,-0.0242959,0.02736127,-0.008936651,-0.01479065,0.03208804,29.90589,9.760217,17.62402,20.24327,CLOSE
-0.05477747,0.002947152,0.04163879,-0.04378833,-0.02352417,0.01990584,-0.0355988,-0.02665049,0.02348638,-0.01936375,-0.02417442,0.02673924,-0.009597778,-0.01468301,0.03183746,31.08337,9.830255,17.5912,20.62027,CLOSE
-0.05539283,0.009827554,0.03471041,-0.04373288,-0.02210635,0.01731911,-0.03582763,-0.02554259,0.02208906,-0.02024075,-0.02335384,0.02511126,-0.01028746,-0.0139809,0.03097558,35.22966,10.73416,16.84602,21.82607,CLOSE
-0.0559038,0.01260129,0.03262067,-0.04383813,-0.02116308,0.01713023,-0.03561639,-0.02455676,0.02170169,-0.02011668,-0.02257118,0.02488649,-0.01028871,-0.01340768,0.03086507,36.28959,10.87656,17.17062,21.99207,CLOSE
-0.05618865,0.01433614,0.03098154,-0.0437469,-0.02061021,0.01662987,-0.03545334,-0.0240387,0.02107403,-0.02000569,-0.02212268,0.02450493,-0.01021291,-0.0131548,0.0307557,37.20617,10.93963,17.50158,22.316,CLOSE
-0.0556681,0.01354778,0.03249538,-0.04281028,-0.01993465,0.01538125,-0.03464677,-0.02342817,0.01940441,-0.01903333,-0.0217483,0.02379879,-0.009581506,-0.01325026,0.03046745,36.99072,10.88269,19.13667,22.54387,CLOSE
-0.05467979,0.01077718,0.03541452,-0.04191142,-0.01960918,0.01435149,-0.03394176,-0.02324545,0.01833701,-0.01831806,-0.02162758,0.02326757,-0.009115599,-0.01327178,0.03019184,35.98247,11.05772,20.08865,22.8207,CLOSE
-0.05603461,0.01099759,0.03393048,-0.04137228,-0.01825792,0.01088494,-0.03427413,-0.0229843,0.01609981,-0.0190235,-0.02166462,0.02155131,-0.009898242,-0.01358807,0.02899554,36.39923,12.32693,20.14758,23.35923,CLOSE
-0.05588168,0.01129431,0.03338706,-0.04128066,-0.01803288,0.0105921,-0.03421814,-0.02284557,0.01588359,-0.01906447,-0.02155101,0.02129167,-0.009846281,-0.01348922,0.02880538,36.52807,12.47168,20.05895,23.64929,CLOSE
-0.05754628,0.0147022,0.02882776,-0.04211192,-0.01695648,0.0107556,-0.03469374,-0.02191487,0.01584193,-0.01959485,-0.02080184,0.02089858,-0.009783112,-0.01285815,0.02847645,36.24468,12.56964,19.63494,24.5577,CLOSE
-0.05830207,0.01502323,0.02817988,-0.04244911,-0.01688871,0.01100552,-0.03484093,-0.02182874,0.01595867,-0.01970657,-0.02073437,0.02098793,-0.009867579,-0.01277027,0.02850813,35.87308,12.51407,19.59126,24.50546,CLOSE
-0.05827908,0.01175201,0.03203145,-0.04342645,-0.01831037,0.01338756,-0.03500985,-0.02259514,0.01764786,-0.01956273,-0.02121422,0.0222379,-0.009990517,-0.01287088,0.02921933,33.9529,11.77739,19.22133,23.43746,CLOSE
-0.05778323,0.01110402,0.03309494,-0.04348567,-0.01861969,0.0136832,-0.03507835,-0.02273169,0.0179058,-0.01960465,-0.02132383,0.02247193,-0.01012982,-0.01293403,0.02937537,33.91383,11.58315,19.1554,23.15492,CLOSE
-0.05639493,0.0109874,0.03437465,-0.04355051,-0.01916918,0.01410097,-0.03531005,-0.02287012,0.0183726,-0.01981607,-0.02144736,0.02312642,-0.01050157,-0.01296571,0.02988464,34.75021,11.14942,19.17497,22.56699,CLOSE
-0.05532739,0.01087517,0.03459167,-0.04327634,-0.01934791,0.01362199,-0.03546359,-0.02299926,0.01819912,-0.0200089,-0.02158222,0.02321526,-0.01071886,-0.01308835,0.02999794,35.53331,11.06635,19.26344,22.42142,CLOSE
-0.05412138,0.01101127,0.03297883,-0.04221396,-0.01884261,0.01077175,-0.0351527,-0.02318653,0.01609588,-0.02005333,-0.02198622,0.02182001,-0.01082632,-0.01368731,0.02915174,37.19028,11.86187,19.72668,22.99302,CLOSE
-0.05477351,0.01289955,0.02894849,-0.04161373,-0.01773784,0.009343565,-0.03461016,-0.02260092,0.0152207,-0.01979438,-0.02151418,0.02105933,-0.01035192,-0.01362321,0.02896363,37.43599,12.89656,19.94954,23.91952,CLOSE
-0.05625514,0.01447812,0.02658486,-0.04177299,-0.01726359,0.00948295,-0.03468865,-0.02217191,0.01545033,-0.01992421,-0.02108878,0.02130169,-0.01029595,-0.01331016,0.02929538,37.13367,13.05637,19.93748,24.11427,CLOSE
-0.05905923,0.009707928,0.02906901,-0.04206286,-0.01745591,0.009543657,-0.03487916,-0.02218825,0.01567793,-0.02043787,-0.02087817,0.0218229,-0.01133344,-0.01292413,0.0297116,33.1483,13.04958,19.66402,23.27876,CLOSE
-0.05646977,0.01741394,0.01816368,-0.04025782,-0.01592028,0.004597157,-0.03427869,-0.0209083,0.01257414,-0.02048243,-0.01998749,0.0200845,-0.0120193,-0.01247704,0.02880776,39.40462,14.83609,21.08664,23.94537,CLOSE
-0.0573776,0.02045283,0.01546592,-0.04007512,-0.01542133,0.004641056,-0.03394246,-0.02042872,0.01215184,-0.02021515,-0.01950422,0.01995015,-0.01197126,-0.01201093,0.02870649,40.76647,14.62814,21.64454,24.05631,CLOSE
-0.05323455,0.006051302,0.03549159,-0.04063236,-0.01720288,0.005697101,-0.03450054,-0.0224618,0.01215491,-0.02064922,-0.02122658,0.01976964,-0.01315533,-0.01317745,0.0279277,37.73768,13.43403,20.7248,22.58674,CLOSE
-0.05476484,0.00754863,0.03178921,-0.03996807,-0.01643059,0.004348576,-0.0338939,-0.02178353,0.01116067,-0.02037484,-0.02085888,0.01872462,-0.01300182,-0.01323524,0.02736664,37.30531,14.09382,20.84457,23.15799,CLOSE
-0.05565331,0.01268655,0.02451313,-0.03925178,-0.01518625,0.002406716,-0.03357933,-0.02058807,0.01007229,-0.02016948,-0.02001512,0.01808184,-0.01301578,-0.01286009,0.02714157,38.45324,15.06888,21.78874,23.54394,CLOSE
-0.0551842,0.01295146,0.02380633,-0.03899761,-0.01539105,0.001051188,-0.03302081,-0.02034804,0.009115517,-0.02035434,-0.01916134,0.01842552,-0.0136505,-0.01175472,0.02797872,39.90968,15.4612,22.77617,23.89741,CLOSE
-0.0520183,0.005013436,0.03043857,-0.03775239,-0.01642525,-0.002816617,-0.03164224,-0.021523,0.005706489,-0.01954213,-0.0202834,0.01585296,-0.01411975,-0.01292467,0.02603251,43.98493,16.36221,23.66454,24.44102,CLOSE
-0.05236313,0.006203711,0.02843168,-0.0377183,-0.0165458,-0.003142536,-0.03164132,-0.02160648,0.005411208,-0.01952991,-0.020316,0.01555365,-0.01409206,-0.01292098,0.02582145,43.90001,16.32472,23.63099,24.72936,CLOSE
-0.0543459,0.01495281,0.0149492,-0.03769843,-0.016626,-0.003897667,-0.03177271,-0.02160472,0.005225122,-0.01989259,-0.0201897,0.01504406,-0.01415228,-0.0127624,0.02565908,43.79998,16.75858,22.82278,25.56231,CLOSE
-0.05697896,0.008683622,0.02064821,-0.04012933,-0.01867253,0.0009111762,-0.034444,-0.02305976,0.00915581,-0.02196278,-0.02105719,0.01752019,-0.01452474,-0.01281008,0.02719176,37.74601,14.28612,19.78084,24.66614,CLOSE
-0.05882611,0.007001966,0.02408493,-0.04151734,-0.02010393,0.003911793,-0.0361274,-0.02410677,0.01179528,-0.0230097,-0.02176297,0.01931527,-0.01484133,-0.01280299,0.0279389,35.97905,12.92416,18.44707,23.64425,CLOSE
-0.06123862,0.007097006,0.02350405,-0.04196611,-0.02063698,0.005251169,-0.0364956,-0.02444521,0.01286757,-0.02301157,-0.02201164,0.01992929,-0.01476158,-0.01286983,0.02812052,34.88542,12.41757,18.10542,23.18053,CLOSE
-0.05818773,0.008758634,0.02445656,-0.03999437,-0.01967996,0.004604518,-0.03455021,-0.02361614,0.01294333,-0.02148812,-0.02128819,0.02057213,-0.01392713,-0.01238203,0.02893394,37.43449,13.8202,19.4034,23.09074,CLOSE
-0.05739348,0.007329524,0.02772272,-0.03988056,-0.0200983,0.005583614,-0.0344874,-0.02394262,0.01385292,-0.02125335,-0.02142811,0.02140114,-0.01381386,-0.0123308,0.02937657,37.31932,13.60196,19.4362,22.55539,CLOSE
-0.05698162,0.006665856,0.02919358,-0.03981486,-0.02025104,0.00595367,-0.03441478,-0.02407607,0.01416314,-0.02114261,-0.02150276,0.02169955,-0.01378103,-0.01235747,0.0295361,37.29958,13.51604,19.45929,22.31566,CLOSE
-0.05804675,3.373623E-05,0.0392791,-0.03980406,-0.02621076,0.015421,-0.0342162,-0.02906463,0.02215838,-0.01862166,-0.02532044,0.02699912,-0.009939386,-0.01499879,0.03221613,33.86124,10.54831,18.13816,20.22662,CLOSE
-0.05304017,-0.008567989,0.04373038,-0.03952192,-0.03137648,0.01792061,-0.03330159,-0.03471962,0.02407563,-0.01783865,-0.03028175,0.02652836,-0.008597247,-0.01922762,0.03154761,31.91916,10.00917,15.37213,19.70214,CLOSE
-0.04083209,-0.02766812,0.05763593,-0.03595777,-0.0409542,0.02728096,-0.03049148,-0.04364464,0.03277582,-0.01529087,-0.03771514,0.03478459,-0.004745835,-0.02482188,0.0369409,25.47882,7.479029,13.66692,16.81944,CLOSE
-0.03866372,-0.02820802,0.05735281,-0.0342669,-0.04127008,0.02975228,-0.02859171,-0.04341775,0.03586873,-0.01315646,-0.0364314,0.03710994,-0.003240077,-0.02309614,0.03896207,23.7064,7.757978,13.88544,16.95725,CLOSE
-0.04087384,-0.01732785,0.05487007,-0.03267529,-0.03461087,0.03167874,-0.02599545,-0.03457868,0.03743315,-0.01237337,-0.02597916,0.04007453,-0.004396711,-0.01236355,0.04422981,24.45485,8.841447,15.47057,19.3079,CLOSE
-0.02442542,-0.02586949,0.05641758,-0.02852532,-0.03628069,0.01809001,-0.01786764,-0.03768027,0.02298194,-0.003340459,-0.02916354,0.02285004,0.003968163,-0.01944691,0.03057891,36.55524,13.76888,18.08953,22.53056,CLOSE
-0.01659543,-0.03457898,0.06041878,-0.02295128,-0.03932965,0.02165484,-0.01449563,-0.0427857,0.02682108,-5.233288E-05,-0.03489786,0.02271396,0.008198172,-0.02340728,0.02781433,32.32795,11.46216,15.97358,21.04471,CLOSE
-0.01367941,-0.02817267,0.06378216,-0.02197704,-0.03669488,0.02929044,-0.01434864,-0.04013193,0.03409338,3.942102E-05,-0.03266698,0.02989596,0.009545296,-0.02189583,0.03389716,29.60721,9.977129,15.43529,19.67759,CLOSE
-0.008723259,-0.02253699,0.0646522,-0.02264871,-0.03489923,0.03178144,-0.01465719,-0.03783268,0.0375461,-0.0001968294,-0.03065473,0.03384185,0.009015255,-0.01945347,0.03757066,32.75908,10.51182,15.42502,19.14322,CLOSE
-0.007218957,-0.01756293,0.06425244,-0.02371526,-0.03302819,0.03209352,-0.01520885,-0.03529,0.03952295,0.00118079,-0.02843672,0.03224242,0.009746812,-0.01717597,0.03655314,35.84282,11.84555,17.59222,20.05221,CLOSE
-0.005022563,-0.01226759,0.0643611,-0.02376376,-0.03146982,0.03329372,-0.01558658,-0.03181881,0.04053009,-0.001609676,-0.02014357,0.03934515,0.00760252,-0.008330643,0.04526377,38.65915,11.64671,18.30045,20.19147,CLOSE
-0.002885133,-0.01308829,0.0641579,-0.02097509,-0.03095978,0.03604072,-0.01396702,-0.03040683,0.04581767,-0.0008140653,-0.01706302,0.04638273,0.009431042,-0.006032467,0.05185425,35.30467,11.67751,18.76053,17.527,CLOSE
-0.005472131,-0.01524788,0.06414199,-0.01988338,-0.03155619,0.03752714,-0.01333067,-0.03103131,0.04915953,-0.0005881339,-0.01702857,0.05076295,0.009733848,-0.005836964,0.05553353,31.10488,11.79151,18.32314,16.32473,CLOSE
-0.0117903,-0.02826595,0.06139421,-0.01726644,-0.04001099,0.03044075,-0.009320192,-0.04002541,0.03525525,0.003143489,-0.03410172,0.03690535,0.01184835,-0.01978707,0.03676778,28.55519,9.878264,14.71066,18.77214,CLOSE
-0.02040019,-0.031986,0.06007218,-0.01765182,-0.04208022,0.02177608,-0.008073904,-0.04317826,0.02714485,0.004133391,-0.03377455,0.02682054,0.01073907,-0.02190971,0.0320946,32.95926,12.33844,15.77293,19.63639,CLOSE
-0.02101846,-0.01799285,0.06103134,-0.02044645,-0.03699851,0.02109432,-0.01407452,-0.03791833,0.02761817,-0.0004996024,-0.02596438,0.02853763,0.004562858,-0.01355958,0.03399664,41.17508,10.73627,19.64749,21.95459,CLOSE
-0.02342219,-0.01858211,0.06053877,-0.02104943,-0.03669226,0.02131075,-0.01505231,-0.03780925,0.02833718,-0.00100982,-0.02609551,0.02907711,0.004144147,-0.01341408,0.03412718,39.57818,10.69743,19.59859,21.89861,CLOSE
-0.03111988,-0.02260739,0.06140983,-0.02590128,-0.03875613,0.0358817,-0.02249818,-0.03928602,0.04618096,-0.00664478,-0.03020078,0.04340625,-0.0004718527,-0.017106,0.04565167,24.27459,8.510178,14.25252,15.70489,CLOSE
-0.02045328,-0.02345669,0.05866259,-0.02368477,-0.03872591,0.0246883,-0.0169794,-0.04074627,0.03561372,-0.001751184,-0.02865374,0.03354955,0.003492262,-0.01868701,0.04003233,34.11141,12.68041,17.22208,16.89061,CLOSE
-0.003945909,-0.01027614,0.06237912,-0.02147106,-0.03304815,0.02569735,-0.01185623,-0.03343982,0.03301162,0.0001605451,-0.02391756,0.03390098,0.006950237,-0.01090318,0.04050893,47.13565,14.44211,17.55348,22.04952,CLOSE
-0.01209234,0.007324874,0.06030411,-0.0237657,-0.02420187,0.0322479,-0.01685783,-0.02226925,0.04029506,-0.008749008,-0.0127638,0.04419315,-0.001618549,0.002149343,0.04605669,44.86138,12.64167,15.47446,20.59963,CLOSE
-0.02005154,0.0126847,0.05941945,-0.02365015,-0.01945972,0.03623146,-0.01764096,-0.01779127,0.04343522,-0.009058975,-0.008899987,0.04503679,-0.001423143,0.005538821,0.04425067,38.35715,10.74957,14.2329,20.43086,CLOSE
-0.02637734,0.01615816,0.05825412,-0.02444593,-0.01579285,0.03841013,-0.01861661,-0.01455504,0.04499853,-0.008115232,-0.006732583,0.04420799,-0.0003547892,0.006837487,0.0422709,34.25547,9.833814,14.30137,20.27745,CLOSE
-0.04685136,0.01752764,0.05252963,-0.02793827,-0.01050347,0.04305601,-0.02134349,-0.008802235,0.04942483,-0.006332606,-0.004060268,0.04488033,0.003700368,0.0064677,0.03987563,26.98154,9.733165,15.7607,19.51713,CLOSE
-0.03603267,0.009874165,0.05636281,-0.03073673,-0.01451391,0.05199951,-0.02550481,-0.01163363,0.05835187,-0.01087717,-0.00522846,0.05579937,-0.0001160949,0.005380511,0.04932511,21.99743,7.520944,13.46042,15.81459,CLOSE
-0.03081101,0.003500164,0.05964077,-0.03160883,-0.02045137,0.05218053,-0.02786771,-0.01771158,0.06034291,-0.01258817,-0.01076955,0.05730355,-0.001119196,0.001066566,0.05062121,21.85453,7.126978,12.90957,16.03896,CLOSE
-0.02208386,-0.02403724,0.0585441,-0.02867273,-0.03827173,0.02341068,-0.02230815,-0.04117382,0.03294498,-0.004316229,-0.0325653,0.02826816,0.004372831,-0.02161968,0.03199226,34.9931,11.56253,17.35663,19.29088,CLOSE
-0.02924942,-0.04188424,0.05337173,-0.02440728,-0.04142374,0.01217812,-0.01362575,-0.04403454,0.01617795,-0.00199474,-0.03922606,0.02169085,0.005624257,-0.02724504,0.02702022,32.25451,13.73146,16.14694,19.16857,CLOSE
-0.02535452,-0.04039115,0.05341077,-0.02393398,-0.04060382,0.01435262,-0.01354977,-0.04329735,0.01757491,-0.001632802,-0.03946316,0.02359915,0.008121639,-0.02793908,0.0282886,31.33002,13.11708,16.57434,19.78647,CLOSE
-0.01968972,-0.03882372,0.05518419,-0.0232502,-0.03925806,0.01496768,-0.01331104,-0.04195684,0.01788825,-0.001376569,-0.0395698,0.0252682,0.008897491,-0.0284974,0.02961355,33.70027,12.85368,17.31626,19.33687,CLOSE
-0.01280399,-0.03546071,0.05853248,-0.02253802,-0.03854239,0.01701307,-0.01324689,-0.04162687,0.02021801,-0.001436926,-0.03860015,0.02791274,0.009334125,-0.02766043,0.03160173,37.1605,12.32323,17.30249,19.18865,CLOSE
-0.00705108,-0.03455967,0.0599739,-0.02116247,-0.03932613,0.01941037,-0.01213218,-0.04252654,0.02331352,-0.0002833754,-0.03896087,0.03180701,0.01077247,-0.02724338,0.03397083,37.92751,11.94025,17.20989,18.55821,CLOSE
-0.007069595,-0.03749001,0.05935216,-0.02200694,-0.03946048,0.02104986,-0.0131505,-0.0429523,0.02589482,-0.0007198304,-0.04043341,0.03443462,0.01154836,-0.02862138,0.03442299,34.90174,11.84615,16.69586,18.0869,CLOSE
-0.006476983,-0.04031575,0.05860889,-0.0220317,-0.04037356,0.02454495,-0.01363814,-0.04292208,0.03055727,-0.001993045,-0.04358083,0.046857,0.012413,-0.03072572,0.03805047,30.49033,11.18807,17.14309,16.5091,CLOSE
-0.01030449,-0.04246688,0.05911815,-0.02220383,-0.03935885,0.02873063,-0.01380049,-0.03952813,0.03541362,-0.0009336397,-0.04318905,0.05666435,0.01419939,-0.03121001,0.04457951,23.91599,11.29011,17.48453,15.54505,CLOSE
-0.04505808,-0.0496164,0.03826058,-0.02053886,-0.04863596,0.01074386,-0.008962765,-0.04661912,0.008099735,0.003905885,-0.03618568,0.01248294,0.01115825,-0.02957082,0.02402645,25.60332,11.94514,18.90593,22.28061,CLOSE
-0.04438152,-0.0492211,0.02708203,-0.01858635,-0.03611833,-0.005530536,-0.007135097,-0.03725493,-0.001083672,0.00479029,-0.03245014,0.005014181,0.007835269,-0.02760321,0.01811379,33.30795,17.4332,21.78041,24.56354,CLOSE
-0.04550814,-0.05049986,0.0265103,-0.02353455,-0.04136908,-0.003326654,-0.01205261,-0.04127961,-0.0006534457,-0.0004902463,-0.03667217,0.007455885,0.002692455,-0.03363371,0.0235194,28.0641,13.70657,19.75773,23.88631,CLOSE
-0.04677636,-0.05063683,0.0247224,-0.02281157,-0.04071182,-0.004836142,-0.01135217,-0.04070026,-0.001567781,0.0001349002,-0.03490174,0.006734848,0.002688922,-0.03258455,0.02273303,28.8674,14.15855,20.43246,24.23764,CLOSE
-0.04338341,-0.05024338,0.02855968,-0.02375953,-0.03855151,-0.005728364,-0.01205302,-0.03882092,-0.001855969,-0.0001630522,-0.03329545,0.006360948,0.003921753,-0.0312615,0.02189928,31.77739,15.05856,21.57429,24.92393,CLOSE
-0.03791852,-0.04819942,0.04020357,-0.02146452,-0.03918409,-0.00131464,-0.009162318,-0.0395447,0.002476335,0.002346154,-0.03328246,0.00901407,0.006928742,-0.02640629,0.02206337,36.05899,16.49438,20.4473,25.60508,CLOSE
-0.04007719,-0.04726028,0.04246277,-0.02462175,-0.03985858,0.002345502,-0.01229145,-0.04164916,0.004394948,0.0005319938,-0.03667074,0.009171963,0.008024216,-0.02935094,0.02128452,32.55397,15.49343,18.89926,24.65626,CLOSE
-0.02338598,-0.0435636,0.05253506,-0.02323936,-0.03624219,0.007937193,-0.01262267,-0.04043758,0.01045042,-0.0013173,-0.03952122,0.01785547,0.008264355,-0.03167987,0.02645367,36.48602,15.3686,17.90762,20.24039,CLOSE
-0.02247313,-0.04484212,0.0509302,-0.02254131,-0.03559262,0.0066486,-0.01333045,-0.04016948,0.008067429,-0.002520889,-0.04043055,0.01621968,0.00699269,-0.03311074,0.02592289,36.80187,13.89906,17.95248,20.57159,CLOSE
-0.02201194,-0.04435712,0.05089414,-0.02169709,-0.03843212,0.006587505,-0.01287992,-0.04061168,0.006901979,-0.002188012,-0.0407179,0.01762372,0.005889207,-0.03401631,0.02869153,37.38805,11.73096,19.84385,19.65775,CLOSE
-0.02339451,-0.04094404,0.05205083,-0.02240786,-0.03875202,0.006382287,-0.01242313,-0.03989458,0.008483648,-0.0008424297,-0.03572392,0.01534849,0.006672651,-0.02950674,0.02706379,39.71097,12.99569,19.20704,21.98017,CLOSE
-0.0421575,-0.04320836,0.04635221,-0.02080384,-0.0424068,0.008623421,-0.01142933,-0.04306763,0.01184833,-0.0004229248,-0.03705376,0.01837498,0.005007088,-0.02805483,0.02963001,31.70553,11.89491,17.54297,21.52026,CLOSE
-0.04090794,-0.0434137,0.04611731,-0.01985224,-0.04227036,0.008215845,-0.01069295,-0.04284716,0.01157534,9.23872E-05,-0.03668338,0.01845795,0.005390169,-0.02758658,0.02935731,32.17601,11.85849,17.85725,21.3667,CLOSE
-0.0370898,-0.0426234,0.04493654,-0.01863169,-0.04099476,0.004952371,-0.009788482,-0.04147333,0.009020865,-0.0002217889,-0.0359236,0.01773393,0.004511241,-0.02689284,0.02871752,35.54747,12.39188,18.79145,21.67618,CLOSE