41.68495,13.74934,22.58265,27.42556,CLOSE
37.84522,11.78096,21.86599,25.97932,CLOSE
36.55225,11.25522,21.35451,25.89461,CLOSE
35.93574,11.65964,21.7346,26.78311,CLOSE
35.56336,11.87378,21.96064,26.99001,CLOSE
35.82182,12.6532,22.52757,27.57817,CLOSE
35.53199,12.80247,22.66722,27.58818,CLOSE
34.8834,13.77985,23.0895,28.75432,CLOSE
33.90726,14.01101,22.61257,28.67896,CLOSE
30.94629,13.05829,22.18718,28.51404,CLOSE
29.5733,12.03319,20.5124,27.36015,CLOSE
38.35412,15.10959,23.10422,27.91285,CLOSE
40.0123,17.43572,25.47262,26.36155,CLOSE
39.60761,19.52963,24.59785,25.69954,CLOSE
43.96603,20.25916,25.0667,26.97864,CLOSE
52.42699,18.60553,22.25789,26.59558,CLOSE
51.5834,13.30662,19.87638,23.28228,CLOSE
44.08314,11.63757,17.60182,21.45121,CLOSE
38.07917,10.09666,16.002,19.35346,CLOSE
34.68734,8.854258,15.3996,18.02737,CLOSE
34.89051,8.249502,15.27625,17.78946,CLOSE
36.48132,7.659628,13.95587,17.39122,CLOSE
36.26803,7.985344,13.53963,17.84545,CLOSE
35.75912,8.196375,13.22535,17.54395,CLOSE
35.31277,8.361682,13.07489,17.33772,CLOSE
35.0743,8.605853,13.06976,17.28297,CLOSE
32.76841,8.549779,13.52803,17.18955,CLOSE
32.45966,8.39777,14.18896,17.17986,CLOSE
32.02983,7.967182,14.61178,17.58896,CLOSE
31.80447,7.753524,14.55375,16.97292,CLOSE
32.08102,7.483121,14.32149,16.0751,CLOSE
33.20524,7.666901,14.18557,16.19467,CLOSE
34.83391,7.97954,14.866,17.01412,CLOSE
39.58082,9.493181,15.69229,19.00816,CLOSE
40.6131,9.479733,15.88124,19.66159,CLOSE
41.54754,9.194922,16.39909,18.95893,CLOSE
44.75715,13.66962,17.58489,21.08305,CLOSE
44.00858,12.95054,18.21585,20.96873,CLOSE
42.88815,11.5425,17.78176,19.17107,CLOSE
41.08416,10.64468,17.47329,18.54461,CLOSE
36.89549,9.200883,17.058,18.94363,CLOSE
44.80632,12.97321,17.39368,21.17825,CLOSE
50.66094,14.36799,16.98064,22.459,CLOSE
48.66724,8.535111,19.31969,23.52777,CLOSE
49.63809,8.410808,19.55822,24.51445,CLOSE
52.00527,9.319728,19.41666,24.94894,CLOSE
49.48038,13.46807,15.7896,21.32263,CLOSE
42.31013,11.19987,14.96546,18.21302,CLOSE
35.35669,9.266287,14.36019,17.80982,CLOSE
32.37313,8.694386,15.79055,18.58712,CLOSE
35.29549,9.784501,16.93895,20.02318,CLOSE
53.39393,12.74343,21.81161,24.05611,CLOSE
71.75804,18.59931,26.3308,25.43217,CLOSE
59.66962,13.73635,20.10151,26.0647,CLOSE
59.39646,14.04872,19.88325,24.34194,CLOSE
59.48676,15.23462,20.33543,25.48106,CLOSE
59.47721,15.3583,20.16404,25.06214,CLOSE
61.76168,16.6692,19.99579,24.69035,CLOSE
66.52458,20.18451,20.86913,24.24486,CLOSE
69.57594,24.24938,21.98054,22.56833,CLOSE
72.75088,28.25926,16.0755,27.41475,CLOSE
69.31075,26.69238,22.38839,22.40552,CLOSE
65.53304,21.86379,22.4364,24.27184,CLOSE
58.97947,19.4249,22.13269,26.97332,CLOSE
60.7819,22.55744,21.67927,26.77646,CLOSE
55.82702,24.70236,23.10441,25.85824,CLOSE
42.19183,16.8381,24.90093,25.58541,CLOSE
35.78555,17.31338,26.64697,26.24695,CLOSE
35.16427,17.33391,26.60878,26.55506,CLOSE
33.28273,17.2504,26.37284,27.05151,CLOSE
34.23275,19.56729,26.15009,27.13456,CLOSE
37.64249,20.52973,25.67638,27.12037,CLOSE
41.25007,22.35617,24.43303,26.32316,CLOSE
43.36187,23.32091,23.86802,25.87505,CLOSE
44.57315,23.21523,23.55374,25.58903,CLOSE
45.30748,23.09594,23.35618,25.45147,CLOSE
45.08941,23.28592,23.50184,25.56993,CLOSE
44.71192,23.49052,23.85035,25.88088,CLOSE
44.24027,23.42657,24.02328,26.02735,CLOSE
42.293,23.27064,24.45638,26.35655,CLOSE
42.13069,21.05605,22.80351,24.83581,CLOSE
41.58005,19.26518,22.62895,24.98394,CLOSE
41.06181,17.90469,23.69328,24.64954,CLOSE
40.80457,16.39021,24.04754,24.51896,CLOSE
40.43696,15.49899,24.07926,24.6291,CLOSE
40.45965,15.29533,24.06701,24.57523,CLOSE
41.28579,17.10742,23.6389,24.46164,CLOSE
41.36928,17.94059,23.50201,24.50226,CLOSE
41.46634,18.60338,23.39458,24.46681,CLOSE
41.05674,19.43158,23.48251,24.55254,CLOSE
41.0536,19.59511,23.32436,24.54307,CLOSE
41.14438,18.75905,23.42831,24.77148,CLOSE
41.07393,17.3785,23.99316,24.5624,CLOSE
41.42846,18.00278,24.1117,24.58799,CLOSE
45.58892,14.12877,23.60597,29.54284,CLOSE
40.8152,12.36424,20.41366,26.40644,CLOSE
38.51784,11.2743,18.93978,24.97569,CLOSE
34.14431,9.523365,17.6084,22.57453,CLOSE
43.60554,12.8666,20.45944,20.79975,CLOSE
62.71127,20.63431,25.89052,23.49732,CLOSE
61.21183,22.14771,26.29983,25.97287,CLOSE
57.49417,22.68803,26.74972,27.5003,CLOSE
56.24265,21.52346,26.94194,27.34156,CLOSE
55.49647,21.22035,27.49374,26.61699,CLOSE
54.66841,19.71399,26.8815,23.52934,CLOSE
44.75193,19.11498,21.94053,27.17108,CLOSE
31.6707,14.04846,20.48935,27.20587,CLOSE
31.06337,15.5579,23.54984,26.23539,CLOSE
39.12799,15.85566,23.9866,26.70144,CLOSE
48.15538,15.60624,21.85052,25.03796,CLOSE
44.96376,12.93729,19.1282,20.58187,CLOSE
45.13033,11.89532,18.42409,20.06489,CLOSE
45.28383,11.89622,18.26954,20.27452,CLOSE
40.98145,9.695723,16.41539,20.39603,CLOSE
40.84078,9.485372,15.45971,19.10286,CLOSE
37.9326,9.301427,14.62619,18.09873,CLOSE
39.05513,9.939904,14.74259,18.88927,CLOSE
46.78701,12.84331,17.26458,22.72755,CLOSE
45.42072,13.08651,18.30921,24.08873,CLOSE
53.73727,15.2922,22.03261,22.25399,CLOSE
57.61968,16.79589,23.21337,25.02334,CLOSE
60.04554,17.55478,25.31818,26.26252,CLOSE
61.0344,19.56849,24.9842,26.21443,CLOSE
58.58223,16.24574,23.30631,29.23585,CLOSE
51.48645,17.15975,22.05215,25.45226,CLOSE
50.00855,16.51495,21.38619,24.89587,CLOSE
48.38737,14.17284,19.43204,23.46796,CLOSE
46.44043,13.38416,16.76038,20.82674,CLOSE
41.53589,12.49916,15.26004,18.46747,CLOSE
32.56797,9.773603,15.5126,16.54531,CLOSE
24.26106,6.006748,12.95261,12.74426,CLOSE
35.86102,8.407165,13.97085,15.10946,CLOSE
41.50369,10.0882,15.34233,18.17039,CLOSE
64.08459,17.7364,27.28851,23.87427,CLOSE
66.13712,19.72575,24.14479,26.19913,CLOSE
60.96324,19.98325,23.6566,25.4993,CLOSE
43.63155,14.29072,25.12022,24.84937,CLOSE
50.07015,17.49718,29.02361,25.86238,CLOSE
70.66469,20.73066,24.04934,27.05665,CLOSE
54.25006,16.37163,18.34925,20.75336,CLOSE
37.14448,9.731529,14.4563,14.81762,CLOSE
39.44022,9.39168,15.66768,19.54288,CLOSE
56.62087,17.10283,23.73459,26.53682,CLOSE
52.05176,18.62489,24.27227,26.95986,CLOSE
68.41261,19.86751,22.97151,27.73323,CLOSE
56.13113,14.71754,16.98642,20.58296,CLOSE
40.27719,9.972042,14.90108,18.13647,CLOSE
38.73803,11.06229,19.16369,22.01994,CLOSE
46.04615,15.20508,21.78403,23.6837,CLOSE
63.2412,20.0031,24.46181,26.53234,CLOSE
61.44955,21.60852,29.30689,25.33071,CLOSE
66.3342,18.60405,21.02801,26.42325,CLOSE
54.79221,13.08806,16.11694,20.47625,CLOSE
40.45018,10.40174,16.20284,21.07502,CLOSE
58.41416,16.7574,26.08023,28.4784,CLOSE
75.20533,28.54296,26.41158,27.3718,CLOSE
71.68079,20.90675,23.44413,28.3344,CLOSE
61.10774,16.81281,17.49552,22.29816,CLOSE
52.33099,11.9623,16.0426,20.64256,CLOSE
45.98457,16.40221,25.51868,26.51723,CLOSE
71.08753,20.42197,23.23999,29.65534,CLOSE
63.27707,17.70889,18.49518,23.06775,CLOSE
44.46895,10.32028,15.07777,17.28415,CLOSE
36.51864,10.44625,16.49563,20.53723,CLOSE
47.92511,15.73257,24.63418,26.60616,CLOSE
65.49234,18.05449,19.3627,24.81587,CLOSE
54.45216,14.3204,16.17304,20.7562,CLOSE
38.35527,10.99266,15.45273,19.57236,CLOSE
40.9367,14.30618,22.6282,23.67166,CLOSE
49.28888,15.70408,25.08776,27.73253,CLOSE
59.47173,16.18297,25.51135,27.1915,CLOSE
72.30044,24.61401,24.35439,27.20813,CLOSE
74.1554,23.83896,28.33822,26.96243,CLOSE
61.62038,16.48312,18.1108,24.77653,CLOSE
40.83918,8.775367,14.28584,16.65517,CLOSE
37.61011,8.773486,14.15076,17.67185,CLOSE
34.72389,8.311559,13.47209,17.16614,CLOSE
34.84956,8.368255,13.30646,17.07668,CLOSE
34.09288,8.787469,13.37079,16.50846,CLOSE
39.87158,11.41899,17.33074,21.66383,CLOSE
48.65118,14.89194,20.5296,25.1408,CLOSE
54.66406,16.08578,22.30165,26.59079,CLOSE
54.3638,14.52788,21.58337,26.47158,CLOSE
53.38745,14.80466,20.8003,26.83436,CLOSE
56.24183,19.21119,22.77651,28.89263,CLOSE
54.80538,18.76412,22.82983,28.35163,CLOSE
53.5369,18.40864,23.57079,26.74172,CLOSE
54.46439,21.43295,21.41125,25.86806,CLOSE
50.70209,18.95765,22.25061,25.13557,CLOSE
44.14751,15.6623,21.0985,24.90194,CLOSE
42.96677,16.53796,20.53349,23.28459,CLOSE
46.86582,17.0951,19.91835,24.67591,CLOSE
47.07669,16.35383,18.57521,25.51766,CLOSE
48.22196,15.39533,19.40619,25.13427,CLOSE
49.44588,15.10181,20.21589,25.35835,CLOSE
50.41906,15.33315,20.65184,25.16399,CLOSE
52.81835,17.91964,21.86873,23.97523,CLOSE
52.65769,18.14458,21.65625,24.31196,CLOSE
52.77772,18.18572,21.42456,24.34943,CLOSE
54.80833,18.09625,21.35554,26.10769,CLOSE
56.09433,18.53927,20.69091,26.27179,CLOSE
56.54199,19.14822,20.61053,26.50377,CLOSE
54.45096,18.39357,20.77167,26.6554,CLOSE
53.02667,17.84868,20.99996,26.16074,CLOSE
51.80844,17.97311,20.55044,25.655,CLOSE
50.53585,18.39183,19.76897,25.06027,CLOSE
48.33475,18.54029,19.57413,23.62054,CLOSE
37.97863,16.67935,19.8082,20.25158,CLOSE
32.14736,14.2244,18.38377,22.5785,CLOSE
32.15281,13.17384,18.50314,26.85442,CLOSE
31.05577,16.96625,20.85629,27.76521,CLOSE
31.77469,19.36112,23.5555,32.15821,CLOSE
44.43219,19.506,29.9106,26.93481,CLOSE
52.34536,22.41411,24.52162,26.63268,CLOSE
56.46306,14.78805,18.3909,22.52783,CLOSE
53.16545,10.70988,16.75534,21.71387,CLOSE
64.25172,17.71553,18.80869,24.86127,CLOSE
63.06873,17.80337,19.19471,25.21718,CLOSE
61.37604,16.13687,19.19233,24.96191,CLOSE
60.90709,15.49439,19.39733,24.92411,CLOSE
60.68043,14.62906,20.0376,24.90256,CLOSE
66.01092,19.49622,21.19411,24.93259,CLOSE
50.62882,16.72326,23.1911,25.46915,CLOSE
35.65509,18.196,25.09863,25.05785,CLOSE
25.11867,19.16065,27.84823,30.72286,CLOSE
22.99619,22.99947,28.9395,33.01503,CLOSE
20.09005,29.06487,29.07021,34.28362,CLOSE
19.65809,27.71096,29.83548,32.2364,CLOSE
19.5552,26.5013,30.30101,31.22239,CLOSE
19.73957,25.80589,30.2147,31.1537,CLOSE
19.99109,25.41622,30.28103,31.01577,CLOSE
21.10975,25.41094,30.83339,30.65243,CLOSE
21.63107,24.95259,32.14584,28.69828,CLOSE
23.1655,23.36706,30.898,26.99507,CLOSE
22.24206,23.38267,29.33393,27.39623,CLOSE
23.92666,19.2688,27.33706,27.05503,CLOSE
38.03914,16.71481,26.12027,26.13524,CLOSE
55.58714,22.60039,29.91703,28.45964,CLOSE
52.29668,21.91469,29.11042,29.57652,CLOSE
45.64933,20.50782,28.73755,30.84724,CLOSE
45.55021,20.49104,28.78462,30.60184,CLOSE
41.2755,20.27808,29.04813,29.49917,CLOSE
39.19411,20.34175,29.08674,29.32492,CLOSE
38.08708,20.57147,29.40265,28.9589,CLOSE
38.80221,19.91822,29.91175,28.12753,CLOSE
38.4833,18.45721,30.17876,27.39096,CLOSE
38.38251,17.80578,30.38658,27.02496,CLOSE
36.38273,17.87366,30.80702,26.50863,CLOSE
34.74216,18.11901,30.5939,26.74002,CLOSE
35.99622,17.92171,30.9546,27.20386,CLOSE
35.66012,17.96168,31.06256,27.12146,CLOSE
36.82338,18.20367,30.51321,27.1636,CLOSE
37.33883,18.45723,29.29322,27.86623,CLOSE
37.179,18.61155,29.19745,28.08589,CLOSE
26.61476,18.89586,28.51162,29.60089,CLOSE
26.88667,20.48417,29.74788,29.90734,CLOSE
26.46978,21.08708,29.90622,30.07358,CLOSE
26.32792,21.0374,29.9466,30.21573,CLOSE
26.34492,20.57355,29.76995,30.19193,CLOSE
25.91381,19.07049,28.74166,30.65755,CLOSE
25.58919,18.67796,28.2873,30.83609,CLOSE
25.38265,18.36024,28.2229,30.6836,CLOSE
24.32456,17.59126,28.02819,28.98009,CLOSE
24.1903,17.72346,28.40167,28.68926,CLOSE
26.96246,16.60613,28.4771,26.67299,CLOSE
30.92617,13.67966,29.22929,25.99384,CLOSE
40.38445,12.2108,29.62903,24.91682,CLOSE
51.8837,19.5264,29.96851,25.76022,CLOSE
52.47489,21.1151,31.21513,26.83519,CLOSE
52.79719,20.47125,27.9124,29.2904,CLOSE
48.62337,19.42753,26.36414,32.38644,CLOSE
32.89953,19.333,24.55755,35.34079,CLOSE
26.92426,21.18157,25.6791,34.48763,CLOSE
26.61291,22.39556,26.65777,32.18649,CLOSE
23.64476,24.09638,26.88811,32.93455,CLOSE
27.01797,25.47522,28.33936,32.97913,CLOSE
28.9557,28.2779,29.0675,30.12867,CLOSE
26.53972,31.79905,28.39961,29.49214,CLOSE
24.60128,31.67775,28.19766,29.61898,CLOSE
23.68418,27.67821,28.51772,30.02931,CLOSE
22.85421,21.66025,29.60312,28.97857,CLOSE
24.53857,13.4885,29.4533,26.80432,CLOSE
40.32361,12.20057,29.64985,24.16321,CLOSE
42.52879,23.01476,26.10659,25.58697,CLOSE
37.61604,20.53848,24.20641,26.28542,CLOSE
35.07841,20.00582,23.94299,27.2507,CLOSE
45.37421,18.45623,24.7901,31.19496,CLOSE
28.40552,18.75244,24.92285,33.81121,CLOSE
26.69719,17.25964,24.88356,30.87993,CLOSE
25.73399,16.329,25.62703,29.53884,CLOSE
32.56597,15.37073,25.15556,27.36574,CLOSE
34.09277,15.66596,25.44431,26.06051,CLOSE
35.69286,16.5384,24.945,25.32123,CLOSE
41.47073,13.20846,19.19631,27.00014,CLOSE
45.25428,13.01768,20.08961,27.03333,CLOSE
45.71014,12.53119,20.87711,27.88201,CLOSE
45.80857,11.22967,22.47161,27.98419,CLOSE
43.34991,10.15369,21.84438,27.15819,CLOSE
44.31412,10.23518,20.31381,25.47381,CLOSE
40.28131,10.43769,16.37259,19.96184,CLOSE
32.46312,9.546167,17.15999,22.31381,CLOSE
27.35406,19.662,28.71412,28.69673,CLOSE
25.06261,23.39163,28.64711,30.84246,CLOSE
23.89778,20.68504,27.31523,30.57625,CLOSE
24.49717,20.37144,27.62895,30.26971,CLOSE
27.24551,19.31693,28.93719,29.4055,CLOSE
27.46944,22.97931,29.37845,29.47873,CLOSE
27.75154,25.68219,30.44729,29.5982,CLOSE
27.36898,18.45947,25.71742,31.29172,CLOSE
30.91339,10.47758,18.88035,24.87879,CLOSE
39.54604,10.05792,14.90429,19.99652,CLOSE
45.98573,11.95673,15.18784,19.86256,CLOSE
45.44329,11.40358,17.92075,23.95696,CLOSE
44.67582,10.63924,19.68172,25.80707,CLOSE
44.49649,11.20737,19.00053,24.49086,CLOSE
45.26223,13.22807,18.19014,22.74848,CLOSE
41.04323,12.29847,17.93331,22.02969,CLOSE
35.50116,12.79216,21.14708,29.89466,CLOSE
30.44457,18.21205,27.61458,28.95503,CLOSE
28.79147,21.99864,28.75834,29.86239,CLOSE
24.83656,15.35385,23.36243,26.9046,CLOSE
33.73757,11.47511,18.87449,23.76054,CLOSE
41.45372,12.59128,20.7266,26.19312,CLOSE
47.62493,14.17173,18.53202,24.72791,CLOSE
38.89134,13.34173,19.45564,23.71406,CLOSE
27.36245,15.79058,25.79026,32.73531,CLOSE
23.71909,19.8999,26.54573,28.44801,CLOSE
27.06358,17.76048,26.4664,26.64224,CLOSE
32.08715,9.540977,14.756,17.66723,CLOSE
28.85601,8.680821,13.21259,15.26698,CLOSE
30.11868,7.743189,12.58663,14.90942,CLOSE
30.69107,7.332618,12.2575,14.54244,CLOSE
36.30463,7.919214,12.89071,16.58384,CLOSE
40.71259,9.44065,14.41754,19.00191,CLOSE
45.05195,10.8488,16.12775,21.4224,CLOSE
53.37527,13.01577,16.91253,22.72909,CLOSE
54.85092,12.9823,16.0406,21.9221,CLOSE
52.30693,14.67356,15.22591,19.94686,CLOSE
45.672,9.930027,15.16192,18.64735,CLOSE
44.42945,8.452103,13.89734,17.00037,CLOSE
48.25499,11.00144,15.66717,19.00299,CLOSE
52.36795,13.81131,17.88012,22.36788,CLOSE
53.17855,14.48651,18.30251,22.83267,CLOSE
48.95441,12.34654,18.73162,23.20325,CLOSE
53.11108,15.09534,21.881,22.8675,CLOSE
55.42647,15.28971,21.00921,23.056,CLOSE
56.05554,15.10394,21.1603,22.32393,CLOSE
52.20426,12.07424,18.47975,23.2908,CLOSE
45.78525,10.69321,15.6916,18.30431,CLOSE
45.40464,10.5308,15.18336,17.60648,CLOSE
47.25537,11.98064,16.58582,20.52885,CLOSE
51.92021,13.25584,20.89081,23.27106,CLOSE
59.43553,15.59418,21.84562,24.12765,CLOSE
54.55449,11.76167,18.55159,23.01869,CLOSE
66.2513,19.61903,27.83266,28.78853,CLOSE
62.09984,21.86439,21.73167,24.75015,CLOSE
57.25478,18.9991,20.42825,23.72273,CLOSE
47.27298,19.02624,26.73453,24.06928,CLOSE
50.74537,19.94818,25.76809,24.18246,CLOSE
61.41722,18.0858,27.89236,24.50823,CLOSE
65.79524,20.13329,17.4768,21.50087,CLOSE
37.95067,17.82444,26.83118,19.41596,CLOSE
43.09201,18.49072,22.10144,19.63027,CLOSE
53.73738,16.26749,24.81904,22.26086,CLOSE
67.86646,16.03718,19.31028,25.70679,CLOSE
71.1243,17.63126,19.20329,24.24444,CLOSE
48.9537,17.23919,19.52318,20.60694,CLOSE
43.56554,16.32326,21.76345,28.44237,CLOSE
40.73649,15.40266,24.9272,25.89886,CLOSE
46.38839,12.22427,20.57215,21.97329,CLOSE
47.89485,10.8129,17.16222,20.16524,CLOSE
47.35293,10.64714,14.53489,18.19462,CLOSE
44.39232,10.43092,14.36749,17.44871,CLOSE
39.93179,9.290688,13.80566,16.70986,CLOSE
34.3954,8.679553,13.26741,15.97546,CLOSE
32.59281,8.804576,13.20647,15.80748,CLOSE
47.95832,11.28737,15.21525,19.05429,CLOSE
61.72577,18.64663,18.72551,26.55738,CLOSE
63.77183,21.93026,18.04446,28.40559,CLOSE
66.04185,21.80744,20.28787,28.95427,CLOSE
65.57107,20.06215,20.86371,29.19605,CLOSE
57.6036,17.97369,21.81413,24.05798,CLOSE
53.5121,16.24977,24.31609,23.76831,CLOSE
54.19656,15.80453,24.99876,24.60717,CLOSE
59.53741,16.00223,23.87375,25.59077,CLOSE
64.08995,17.67179,18.84594,25.44128,CLOSE
63.29485,17.61537,18.72616,24.02518,CLOSE
62.62724,17.74882,19.00825,23.74868,CLOSE
66.28494,19.58735,20.52717,24.93809,CLOSE
68.68491,19.5106,20.63181,25.64053,CLOSE
68.37115,19.13557,20.83828,25.45379,CLOSE
60.96869,17.052,20.21768,23.36788,CLOSE
58.31184,15.76204,19.05072,22.97922,CLOSE
50.70108,13.27659,20.52277,25.13936,CLOSE
53.15442,12.41918,18.81218,30.53032,CLOSE
47.46317,13.07293,18.32143,31.37953,CLOSE
42.68125,14.26785,23.07444,27.10187,CLOSE
53.49387,15.6977,21.5299,25.91049,CLOSE
54.03328,16.13271,18.79244,23.52575,CLOSE
48.82967,12.73952,18.19317,21.56825,CLOSE
43.02818,11.11048,16.8699,20.01388,CLOSE
44.93592,11.36722,15.95016,19.62489,CLOSE
48.17361,12.48184,16.60566,21.2003,CLOSE
50.18191,12.50735,17.6268,23.56508,CLOSE
55.04406,14.37014,18.86117,25.72171,CLOSE
57.12507,14.86929,18.63107,25.22031,CLOSE
61.27874,15.42156,19.31734,23.85716,CLOSE
62.67595,17.1613,19.59937,22.0616,CLOSE
61.31828,17.4367,19.99227,21.16488,CLOSE
58.91298,16.83533,19.44408,19.62519,CLOSE
49.78969,16.86634,18.90778,15.25534,CLOSE
35.96943,11.93091,18.56309,24.33801,CLOSE
31.55386,8.399126,26.21205,23.15323,CLOSE
28.69274,7.161331,27.16755,28.90903,CLOSE
28.21793,7.286693,26.70932,23.29481,CLOSE
28.23719,4.467782,14.95574,16.84961,CLOSE
34.1261,7.303717,12.64462,13.61416,CLOSE
41.21048,7.709125,15.22823,17.75462,CLOSE
35.48124,10.25252,14.03016,18.149,CLOSE
34.133,10.8154,14.05831,17.92736,CLOSE
38.05727,11.85021,15.71708,20.82909,CLOSE
59.68092,16.03884,24.95046,25.24906,CLOSE
60.45383,17.51405,20.20498,23.06205,CLOSE
59.59514,18.22655,18.41898,21.61984,CLOSE
59.94448,17.38977,18.36743,21.39972,CLOSE
64.41909,23.32686,18.09879,23.47119,CLOSE
58.04126,21.02678,31.1052,26.24962,CLOSE
52.36413,20.64679,32.32779,26.83214,CLOSE
50.87548,22.52866,29.33444,27.02762,CLOSE
51.28917,22.46895,26.8702,27.109,CLOSE
47.80318,20.27985,26.84695,26.97584,CLOSE
58.05247,15.83487,21.90793,25.85499,CLOSE
50.52814,14.36926,21.14251,25.43872,CLOSE
42.71707,12.53256,19.26363,24.63061,CLOSE
41.98844,11.8352,17.9578,23.35321,CLOSE
43.17211,12.30216,17.07302,22.11247,CLOSE
44.36377,12.84804,16.73229,22.00885,CLOSE
44.01619,14.12671,16.84372,21.54647,CLOSE
42.50725,13.66643,17.07372,21.97514,CLOSE
51.52355,15.05215,18.88822,24.08725,CLOSE
58.82262,14.90861,21.77443,26.99657,CLOSE
61.81123,16.72715,26.18466,26.46727,CLOSE
61.74004,17.4358,26.33696,26.14428,CLOSE
62.34858,20.68382,22.88377,24.74277,CLOSE
70.79493,22.2374,26.51489,25.89687,CLOSE
61.47982,15.94901,21.61802,24.96936,CLOSE
51.87012,12.18586,18.11321,23.00869,CLOSE
42.25262,10.39786,15.90602,20.11087,CLOSE
35.04064,9.345336,14.71115,18.46767,CLOSE
41.09816,9.377019,15.15031,18.96263,CLOSE
44.29298,11.78592,16.41371,20.74751,CLOSE
49.35986,14.53949,19.05233,23.61354,CLOSE
55.89204,16.93985,20.12456,24.95861,CLOSE
59.89401,17.75049,20.10576,25.22178,CLOSE
58.71558,17.56397,19.17965,23.46011,CLOSE
49.18231,9.581973,16.52767,22.52032,CLOSE
46.86659,11.7537,16.02474,28.62147,CLOSE
42.59354,11.62561,22.49378,18.42157,CLOSE
37.37653,11.7755,22.66394,21.12604,CLOSE
36.32476,13.60309,18.12587,28.99758,CLOSE
36.76046,13.36648,18.13639,29.00257,CLOSE
42.65091,13.36742,24.71762,23.13171,CLOSE
68.02081,19.54155,25.34835,24.63607,CLOSE
73.32226,26.69416,23.71743,24.8914,CLOSE
55.6651,11.83681,17.93645,26.58397,CLOSE
50.55725,9.337488,17.04025,17.5455,CLOSE
58.37027,17.02944,18.61867,23.06184,CLOSE
61.38376,17.86219,19.14523,24.98054,CLOSE
69.27187,20.29904,20.47199,27.18788,CLOSE
71.67387,21.77975,21.34088,28.7157,CLOSE
71.55788,21.8577,21.44128,29.65768,CLOSE
70.04095,22.25296,21.40265,29.80993,CLOSE
69.15676,22.5904,21.28403,29.33492,CLOSE
68.39494,22.24912,21.2384,26.58856,CLOSE
67.16496,21.17479,20.9784,25.12636,CLOSE
66.32531,20.48024,20.81309,25.29315,CLOSE
66.39763,20.71322,20.09339,23.26533,CLOSE
66.89613,20.99406,20.04874,21.49403,CLOSE
67.99558,20.68688,20.74955,23.90591,CLOSE
68.26299,19.5078,23.24201,25.54196,CLOSE
66.93477,18.75278,22.98862,25.72524,CLOSE
66.77908,19.57275,22.45673,25.89868,CLOSE
66.8443,19.49071,22.45317,27.08441,CLOSE
61.56603,23.16994,24.77398,23.46217,CLOSE
47.83821,16.80125,24.06402,24.89144,CLOSE
44.11724,14.73973,23.19082,26.33294,CLOSE
40.31804,12.17675,21.43142,29.49695,CLOSE
39.62339,11.41296,22.28988,28.99317,CLOSE
42.42995,11.94134,21.93797,28.09809,CLOSE
43.24116,12.40132,21.47098,27.62542,CLOSE
41.51838,11.65635,20.51556,25.96139,CLOSE
39.5624,10.84057,19.61862,24.71946,CLOSE
39.01225,9.85351,18.34859,22.83407,CLOSE
39.32637,9.314264,17.37862,21.28624,CLOSE
39.03761,9.738739,16.12842,20.14697,CLOSE
43.02251,9.34338,13.86547,19.73574,CLOSE
46.42055,11.89055,13.35464,21.09511,CLOSE
45.01601,11.87597,13.66009,21.58718,CLOSE
40.36065,11.15171,16.68709,22.07657,CLOSE
44.04332,12.04683,19.47981,25.04512,CLOSE
42.05949,9.936719,19.23283,24.19668,CLOSE
40.59724,9.362356,18.45851,23.27641,CLOSE
39.22366,9.625553,18.81263,23.38708,CLOSE
36.6656,10.15856,19.13394,24.68432,CLOSE
32.36349,12.45593,22.09462,29.76092,CLOSE
31.18459,13.87399,25.29432,29.39044,CLOSE
32.65235,15.48585,27.53101,28.41238,CLOSE
31.35559,17.01032,26.86311,27.99973,CLOSE
30.35776,19.06677,27.17402,28.56502,CLOSE
29.89489,21.09588,28.08969,29.00792,CLOSE
32.50387,16.50115,24.96056,27.74837,CLOSE
35.66862,18.05027,23.61278,26.22407,CLOSE
47.7204,19.1271,26.3801,25.06336,CLOSE
48.41964,13.34002,22.57955,25.83285,CLOSE
52.88442,12.39699,19.78208,24.22234,CLOSE
48.93769,11.54722,17.20332,22.80516,CLOSE
46.22537,10.59793,17.16083,21.21593,CLOSE
44.49438,10.30618,16.94765,20.48058,CLOSE
44.71577,10.74369,16.98991,20.91581,CLOSE
48.32281,11.3425,17.83396,22.36564,CLOSE
52.66175,12.95244,19.1468,24.0046,CLOSE
54.77349,16.37566,20.56853,23.9969,CLOSE
68.60847,24.16978,22.80732,24.99643,CLOSE
71.45944,23.47141,25.53827,27.48001,CLOSE
72.71795,22.73205,23.51145,26.12466,CLOSE
51.73756,18.67528,27.24496,24.36421,CLOSE
52.17413,17.45468,24.08592,24.64799,CLOSE
43.14983,14.21798,21.14199,24.94901,CLOSE
45.211,14.17371,23.1953,25.12922,CLOSE
49.67025,15.71309,24.98832,25.79432,CLOSE
46.55389,16.67047,24.5673,26.06979,CLOSE
59.28046,16.61621,23.24362,26.87617,CLOSE
56.17428,13.84718,18.77904,25.32843,CLOSE
51.92333,12.6657,17.41589,24.16216,CLOSE
49.17704,12.36818,17.20726,23.34494,CLOSE
49.25869,13.42924,17.76291,22.91506,CLOSE
50.60339,15.12352,18.50849,22.80026,CLOSE
50.31207,16.13441,20.36944,22.99224,CLOSE
50.34083,16.1772,21.40253,23.3249,CLOSE
53.87302,17.08114,21.97307,24.67225,CLOSE
58.48056,17.65357,21.90352,25.30916,CLOSE
76.22036,22.64988,29.47052,25.7538,CLOSE
62.21511,19.0485,28.6905,23.1365,CLOSE
51.81337,17.18495,25.03988,24.18852,CLOSE
41.27374,16.88258,23.70859,24.48634,CLOSE
37.15769,16.67569,23.18849,25.61729,CLOSE
35.17437,16.32836,23.87592,26.45315,CLOSE
36.65055,16.99492,24.00568,26.90055,CLOSE
37.80148,17.5642,24.53109,27.31998,CLOSE
40.58817,16.27523,24.43745,25.39335,CLOSE
50.66956,16.8464,23.70343,25.75204,CLOSE
60.26233,18.39911,22.85388,26.12895,CLOSE
59.2039,17.33655,18.98635,26.29514,CLOSE
57.01706,15.53794,18.64876,26.34106,CLOSE
47.0938,12.7541,17.59827,21.31832,CLOSE
55.21372,14.02608,18.57108,23.10757,CLOSE
60.75603,15.84716,21.13174,26.46519,CLOSE
52.26052,10.58647,15.748,21.7914,CLOSE
51.1332,10.08142,15.12088,20.17991,CLOSE
51.66169,10.24958,15.27074,19.44392,CLOSE
53.60698,12.13549,16.07337,16.64983,CLOSE
59.4952,16.60551,19.54124,27.68392,CLOSE
57.06046,15.13003,17.96103,22.27165,CLOSE
55.47154,13.62507,16.2888,21.02867,CLOSE
52.33598,13.16997,16.08999,21.26466,CLOSE
44.90349,9.324703,18.53929,22.79598,CLOSE
49.45187,9.904249,19.90127,23.59535,CLOSE
53.01033,10.01555,19.93277,24.47371,CLOSE
52.99699,10.7291,19.08619,24.16602,CLOSE
55.10756,11.71556,18.44157,25.05286,CLOSE
59.88002,15.20249,18.11218,25.26572,CLOSE
57.65308,14.83688,17.53375,24.25039,CLOSE
54.63371,13.88477,16.67995,23.30163,CLOSE
52.56018,13.59282,16.14569,22.67763,CLOSE
53.88426,14.08547,16.12357,21.1264,CLOSE
58.21308,15.20319,17.5337,21.29828,CLOSE
59.37132,16.08363,18.10343,22.41249,CLOSE
60.11313,16.41267,18.07614,24.26289,CLOSE
47.58728,11.23847,17.61713,23.51961,CLOSE
46.49149,12.3766,17.80405,22.69147,CLOSE
45.14586,11.56425,18.47067,22.32707,CLOSE
47.81329,10.68706,19.23879,23.19302,CLOSE
52.44307,11.9068,18.67979,23.97753,CLOSE
54.70482,13.23542,16.47165,23.14629,CLOSE
56.83812,15.40402,15.59575,19.19562,CLOSE
56.10667,15.36604,15.62219,18.14693,CLOSE
56.25805,15.53342,15.94459,18.73455,CLOSE
56.23355,15.911,18.32737,20.41382,CLOSE
48.72495,14.07924,18.17773,21.32165,CLOSE
45.03976,12.58387,17.16722,24.45351,CLOSE
45.38831,12.90707,16.8678,25.60299,CLOSE
45.51676,8.992173,16.32889,24.09062,CLOSE
55.077,14.16947,18.68519,27.88187,CLOSE
60.71238,18.14961,19.91864,29.91518,CLOSE
58.51201,21.5408,22.21196,24.75924,CLOSE
50.32452,16.6729,20.57155,21.74478,CLOSE
44.95064,12.74165,18.40515,20.76869,CLOSE
56.2431,16.31831,18.04859,26.3252,CLOSE
56.71804,15.38999,16.3274,24.17218,CLOSE
53.48914,13.31483,14.50059,19.85917,CLOSE
53.0107,12.58006,14.90067,19.07517,CLOSE
32.52827,7.16897,10.51852,11.35022,CLOSE
48.99715,11.49058,15.43938,17.77487,CLOSE
44.90533,9.092261,14.15375,17.11733,CLOSE
33.47609,47.94376,20.44693,20.3097,CLOSE
32.70764,21.03709,20.92472,23.20044,CLOSE
50.48746,13.82311,21.50097,22.45887,CLOSE
43.48069,4.420358,19.21648,21.20791,CLOSE
54.90952,19.75927,18.37674,22.92802,CLOSE
61.10761,18.49073,20.31524,28.52959,CLOSE
63.59692,18.69413,19.72908,28.52304,CLOSE
57.4524,12.14962,19.1716,27.16131,CLOSE
52.91863,11.08589,17.89387,24.88956,CLOSE
46.02072,8.746128,16.3952,24.60661,CLOSE
53.0166,15.25856,18.19143,28.25971,CLOSE
72.61694,26.74405,25.29646,27.07447,CLOSE
74.81496,29.71033,24.99151,26.79804,CLOSE
72.00131,27.71339,25.05449,26.39945,CLOSE
71.22719,28.43175,24.26549,26.67489,CLOSE
58.45503,17.82178,23.29928,27.45011,CLOSE
59.2503,17.47343,21.20947,26.06002,CLOSE
63.56685,20.4627,20.25125,24.71213,CLOSE
52.6888,21.19117,20.88494,28.31823,CLOSE
48.45808,12.60598,22.39784,26.03555,CLOSE
45.59355,15.42706,25.09409,26.18345,CLOSE
51.40448,16.70459,26.38363,25.44987,CLOSE
56.37077,16.72425,25.72273,25.23221,CLOSE
70.98434,25.94679,22.87689,25.31841,CLOSE
69.35031,25.50093,22.36646,25.22993,CLOSE
69.52499,25.70669,22.73586,24.60778,CLOSE
68.2144,25.5735,22.67166,24.48509,CLOSE
68.04933,25.16657,22.79391,25.43628,CLOSE
63.82825,21.94731,23.42608,26.21956,CLOSE
57.44667,18.0027,25.28932,25.37853,CLOSE
52.51953,11.37482,20.15193,25.8168,CLOSE
48.2964,8.939713,17.61191,23.62603,CLOSE
46.38442,9.222643,16.78037,20.92385,CLOSE
41.46102,9.331741,15.80019,18.48685,CLOSE
37.20357,8.681704,14.66862,17.96203,CLOSE
36.10056,9.353934,14.28292,18.73525,CLOSE
33.50935,8.902672,14.28775,19.46795,CLOSE
34.97731,7.49156,13.72611,17.21262,CLOSE
41.38332,8.24374,14.07822,16.95363,CLOSE
52.58472,11.03644,18.00289,19.56937,CLOSE
52.93241,11.18241,16.2361,21.02469,CLOSE
53.97115,10.73495,17.51961,22.59751,CLOSE
61.44343,13.411,20.55968,28.36684,CLOSE
65.38765,17.81288,20.07528,28.91076,CLOSE
60.41882,16.23019,18.5606,25.90414,CLOSE
60.37481,16.32493,18.13671,26.03379,CLOSE
60.60284,16.26845,17.4276,26.38817,CLOSE
60.95015,16.37173,17.3362,26.94968,CLOSE
64.78332,18.38404,19.87984,28.58823,CLOSE
62.93064,17.59785,25.62296,26.5654,CLOSE
58.25703,17.69598,25.08313,25.36723,CLOSE
56.96521,18.08347,23.4396,25.30953,CLOSE
56.15991,17.22314,23.82765,25.05211,CLOSE
62.20234,21.35318,22.54181,28.2907,CLOSE
51.40264,20.50513,23.105,26.34156,CLOSE
44.71986,20.43557,23.14473,26.69157,CLOSE
39.4032,20.38809,23.03054,27.77468,CLOSE
38.53521,20.3977,23.30978,30.10085,CLOSE
40.51204,20.3961,28.22785,27.37581,CLOSE
43.20745,17.61472,23.7649,25.36533,CLOSE
69.12912,18.05989,25.20745,28.74996,CLOSE
70.27852,19.50343,21.21317,27.87701,CLOSE
64.51919,16.78323,18.79702,29.45784,CLOSE
66.56311,17.11746,20.07888,29.30805,CLOSE
29.9518,19.46133,26.56411,27.43932,CLOSE
28.2483,19.97757,25.51602,27.02063,CLOSE
26.77908,21.10965,24.50314,30.35856,CLOSE
44.87818,12.08646,21.93047,24.95667,CLOSE
43.4958,13.90684,21.88824,25.74226,CLOSE
39.07909,12.81036,21.53636,24.88823,CLOSE
31.44202,13.81273,21.56399,26.79485,CLOSE
29.63495,14.94677,23.11035,26.87698,CLOSE
34.79469,18.24284,26.75592,26.28284,CLOSE
47.73801,16.23281,29.47585,26.63856,CLOSE
61.87502,15.78168,18.40583,25.54793,CLOSE
51.04516,12.55916,16.28591,22.48647,CLOSE
45.06755,9.423395,15.51218,21.8454,CLOSE
47.4333,9.935492,15.12015,21.55102,CLOSE
52.0021,11.15835,15.71942,22.22423,CLOSE
57.965,13.686,17.03943,24.81786,CLOSE
59.36728,15.39304,17.91313,26.04632,CLOSE
62.58494,16.17292,21.18004,29.80903,CLOSE
63.99146,17.23625,22.41598,30.00432,CLOSE
64.63927,18.367,21.8297,28.55846,CLOSE
64.86262,18.5197,21.49166,27.83826,CLOSE
64.1511,17.80281,20.87732,26.99661,CLOSE
63.69658,17.33224,20.7122,26.74933,CLOSE
62.78062,16.20489,21.00019,27.3101,CLOSE
60.70393,14.88535,21.92608,29.74067,CLOSE
58.77044,15.28158,23.25832,28.31129,CLOSE
50.49902,15.34327,23.6818,25.89143,CLOSE
40.0383,16.47684,23.80516,24.81664,CLOSE
30.09198,15.59035,23.19065,25.57255,CLOSE
26.17228,15.12455,23.24359,27.30711,CLOSE
24.71219,15.19084,23.6585,27.95759,CLOSE
23.79196,14.8946,24.73484,29.15862,CLOSE
22.97215,15.11477,26.1783,29.70266,CLOSE
23.48142,14.73798,28.14659,29.63786,CLOSE
25.17765,17.09075,29.71207,29.60441,CLOSE
25.8473,17.18051,29.00084,30.64029,CLOSE
26.14223,17.97899,28.38671,30.74676,CLOSE
26.54117,18.70161,28.31499,30.11689,CLOSE
26.55802,19.11907,28.07036,29.91607,CLOSE
26.54269,19.22376,27.78211,29.89816,CLOSE
26.33287,19.0097,27.6209,29.59906,CLOSE
26.497,19.29663,27.46343,29.58273,CLOSE
26.55559,21.82299,27.60906,29.5504,CLOSE
26.22846,23.31585,27.20532,29.70202,CLOSE
25.52333,23.83387,26.98454,29.7057,CLOSE
25.71264,20.1567,26.40435,29.19701,CLOSE
26.21826,17.28414,24.18123,27.51543,CLOSE
27.24098,19.07948,24.09952,27.39443,CLOSE
30.57084,19.64856,23.8776,27.37475,CLOSE
42.57372,20.23211,22.29112,26.30599,CLOSE
51.70043,18.27969,20.8042,25.31493,CLOSE
64.32204,17.57672,19.69351,23.96698,CLOSE
61.10506,15.70514,18.95495,24.63511,CLOSE
58.04338,14.70631,19.21178,24.76853,CLOSE
54.38016,14.12692,18.66335,23.85475,CLOSE
46.55458,12.27943,17.67265,21.17649,CLOSE
45.8495,12.00004,17.86474,21.1973,CLOSE
48.82135,12.43755,17.44089,22.6406,CLOSE
49.91876,12.46448,17.62486,22.98257,CLOSE
50.34568,11.869,19.38526,22.03889,CLOSE
48.75336,11.80681,18.5256,21.71819,CLOSE
50.01901,12.29302,15.84142,21.44272,CLOSE
50.82813,12.44383,15.85957,20.95175,CLOSE
51.29564,11.90357,15.99994,21.25001,CLOSE
49.94152,10.8807,15.81804,21.2905,CLOSE
50.08134,10.61754,15.84783,21.71845,CLOSE
55.41543,12.97182,18.28505,25.34451,CLOSE
57.9469,14.01687,19.19464,26.10795,CLOSE
59.35538,14.42901,19.13245,24.89742,CLOSE
59.76877,14.93938,18.9523,24.59259,CLOSE
59.9209,15.71915,18.29836,23.61275,CLOSE
45.53465,11.82787,14.2368,17.02448,CLOSE
50.97104,12.71142,19.30188,24.29988,CLOSE
52.28148,13.18885,20.54397,24.57026,CLOSE
51.54991,15.91929,21.99317,24.73775,CLOSE
54.87172,16.36831,23.98082,26.14634,CLOSE
58.81217,17.87331,24.51247,25.82756,CLOSE
62.51777,17.48828,26.40739,25.04461,CLOSE
62.59738,15.8243,23.15512,27.11932,CLOSE
60.76597,15.39023,22.77927,26.87631,CLOSE
57.42342,14.97641,21.58396,25.95028,CLOSE
51.00753,13.36994,20.23897,23.67719,CLOSE
46.00746,12.20479,18.6758,21.37691,CLOSE
44.34455,11.61586,18.99209,21.91339,CLOSE
47.97483,13.47715,21.50642,22.35199,CLOSE
50.99492,14.75329,20.66839,23.45844,CLOSE
54.16617,15.14064,20.45289,24.21126,CLOSE
61.28372,19.43941,18.86237,24.78534,CLOSE
58.73038,18.14186,15.4767,24.67945,CLOSE
57.43642,17.41432,15.94988,24.45839,CLOSE
58.17224,16.5942,19.05537,24.66124,CLOSE
57.9357,16.552,22.25042,24.49934,CLOSE
58.31669,17.21731,22.66597,24.36846,CLOSE
63.71906,20.96606,23.36078,26.63078,CLOSE
54.72606,22.24889,20.8006,25.02735,CLOSE
49.8545,21.18819,22.02922,23.47515,CLOSE
33.93895,19.71558,26.72463,24.94352,CLOSE
27.34389,18.51649,25.2099,26.02132,CLOSE
33.87123,5.244263,13.32578,13.98928,CLOSE
37.20618,7.265012,13.38008,14.99458,CLOSE
39.49246,8.886681,13.99322,17.12669,CLOSE
44.67683,10.83196,15.80576,19.89831,CLOSE
48.77781,12.12402,17.27545,22.25462,CLOSE
56.75792,15.37078,19.15155,22.44067,CLOSE
56.05891,14.21718,18.04752,21.38608,CLOSE
54.70284,12.66263,17.45286,21.20321,CLOSE
53.42549,11.85686,18.03127,21.79455,CLOSE
52.80561,11.74778,18.18668,21.90794,CLOSE
52.69701,11.87224,17.82625,21.52485,CLOSE
52.81315,12.00745,17.3617,21.10198,CLOSE
49.84655,10.93701,15.97602,19.16339,CLOSE
49.71545,10.32302,15.43165,18.55689,CLOSE
52.7092,11.23167,15.23297,19.31944,CLOSE
57.09059,14.85021,16.14406,22.83532,CLOSE
57.28164,15.62777,16.97004,23.2111,CLOSE
57.8545,16.27814,17.56719,23.63595,CLOSE
59.38637,17.65866,18.8482,24.4754,CLOSE
59.39396,17.83986,19.67195,26.33041,CLOSE
59.0091,17.62839,20.49525,26.57092,CLOSE
54.00037,15.06096,19.56758,24.57971,CLOSE
51.09042,14.69592,18.53858,23.18693,CLOSE
48.84499,13.25478,17.56167,22.64904,CLOSE
47.62383,9.621222,16.98534,20.47585,CLOSE
48.45275,9.522002,16.20321,21.14808,CLOSE
49.37912,10.82031,15.43666,21.96181,CLOSE
49.61933,13.11296,15.86129,21.99729,CLOSE
53.33588,15.05495,16.88489,22.25933,CLOSE
51.00151,13.34013,16.30387,20.05482,CLOSE
51.79449,14.20443,16.57807,20.57217,CLOSE
52.75486,14.4485,16.69012,20.97972,CLOSE
44.88988,8.266313,15.52338,17.71474,CLOSE
42.8368,7.828999,14.90944,17.51492,CLOSE