-0.0958769,0.03384095,0.006688952,-0.03120968,0.1086227,0.03354466,0.002094001,0.1165919,0.0394122,0.0283059,0.104266,0.04250771,0.05931434,0.07335225,0.04384112,OPEN
-0.09543198,0.03435054,0.006750792,-0.03163218,0.1088567,0.03293473,0.001636699,0.1167611,0.03915241,0.02795251,0.1043155,0.04262158,0.05867394,0.07348034,0.04422343,OPEN
-0.09318882,0.03586188,0.008060277,-0.03513008,0.1086446,0.03103459,-0.001955807,0.1170116,0.03864199,0.02484424,0.1044847,0.04369515,0.0547702,0.07425174,0.04666829,OPEN
-0.09390561,0.03459573,0.00646475,-0.03808048,0.1063419,0.03429562,-0.004325658,0.1155923,0.0420551,0.02264284,0.1034102,0.04687884,0.05380581,0.07331827,0.04940167,OPEN
-0.09606417,0.03371227,-0.008543015,-0.04199492,0.1039103,0.0377925,-0.007727012,0.1127983,0.04847854,0.01887609,0.1001865,0.05454138,0.0518589,0.06980684,0.05688134,OPEN
-0.09588643,0.03371596,-0.01029158,-0.04268285,0.1034449,0.03805602,-0.008496679,0.1124169,0.04905778,0.01810515,0.09985226,0.05528635,0.05125515,0.06952921,0.05775809,OPEN
-0.09463894,0.03346997,-0.01309428,-0.04663453,0.1016189,0.03729081,-0.01344203,0.1115199,0.04976714,0.01285156,0.09902382,0.05777621,0.04627681,0.06865647,0.06249917,OPEN
-0.09435519,0.03367218,-0.01338345,-0.0470083,0.1015871,0.03703499,-0.01403865,0.1115179,0.04977259,0.01219901,0.09900925,0.05806881,0.04564872,0.06854615,0.06317714,OPEN
-0.09357332,0.03576407,-0.01226476,-0.04508793,0.1038254,0.03553998,-0.01222752,0.1123465,0.04963794,0.01335374,0.09870347,0.05905765,0.0456719,0.06690326,0.06516242,OPEN
-0.09418099,0.03512034,-0.006503642,-0.04160197,0.1056164,0.03446627,-0.008401059,0.114274,0.04621974,0.01675979,0.1012263,0.05408841,0.04886552,0.07008746,0.05922166,OPEN
-0.09385104,0.03503767,-0.004615068,-0.03751501,0.1068822,0.03380972,-0.004186988,0.1157439,0.042633,0.02140422,0.1044087,0.04700056,0.05493887,0.07420802,0.04940194,OPEN
-0.09424902,0.03391263,-0.003440917,-0.03831294,0.1070312,0.03304136,-0.003931902,0.1164901,0.04077452,0.02260062,0.1055554,0.04436204,0.05679776,0.07550409,0.04588813,OPEN
-0.09487514,0.03209195,0.003820658,-0.03731915,0.1069059,0.03407839,-0.00266169,0.116456,0.04014581,0.02455358,0.1058363,0.04220214,0.0582149,0.07639787,0.04192758,OPEN
-0.09549349,0.03157827,0.005001426,-0.03615788,0.1068406,0.03501341,-0.001711458,0.1161939,0.04056138,0.02549076,0.1055632,0.04206118,0.05893882,0.07622764,0.04102886,OPEN
-0.09780248,0.02838513,0.0086779,-0.03249662,0.1040366,0.04187953,0.0003550351,0.1133898,0.04598093,0.02685624,0.1031896,0.04541662,0.06062731,0.07460374,0.04137766,OPEN
-0.1002326,0.02709627,0.009043217,-0.02961923,0.1025527,0.04629117,0.002825424,0.1117054,0.04984331,0.02890871,0.1013677,0.0483692,0.06209286,0.07189533,0.04379773,OPEN
-0.1017514,0.02702868,0.011917,-0.02625779,0.1023327,0.04801229,0.005662113,0.1115693,0.05038789,0.03118426,0.1004787,0.04930848,0.06376629,0.06895885,0.04611549,OPEN
-0.09963637,0.02934411,0.01596147,-0.02439809,0.1033935,0.04739198,0.007561117,0.1118069,0.04989928,0.03295358,0.1000788,0.04899126,0.06490493,0.06785864,0.04601473,OPEN
-0.09896266,0.03056023,0.01571614,-0.02471896,0.1051575,0.04402778,0.007131726,0.1133289,0.04680347,0.03259267,0.1013494,0.04653606,0.0642978,0.06902024,0.04476428,OPEN
-0.09326573,0.03576285,0.01430178,-0.03040666,0.1108261,0.02808341,0.0009822696,0.1190673,0.03340989,0.02798735,0.1067503,0.03706867,0.05927321,0.0751178,0.0407849,OPEN
-0.09410831,0.03560698,0.009474218,-0.03182588,0.1108276,0.02688801,-0.001320407,0.1193518,0.03288442,0.0254821,0.1077625,0.03656918,0.05648564,0.07715708,0.04073516,OPEN
-0.1016772,0.02765596,0.009053409,-0.02642544,0.101908,0.05026662,0.004544765,0.1102998,0.05426353,0.03010985,0.09937334,0.0529463,0.06361312,0.06755394,0.04915595,OPEN
-0.09378436,0.03280663,0.01894513,-0.02669166,0.1079537,0.03733361,0.003646359,0.116691,0.04022631,0.02953865,0.1051886,0.04052803,0.06229737,0.07309794,0.04109478,OPEN
-0.09338043,0.03308076,0.01785991,-0.02784845,0.1079993,0.03584394,0.001925871,0.1169362,0.03920865,0.02773198,0.1057108,0.03994936,0.06068502,0.07427871,0.04101866,OPEN
-0.09380737,0.03183818,0.01709428,-0.02988749,0.1068446,0.03653514,-0.0009169579,0.1162409,0.04048687,0.0248851,0.1056134,0.04139322,0.05852103,0.07512701,0.04240295,OPEN
-0.09607285,0.02928567,0.01600134,-0.0304997,0.1041079,0.04258344,-0.001416668,0.1137421,0.04653904,0.0247665,0.1035198,0.04655948,0.0592535,0.07323858,0.04542622,OPEN
-0.09735499,0.02705702,0.01792744,-0.03030467,0.1023683,0.04699135,-0.000646174,0.1121702,0.05042389,0.02586174,0.1018687,0.0498291,0.06072059,0.07134429,0.04700446,OPEN
-0.1035698,0.02672377,0.0008738935,-0.03204455,0.104098,0.04353037,0.0001884848,0.1132443,0.04881585,0.02705045,0.1021003,0.0496732,0.06044775,0.06934592,0.05045623,OPEN
-0.1010636,0.02672565,-0.0006822348,-0.03734972,0.106112,0.031427,-0.005852386,0.1168911,0.03726506,0.02063428,0.1066903,0.04094803,0.05426207,0.07640564,0.04606718,OPEN
-0.1021239,0.02649352,-0.01207796,-0.03685717,0.09660801,0.05237034,-0.004090413,0.1078932,0.05747503,0.02248049,0.09844735,0.05753437,0.0558354,0.06965014,0.0546954,OPEN
-0.1016375,0.0303666,-0.01976487,-0.03580102,0.0962956,0.0570277,-0.001426026,0.1070898,0.06123337,0.02543053,0.09626508,0.06052279,0.05740109,0.06569505,0.05669233,OPEN
-0.09636801,0.0342955,-0.02136561,-0.03843987,0.1001751,0.04940814,-0.004726022,0.1115353,0.05296192,0.02242354,0.100078,0.05366522,0.05624045,0.07015416,0.05114916,OPEN
-0.0953183,0.03492719,-0.01911217,-0.03826959,0.1020622,0.04673147,-0.004286483,0.1125824,0.05099112,0.02245648,0.100803,0.05234438,0.05639105,0.0712235,0.04961452,OPEN
-0.09430549,0.03583172,-0.01879123,-0.0378513,0.1036225,0.04457149,-0.003509827,0.1134268,0.04957557,0.02295057,0.1014033,0.05144161,0.05680437,0.07165596,0.04889131,OPEN
-0.09400216,0.03636166,-0.01871109,-0.03702097,0.1049553,0.04280823,-0.002171636,0.1140989,0.04845434,0.02408468,0.1018611,0.05071568,0.05767823,0.07163519,0.04852182,OPEN
-0.09349266,0.0370717,-0.01913887,-0.03616101,0.1063136,0.04076132,-0.000848271,0.1148334,0.04710966,0.02513684,0.1023698,0.04988262,0.05834204,0.0716486,0.04828015,OPEN
-0.09487318,0.03788933,-0.01203775,-0.0326442,0.1070781,0.04180205,0.002090633,0.1130638,0.0506376,0.02842118,0.099013,0.05412602,0.06077971,0.06702235,0.05177653,OPEN
-0.08712133,0.040968,-0.03642696,-0.03681074,0.1044905,0.04212663,-0.001874074,0.111508,0.05330858,0.02285649,0.09769714,0.05990148,0.05304307,0.06684744,0.06079167,OPEN
-0.09100525,0.03854579,-0.03197449,-0.03797065,0.1013737,0.04765534,-0.003133852,0.1089044,0.05814302,0.02191017,0.09557733,0.06344962,0.05246486,0.06587479,0.06221032,OPEN
-0.1023107,-0.0009314418,0.01913548,-0.04756461,0.08709657,0.06226546,-0.01418173,0.09602809,0.07341766,0.01007565,0.08494323,0.07511985,0.04265938,0.05991954,0.06846941,OPEN
-0.09831446,-0.008321941,0.02522036,-0.04830333,0.09027857,0.05446085,-0.01520834,0.0995577,0.06623051,0.008402683,0.08901852,0.06931087,0.04042581,0.06270599,0.06583688,OPEN
-0.09422807,-0.01779753,0.02935073,-0.05367234,0.0867905,0.0536252,-0.02105689,0.09800082,0.06578144,0.001908557,0.08927751,0.0689781,0.03618358,0.06638825,0.06439593,OPEN
-0.09689096,-0.02787399,0.03017807,-0.05522851,0.06956553,0.07275742,-0.02308017,0.0837732,0.08159029,0.003940705,0.0757907,0.08217913,0.04013578,0.05678433,0.07125068,OPEN
-0.09212095,-0.01942354,0.03846544,-0.05272888,0.08278763,0.0607022,-0.02065914,0.09629852,0.06788993,0.006901674,0.08640701,0.07070792,0.0414172,0.06416571,0.06282622,OPEN
-0.09072141,-0.01513302,0.04114127,-0.05351264,0.08275336,0.0605101,-0.02204189,0.09695315,0.0672403,0.005145669,0.08844125,0.06874263,0.04018304,0.06735063,0.06049997,OPEN
-0.09578697,-0.005889833,0.03774726,-0.04471919,0.08619487,0.06556833,-0.01196576,0.09727073,0.07182354,0.01795084,0.08725125,0.07126808,0.0502409,0.06459534,0.05873299,OPEN
-0.09709919,-0.004856646,0.03585124,-0.04494841,0.08776993,0.06360924,-0.01196736,0.09880883,0.07000631,0.01830033,0.08848655,0.07003647,0.05047149,0.06526244,0.05814415,OPEN
-0.09791675,-0.00543648,0.03454387,-0.04593269,0.08787239,0.06273592,-0.01319235,0.09930408,0.06908727,0.01741043,0.0892083,0.06936735,0.0498297,0.06607568,0.05778611,OPEN
-0.09726787,-0.00962007,0.03605354,-0.04736225,0.08483702,0.06547809,-0.0155248,0.09712398,0.07138556,0.01552384,0.08793104,0.07104427,0.04869158,0.06596041,0.0585342,OPEN
-0.09634486,-0.01285851,0.03764403,-0.04839185,0.08274239,0.067204,-0.01695853,0.09560442,0.07288063,0.01423974,0.08683008,0.07227451,0.04790636,0.06559551,0.0592199,OPEN
-0.09476998,-0.01892787,0.03856117,-0.05111863,0.07834649,0.06956828,-0.0203436,0.09207547,0.07559752,0.0109964,0.08400363,0.07508314,0.04537549,0.06447846,0.06144738,OPEN
-0.09321192,-0.02274376,0.03861338,-0.05384685,0.07553905,0.06914848,-0.02386145,0.08992207,0.07553351,0.007347301,0.08251715,0.07546002,0.04212851,0.06441629,0.06214148,OPEN
-0.09304328,-0.02119374,0.03457648,-0.05783065,0.07706177,0.06161952,-0.02817819,0.0911395,0.07003945,0.001974955,0.08372641,0.07229483,0.03681479,0.0669089,0.06110162,OPEN
-0.09358245,-0.01867449,0.03264767,-0.05795331,0.07888144,0.05913562,-0.0277017,0.09250468,0.068546,0.001853548,0.08427823,0.07193983,0.03668945,0.06687391,0.0616647,OPEN
-0.09237961,-0.01493245,0.03544569,-0.05619576,0.08267438,0.05811846,-0.0242002,0.09604394,0.06782776,0.003405645,0.08753788,0.07117248,0.03885157,0.06979162,0.06061983,OPEN
-0.09296294,-0.01592386,0.03631508,-0.05637356,0.08311588,0.05859101,-0.02434948,0.0972625,0.06736326,0.003011808,0.08915126,0.07029355,0.03848528,0.07209474,0.05916989,OPEN
-0.09374814,-0.02009541,0.03751671,-0.05783208,0.08251381,0.05830765,-0.02702503,0.09843129,0.06500894,-1.038611E-05,0.09168983,0.06695884,0.03670107,0.07622045,0.05529475,OPEN
-0.09348128,-0.02120185,0.03977966,-0.0559057,0.08261234,0.05913717,-0.02530768,0.09892434,0.06428927,0.0009808838,0.09194481,0.06571054,0.03790671,0.07676637,0.05326706,OPEN
-0.09564699,-0.005516052,0.03900135,-0.04620858,0.08450961,0.05534846,-0.01403829,0.09976918,0.05753499,0.009062976,0.0925526,0.05740905,0.04373373,0.07658583,0.04518145,OPEN
-0.09166852,-0.002778172,0.04427105,-0.04254184,0.08348578,0.05480552,-0.01167959,0.09982973,0.0532462,0.01100737,0.09296298,0.05211443,0.04440658,0.07736212,0.03890932,OPEN
-0.08812646,0.01158798,0.04199201,-0.04098256,0.09538877,0.03490925,-0.01222593,0.1091979,0.03270155,0.01136526,0.103195,0.03144044,0.04433906,0.08608508,0.01897621,OPEN
-0.08804578,0.01453209,0.03990334,-0.03975694,0.09774953,0.03077382,-0.01107287,0.1104168,0.02998692,0.01276404,0.1043556,0.02877635,0.04569624,0.08648318,0.01639038,OPEN
-0.08700249,0.01581502,0.04226965,-0.03594568,0.1012088,0.02911407,-0.006792665,0.1116129,0.03092355,0.01836535,0.1040503,0.0301913,0.05019659,0.08402008,0.0181722,OPEN
-0.09244834,0.01275468,0.03266925,-0.04438904,0.09985119,0.02419227,-0.01450469,0.1133514,0.02522987,0.009822398,0.1059967,0.02871317,0.04493733,0.08689466,0.01992512,OPEN
-0.09549785,0.002799809,0.02768809,-0.05264745,0.09286961,0.03552103,-0.02245478,0.1097426,0.03722948,0.000201039,0.1028201,0.04210359,0.03891268,0.08665776,0.0335831,OPEN
-0.09645046,-7.396936E-05,0.02748168,-0.05456238,0.09200442,0.03748107,-0.02391119,0.1090825,0.04046172,-0.0014956,0.1019686,0.04569298,0.03769991,0.0863378,0.03722739,OPEN
-0.09731489,-0.003379166,0.02767205,-0.05649751,0.09040976,0.03980345,-0.02539346,0.1079953,0.04341668,-0.003051437,0.1009449,0.04857147,0.03635333,0.08583558,0.04018253,OPEN
-0.09791338,-0.01286024,0.02866799,-0.06021733,0.08644861,0.04524803,-0.02900018,0.1041436,0.0511803,-0.005924888,0.09750819,0.05577457,0.03412177,0.08339918,0.04697526,OPEN
-0.09813682,-0.01984495,0.02891523,-0.06324925,0.08380634,0.0476768,-0.032245,0.1019546,0.05460089,-0.00865607,0.09579283,0.05893731,0.03205778,0.08249462,0.05002511,OPEN
-0.09795804,-0.02769756,0.02863711,-0.06605195,0.08023077,0.05245239,-0.03539273,0.09906536,0.05988795,-0.01091624,0.09329778,0.06368452,0.03033737,0.08085704,0.05409986,OPEN
-0.09756771,-0.0354827,0.02357936,-0.06914636,0.07314503,0.06136477,-0.0382675,0.091506,0.07183611,-0.01262355,0.08608311,0.0749945,0.02930303,0.07444835,0.06450123,OPEN
-0.0974213,-0.04027301,0.02156329,-0.07153919,0.06946909,0.06390166,-0.04099149,0.08834797,0.07501411,-0.01434759,0.08389544,0.07774878,0.02782916,0.07284743,0.06707859,OPEN
-0.08742187,-0.06259465,0.02147669,-0.08779062,0.04922867,0.06458789,-0.06310237,0.07747561,0.07317567,-0.0354998,0.07744187,0.07650036,0.01053261,0.07627636,0.06738043,OPEN
-0.08843522,-0.06047308,0.0214709,-0.08711571,0.04853463,0.06469893,-0.06249616,0.07631087,0.07354635,-0.03502138,0.07652515,0.07633197,0.01071845,0.0755738,0.06735343,OPEN
-0.0894493,-0.04172707,0.03921974,-0.07317516,0.07104838,0.06262535,-0.04684317,0.09590948,0.0651685,-0.01705354,0.09510499,0.06681973,0.02491427,0.08429796,0.05585736,OPEN
-0.0963647,-0.003723323,0.03726161,-0.05817989,0.08949369,0.03460646,-0.03160889,0.1094949,0.03147352,-0.008543722,0.1058522,0.03278416,0.03054482,0.09394592,0.0228653,OPEN
-0.09556146,0.007446706,0.03004915,-0.04870365,0.09454161,0.03219157,-0.02309345,0.1109116,0.03084391,0.002077371,0.1058713,0.03285897,0.03908993,0.09035432,0.02292931,OPEN
-0.09338742,0.01145434,0.03036106,-0.04554645,0.09781224,0.03020048,-0.01826355,0.1128263,0.02990472,0.006205127,0.1074776,0.03150773,0.04260525,0.08936724,0.02287161,OPEN
-0.08790619,0.01839522,0.04648265,-0.03750552,0.1082352,0.01722136,-0.007076651,0.1193165,0.01785102,0.01879005,0.1113497,0.01643941,0.05133547,0.08749068,0.009167761,OPEN
-0.08594932,0.02029377,0.04897049,-0.036364,0.1085176,0.01850507,-0.006617323,0.119505,0.01755297,0.01974191,0.1114306,0.01457396,0.05154085,0.08726242,0.006902158,OPEN
-0.08321796,0.02149701,0.05085686,-0.03660765,0.1077554,0.02143356,-0.007475108,0.1190138,0.01976863,0.01923925,0.111531,0.01518342,0.05104496,0.08757153,0.006978363,OPEN
-0.08260573,0.02115905,0.05128652,-0.03715089,0.1073204,0.02246404,-0.008591667,0.1187718,0.02067494,0.01854697,0.1117097,0.01541048,0.05092898,0.08781293,0.006963074,OPEN
-0.08850887,0.01414394,0.04405129,-0.04460427,0.1043573,0.01955333,-0.01532622,0.1177136,0.01884848,0.01097076,0.1110067,0.01961488,0.04604565,0.09022868,0.01011783,OPEN
-0.09409219,0.01171854,0.03147015,-0.04845317,0.1025398,0.01389739,-0.01918387,0.1171133,0.01404241,0.005977795,0.1109904,0.01843521,0.04328561,0.09151676,0.01158682,OPEN
-0.09583695,0.009828269,0.0268625,-0.05107463,0.1009244,0.01211184,-0.02202883,0.1162329,0.01286969,0.002542883,0.1106977,0.01823044,0.04115967,0.09224889,0.01272115,OPEN
-0.09952959,0.001905382,0.01515159,-0.05970066,0.0945031,0.009514302,-0.03258153,0.1120493,0.01207948,-0.008426435,0.1087804,0.01866031,0.03291529,0.09450027,0.01577702,OPEN
-0.1003708,-0.007649094,0.0136227,-0.06745706,0.0877431,0.01377195,-0.04277154,0.1071936,0.01755491,-0.01737225,0.1057689,0.02492893,0.02485067,0.09550866,0.02186084,OPEN
-0.09801757,-0.03306288,0.02028209,-0.08847201,0.07074407,0.01935354,-0.06443109,0.09882122,0.0218173,-0.04272437,0.09998724,0.02884001,0.001312604,0.09888554,0.02589816,OPEN
-0.09160496,-0.04963094,0.02582869,-0.09722131,0.06066692,0.02306172,-0.07554111,0.09232256,0.0248943,-0.0536041,0.09395406,0.03379345,-0.008253664,0.09733748,0.03083685,OPEN
-0.08798187,-0.05657721,0.02782536,-0.1006914,0.05629075,0.02397799,-0.08066171,0.08892846,0.02572384,-0.05827951,0.09124464,0.03536692,-0.01213248,0.09670737,0.03256729,OPEN
-0.07714599,-0.07062608,0.02650842,-0.1102946,0.04353926,0.01431563,-0.09632833,0.07638285,0.01891369,-0.07409154,0.08328685,0.02999985,-0.02497733,0.09474924,0.03353235,OPEN
-0.07787592,-0.06410161,0.03546152,-0.1017657,0.05100071,0.03414899,-0.08421539,0.08418816,0.03577518,-0.05994997,0.08920997,0.04432613,-0.01373852,0.09527996,0.03962347,OPEN
-0.08106942,-0.05937958,0.0371832,-0.09887778,0.05814898,0.03217599,-0.07926701,0.089809,0.03413507,-0.05489323,0.09344524,0.04275745,-0.008914279,0.09683037,0.03751001,OPEN
-0.08283366,-0.05689102,0.03736562,-0.09736007,0.06115913,0.03083727,-0.07698877,0.09204113,0.03294432,-0.05270515,0.09539616,0.04119349,-0.006897042,0.09753457,0.03605103,OPEN
-0.08946866,-0.04661769,0.03692842,-0.08983726,0.07154977,0.02686968,-0.06712177,0.09984964,0.02754882,-0.04284274,0.1025953,0.03349173,0.001813028,0.09994909,0.02869603,OPEN
-0.1006889,-0.01219267,0.02947342,-0.06328373,0.09089571,0.0292235,-0.03384314,0.1116195,0.03008223,-0.01091519,0.1079353,0.03473419,0.03004515,0.09506184,0.02801436,OPEN
-0.1011674,-0.004767478,0.02772549,-0.05570166,0.09483248,0.03167585,-0.02570663,0.1127469,0.03351042,-0.002128884,0.1075763,0.03770998,0.03754584,0.09197399,0.0298011,OPEN
-0.08171688,0.05219302,0.02882928,0.004043564,0.1144969,0.02838966,0.03779893,0.1142575,0.02857056,0.06107421,0.09555194,0.02946725,0.08311954,0.05596235,0.02887243,OPEN
-0.1047384,-0.008007288,-0.001362592,-0.06406996,0.08088779,0.05758446,-0.03593973,0.08985728,0.07593656,-0.007899389,0.07993203,0.08379585,0.03492048,0.05990952,0.07840115,OPEN
-0.1026745,-0.01409036,-0.007360876,-0.07171282,0.06956235,0.06159392,-0.04566579,0.08008614,0.08081946,-0.0156633,0.0716233,0.08980909,0.02927878,0.05539635,0.08412102,OPEN
-0.1025257,-0.01503652,-0.01247376,-0.07390665,0.06163776,0.06557822,-0.04961874,0.07042748,0.08615029,-0.01882206,0.06301808,0.09500587,0.02678648,0.04737532,0.08957905,OPEN
-0.1017886,-0.02015159,-0.01582497,-0.0767327,0.04554403,0.07328621,-0.05470078,0.05221641,0.09426466,-0.02317146,0.04860169,0.1015459,0.02354493,0.03778821,0.09462741,OPEN
-0.1014163,-0.01671243,-0.01761663,-0.07434885,0.02462471,0.08361202,-0.05361178,0.02570963,0.1039701,-0.02202278,0.02397573,0.1091999,0.0228855,0.01775342,0.09950554,OPEN
-0.1012078,-0.007746249,-0.01103017,-0.07088932,-0.003787339,0.09083951,-0.04886063,-0.003748357,0.1093455,-0.01412782,-0.004456699,0.1116726,0.02085734,-0.007085085,0.09706789,OPEN
-0.1015317,-0.00546208,-0.005681545,-0.06832561,-0.004662573,0.09284249,-0.04579426,-0.005476415,0.1106027,-0.01046799,-0.007719338,0.1117302,0.02363059,-0.01161695,0.09570006,OPEN
-0.1009584,-0.01271129,0.01401472,-0.05038308,-0.005752563,0.09949458,-0.02323403,-0.003671706,0.1137487,0.01363897,-0.002516448,0.1093954,0.0462653,-0.006722569,0.08719546,OPEN
-0.09831308,-0.01533276,0.02244151,-0.04161318,-0.002435982,0.1027068,-0.01240884,0.0007150173,0.1153679,0.02493325,0.001981676,0.1075627,0.05667576,-0.003782034,0.08188981,OPEN
-0.09651633,-0.0150966,0.03007653,-0.031368,0.001811206,0.1064318,0.0003311336,0.007030249,0.1170562,0.03687324,0.006757379,0.1052419,0.06673232,-0.001705825,0.07556066,OPEN
-0.09339666,-0.0168578,0.03581557,-0.02456076,0.002003431,0.1081403,0.008219421,0.007871985,0.1166606,0.04365659,0.008015871,0.1037687,0.07107779,-0.002402306,0.07184115,OPEN
-0.09348912,-0.01642656,0.03581548,-0.02456674,0.00191915,0.1082462,0.008239865,0.008132637,0.1168443,0.04351565,0.007955551,0.1040413,0.07068308,-0.002764642,0.07220554,OPEN
-0.09424659,-0.01711094,0.03486544,-0.02568543,0.004142106,0.1085013,0.006337643,0.00946939,0.1166175,0.0404471,0.008609116,0.1043418,0.06661154,-0.0008504391,0.07388335,OPEN
-0.09753849,-0.02111998,0.0262385,-0.03531783,0.005468041,0.1059349,-0.004217178,0.009101659,0.1156288,0.03038123,0.00836584,0.1057946,0.05958399,0.002399176,0.07803875,OPEN
-0.1031031,-0.01903173,-0.007867545,-0.06927839,0.003953338,0.08934081,-0.04466641,0.004317522,0.1075782,-0.007667899,0.005125821,0.1094006,0.03257754,0.003539443,0.0937236,OPEN
-0.1028198,-0.01606369,-0.01271582,-0.07382499,0.003627121,0.08653459,-0.0505214,0.002711952,0.1058058,-0.01418635,0.002465248,0.1093697,0.02671579,0.000330627,0.09595868,OPEN
-0.09860979,-0.01219565,-0.01201305,-0.08341153,0.001370519,0.07961473,-0.06239276,-0.002380818,0.1009534,-0.02827384,-0.007386893,0.1059626,0.01211877,-0.01109639,0.09695354,OPEN
-0.09268546,-0.02343851,-0.007765532,-0.09467869,0.003236234,0.06938469,-0.07724234,0.001994729,0.09338433,-0.04534423,-0.00426358,0.102731,-0.005208854,-0.009190738,0.09900039,OPEN
-0.09077746,-0.02847838,-0.008950531,-0.0984083,0.002537131,0.06487793,-0.08260241,0.002143741,0.08944434,-0.05114102,-0.003692925,0.1009386,-0.01123474,-0.008613169,0.09910774,OPEN
-0.0904901,-0.02781323,-0.01596695,-0.1028541,0.003096998,0.05783325,-0.0893745,0.002789557,0.08290303,-0.05874582,-0.003163278,0.09721327,-0.01904115,-0.008668125,0.09817648,OPEN
-0.09092209,-0.02687511,-0.01799271,-0.1024385,0.001817405,0.05822712,-0.08899315,0.001491904,0.08314461,-0.05790591,-0.004152656,0.09776622,-0.01787156,-0.00947684,0.09860498,OPEN
-0.09120964,-0.0262126,-0.01833737,-0.1022099,0.002291918,0.05849636,-0.08864552,0.001872838,0.08344132,-0.05746787,-0.003995359,0.09799886,-0.01741708,-0.009620786,0.0986892,OPEN
-0.09312876,-0.02554214,-0.0166083,-0.09782647,0.002056062,0.06496692,-0.08243987,0.002190113,0.08925486,-0.04998397,-0.002765357,0.1020904,-0.009285036,-0.008088827,0.1003103,OPEN
-0.09519328,-0.02401474,-0.0158397,-0.0930581,0.002649248,0.07109314,-0.07637268,0.003134191,0.09429657,-0.04309482,0.0001676679,0.1055831,-0.001819212,-0.004544437,0.101597,OPEN
-0.1034276,-0.02047017,-0.005853981,-0.06449796,0.001620889,0.09556198,-0.03944442,0.002300322,0.1131653,-0.002516001,0.006556153,0.1145829,0.03848474,0.001220167,0.09615117,OPEN
-0.1053436,-0.01532528,-0.001004905,-0.05214768,0.002996743,0.09891912,-0.02554109,0.005705476,0.1137353,0.01287238,0.01073873,0.110923,0.04978945,0.004070282,0.08785281,OPEN
-0.1049512,-0.01301342,0.005117536,-0.04648701,4.48823E-05,0.09855193,-0.0200635,0.003161848,0.1124058,0.01901213,0.008189201,0.1081374,0.05383456,0.001368821,0.08332986,OPEN
-0.1047499,-0.01363504,0.008627534,-0.04423064,-0.0005801916,0.09920639,-0.01705194,0.002737999,0.1124412,0.02217019,0.007831156,0.1071026,0.05621372,0.001180708,0.08139455,OPEN
-0.1046721,-0.01447278,0.01104051,-0.04300565,0.0002121329,0.1003609,-0.01521818,0.00356698,0.1130242,0.02411087,0.009038031,0.1070859,0.0579088,0.002083004,0.08076096,OPEN
-0.1058732,-0.01523501,0.001422226,-0.05946931,0.01307577,0.09847665,-0.03074199,0.01374,0.1142569,0.00774052,0.0148297,0.1119264,0.0469022,0.007286847,0.09035379,OPEN
-0.101494,-0.01562244,-0.009742051,-0.07988147,0.02029854,0.08369437,-0.0572024,0.01867831,0.105383,-0.02462059,0.01255482,0.11034,0.01697837,0.004339695,0.1005699,OPEN
-0.09894156,-0.01930606,-0.01084867,-0.08599015,0.02058625,0.07752445,-0.06570653,0.01970661,0.1005826,-0.03439577,0.01308054,0.1079061,0.006503053,0.004852057,0.1015686,OPEN
-0.09497815,-0.02392042,-0.01446587,-0.09585882,0.02033776,0.0649628,-0.08014341,0.02110058,0.08927411,-0.05000126,0.01669502,0.1013312,-0.009556901,0.009469807,0.1007294,OPEN
-0.09280506,-0.02856416,-0.02502161,-0.1000971,0.01351017,0.05855829,-0.08715713,0.01442295,0.08295679,-0.05749869,0.0141452,0.09778267,-0.01451479,0.00935179,0.1011057,OPEN
-0.09118889,-0.03344867,-0.02597809,-0.1012067,0.01189005,0.05619836,-0.08822904,0.0136683,0.08123153,-0.0587853,0.01539165,0.09656477,-0.01439833,0.01288974,0.1011323,OPEN
-0.1035469,-0.02723581,-0.01326844,-0.07090005,0.01317951,0.09242642,-0.04406764,0.02315888,0.1113319,-0.009932872,0.03108719,0.1119078,0.03403454,0.028846,0.09518695,OPEN
-0.1059772,-0.02735886,-0.01307735,-0.06578846,0.01912177,0.09524822,-0.03767126,0.0300346,0.11199,-0.002912447,0.03875101,0.1100427,0.03858501,0.03511083,0.09110451,OPEN
-0.108036,-0.01981449,0.005055904,-0.04557902,0.02015084,0.1031953,-0.01649768,0.02763045,0.1145905,0.01844057,0.03719044,0.1072533,0.05672674,0.03230757,0.08155459,OPEN
-0.107405,-0.02206033,0.008069038,-0.0453678,0.02234721,0.1038103,-0.01557899,0.0295167,0.1149109,0.01941189,0.0385527,0.1069114,0.05756235,0.03315347,0.08063006,OPEN
-0.1063218,-0.02523124,0.006928325,-0.05090463,0.02383932,0.1014585,-0.02260797,0.02954707,0.1139362,0.01148179,0.03806415,0.1077938,0.05243656,0.03456131,0.0833233,OPEN
-0.1047439,-0.02825621,-0.0002655089,-0.06210355,0.02170974,0.09631866,-0.03477411,0.02436429,0.1126319,-0.000948295,0.02843177,0.1110027,0.04325043,0.02500397,0.09143054,OPEN
-0.1010066,-0.009148568,-0.01972231,-0.08622287,0.02963972,0.07501349,-0.066117,0.02478164,0.0996168,-0.03507064,0.01492059,0.1082372,0.0078355,-0.0005908012,0.1027593,OPEN
-0.09884585,-0.005269676,-0.02518651,-0.09115836,0.03230321,0.06657299,-0.07532449,0.02880102,0.09125379,-0.04700006,0.01947147,0.102259,-0.006656766,0.00409472,0.1016577,OPEN
-0.0972604,-0.004535854,-0.02765906,-0.0927728,0.02987766,0.06378216,-0.07955682,0.02746034,0.08741081,-0.05300926,0.02064764,0.09869885,-0.01403378,0.007662177,0.1000296,OPEN
-0.09667581,-0.004343599,-0.02972186,-0.09266563,0.02512029,0.06459546,-0.08031198,0.0233731,0.08739084,-0.05460302,0.01895317,0.09806782,-0.01581858,0.008509606,0.09954107,OPEN
-0.09775776,-0.01766437,-0.01488507,-0.08862516,0.01737034,0.07433289,-0.07014702,0.01855522,0.09791297,-0.04114542,0.01376426,0.1060608,0.001555752,0.004854023,0.1023989,OPEN
-0.1021786,-0.001881927,-0.03477103,-0.08252315,0.02129197,0.07923251,-0.05620917,0.02478266,0.1038294,-0.02119064,0.0252986,0.1106771,0.02539188,0.01456016,0.1006959,OPEN
-0.04625559,0.07541621,-0.0222581,-0.0618692,0.08074191,0.05857444,-0.06342611,0.06756419,0.08045161,-0.0584564,0.0428738,0.08831835,-0.04463691,0.01016152,0.08722425,OPEN
0.07023393,0.07086107,-0.0382202,-0.02492161,0.1113655,0.02970076,-0.05002468,0.100398,0.05172223,-0.07004236,0.07337874,0.05840608,-0.08643305,0.0310047,0.04937583,OPEN
0.09269673,0.05214727,-0.02710259,-0.0003416687,0.1124114,0.04049009,-0.03124367,0.1062055,0.05674776,-0.05847815,0.08502796,0.05629367,-0.08231653,0.04677221,0.04324245,OPEN
0.1040773,0.03696865,-0.008520961,0.01382716,0.1107093,0.04465023,-0.01733316,0.1096387,0.05667162,-0.04393131,0.09333661,0.0529936,-0.07142373,0.05879551,0.04279512,OPEN
0.1053324,0.03176886,-0.003269911,0.01987875,0.1106325,0.04328266,-0.0120542,0.1140943,0.0478667,-0.03805719,0.1002831,0.04192874,-0.06540543,0.06846946,0.0349136,OPEN
0.1014312,0.03822282,-0.001267701,0.0151421,0.1169431,0.02685806,-0.01692952,0.1208973,0.02826226,-0.04449043,0.1059539,0.02115214,-0.07005022,0.0737963,0.01056853,OPEN
0.09863316,0.04139113,-0.006208569,0.01595078,0.1182587,0.01939783,-0.01592463,0.1226112,0.02139306,-0.04421791,0.1072513,0.01494205,-0.07064085,0.07430604,0.005752563,OPEN
0.09826843,0.04099917,-0.01099262,0.01784784,0.1184586,0.01647916,-0.01414424,0.1230376,0.01986974,-0.04296649,0.107543,0.01472512,-0.07007354,0.07448319,0.007584304,OPEN
0.09872548,0.03932324,-0.01350337,0.02046518,0.1182994,0.01538783,-0.01166856,0.1233772,0.01930657,-0.04097452,0.1081533,0.0147225,-0.06864368,0.07532123,0.008703083,OPEN
0.09956002,0.03706926,-0.0137327,0.02347036,0.1175682,0.01685977,-0.008358449,0.1234422,0.02049008,-0.03778616,0.1090603,0.01608503,-0.06629911,0.07704508,0.01045114,OPEN
0.1037203,0.0270009,-0.01204702,0.03279716,0.1145111,0.02266577,0.002388939,0.1230074,0.02463642,-0.02691509,0.111767,0.02060136,-0.05764452,0.08299303,0.01533446,OPEN
0.104315,0.02556694,-0.01172888,0.03365467,0.1141483,0.02323204,0.003400788,0.1228784,0.02503434,-0.02586077,0.1119522,0.02115127,-0.05664197,0.08355984,0.01566911,OPEN
0.1049062,0.02412719,-0.01123303,0.03435799,0.1136208,0.02464116,0.003928021,0.1226465,0.02601832,-0.02521987,0.1120367,0.02176365,-0.05600755,0.08402923,0.01499411,OPEN
0.103311,0.02650055,-0.01748371,0.03360188,0.1138451,0.02467281,0.002971113,0.1223321,0.02807641,-0.02613561,0.1112513,0.02444547,-0.05653294,0.08279929,0.01856697,OPEN
0.09736595,0.03710186,-0.02535763,0.0259299,0.1149185,0.02494812,-0.003540397,0.1208257,0.0321511,-0.03102507,0.1076334,0.02913874,-0.05815142,0.07804286,0.02493697,OPEN
0.09376842,0.05051357,-0.020486,0.01145004,0.1170285,0.03105444,-0.01990147,0.1179398,0.0404256,-0.04674702,0.1007624,0.03682518,-0.07068148,0.06705832,0.02910829,OPEN
0.09353308,0.05334106,-0.01486379,0.007646084,0.116267,0.03576651,-0.02514574,0.1154067,0.04553849,-0.05202969,0.09747908,0.04078293,-0.07551174,0.06263039,0.02969581,OPEN
0.09246076,0.05667385,-0.01053837,0.001457758,0.1155757,0.03812873,-0.03263061,0.1123163,0.0479736,-0.05901741,0.09302598,0.0422917,-0.08103096,0.05683368,0.0289298,OPEN
0.09027845,0.06083581,-0.006122202,-0.005870361,0.1123084,0.04471332,-0.04177484,0.1050684,0.05454648,-0.06723734,0.08476967,0.04658324,-0.08656667,0.04809773,0.03042579,OPEN
0.0879606,0.06895614,-0.0006957948,-0.03274596,0.1079171,0.03449792,-0.06772899,0.09423763,0.03786367,-0.08898371,0.06751174,0.02957797,-0.09706812,0.03027436,0.01358709,OPEN
0.08904915,0.06776375,-0.0005784333,-0.03214225,0.1086334,0.03223106,-0.06695028,0.09574583,0.03498948,-0.08846443,0.06911066,0.02665779,-0.09687418,0.03175992,0.01071256,OPEN
0.09485662,0.0549666,-0.007673889,-0.008805007,0.1127192,0.03648093,-0.04393984,0.1072059,0.04221633,-0.07119502,0.08552474,0.03319341,-0.08834055,0.05028683,0.01443252,OPEN
0.09713278,0.05180633,-0.007473737,-0.004545473,0.1132573,0.03663316,-0.04031872,0.1083057,0.0435169,-0.06763121,0.08786935,0.03343195,-0.08636548,0.05291951,0.01371107,OPEN
0.09992838,0.04727083,-0.01077831,0.003124505,0.1152667,0.03219071,-0.0328661,0.1117109,0.04165137,-0.06127776,0.09159195,0.03315872,-0.08253588,0.05578363,0.01459271,OPEN
0.1005849,0.04599422,-0.01240346,0.005556926,0.1161647,0.02975467,-0.03022183,0.1134017,0.03949225,-0.05904643,0.09322351,0.03274143,-0.08159429,0.05693716,0.01624817,OPEN
0.1000685,0.04489696,-0.01630831,0.01002958,0.1173703,0.02437955,-0.02564161,0.1167274,0.03238559,-0.05471117,0.09715533,0.0261476,-0.07750417,0.06144279,0.01291564,OPEN
0.09877726,0.04562327,-0.01927572,0.0109228,0.1179725,0.02064881,-0.02467275,0.1178598,0.0282698,-0.0537395,0.0982275,0.02270243,-0.07627012,0.06253821,0.01072615,OPEN
0.0927939,0.04748148,-0.029865,0.01338676,0.1186179,0.01250887,-0.02237305,0.1197425,0.01852399,-0.05137834,0.1000325,0.01318899,-0.0733782,0.06436795,0.004708022,OPEN
0.09154159,0.04802203,-0.03175864,0.01317844,0.118717,0.01066661,-0.02254404,0.1197677,0.01655626,-0.05155399,0.0997808,0.01153091,-0.07319076,0.06414619,0.00422138,OPEN
0.09014814,0.04760213,-0.03587884,0.01116352,0.1189146,0.005278468,-0.0243027,0.1196358,0.01152155,-0.05327384,0.09910509,0.00796774,-0.07422745,0.06339478,0.002633452,OPEN
0.08950967,0.04779632,-0.0372543,0.0102943,0.118992,0.005439401,-0.02509978,0.1195458,0.01219738,-0.05403245,0.09887224,0.008550137,-0.07459183,0.06281114,0.002598912,OPEN
0.08923122,0.04903832,-0.037689,0.005758218,0.1188694,0.008231789,-0.02982199,0.1180446,0.0154213,-0.05807712,0.09652722,0.01070952,-0.07669802,0.05942431,0.001657635,OPEN
0.08493944,0.0561879,-0.0366787,-0.002542242,0.1179621,0.01010412,-0.03779297,0.1147269,0.01657102,-0.06471433,0.09165984,0.01288122,-0.08243176,0.05427235,0.004862756,OPEN
0.08210468,0.06151858,-0.03339237,-0.007392369,0.1170389,0.01350987,-0.04276428,0.1123037,0.01837927,-0.06881132,0.08810377,0.01302904,-0.08492573,0.05050448,0.004039347,OPEN
0.0817817,0.06582198,-0.0241842,-0.01494976,0.1157289,0.01350749,-0.04986473,0.1094389,0.01431584,-0.07379287,0.08420721,0.006415069,-0.08690963,0.04641533,-0.004284203,OPEN
0.08093479,0.07009354,-0.01371866,-0.02358017,0.1139914,0.01646712,-0.05799351,0.1058765,0.01455685,-0.08024135,0.0797537,0.005072534,-0.09079872,0.04151094,-0.007899463,OPEN
0.08008837,0.07294932,-0.004403353,-0.03168891,0.1118852,0.01526627,-0.06526252,0.1019084,0.01128468,-0.08536839,0.07508543,0.001024455,-0.09347751,0.0366607,-0.01223588,OPEN
0.06989251,0.08315036,0.008744001,-0.05072262,0.1031317,0.007993251,-0.08267748,0.08619389,0.003489912,-0.09416685,0.05906337,-0.007436544,-0.09669969,0.0227271,-0.01601857,OPEN
0.07407998,0.07787243,0.007006168,-0.04284464,0.1080722,0.003233939,-0.07428645,0.09519276,-0.002339929,-0.09047249,0.06805703,-0.01099509,-0.0950249,0.03041875,-0.01948333,OPEN
0.07493486,0.07719013,0.005760372,-0.04269851,0.1084159,0.01115119,-0.07674448,0.09405842,0.008673429,-0.09346526,0.06629068,-0.0008983016,-0.09775865,0.02881837,-0.01146698,OPEN
0.0771717,0.05745922,-0.04332018,4.006177E-05,0.1141918,0.01084381,-0.03327916,0.1118332,0.01834238,-0.05856005,0.09092277,0.01650575,-0.07678788,0.05678824,0.009381592,OPEN
0.07340571,0.0591782,-0.04081813,0.00287424,0.1142822,0.01198021,-0.02872071,0.1123791,0.02125293,-0.05393936,0.09260744,0.01961932,-0.07353569,0.05874324,0.01142681,OPEN
0.05406509,0.06502166,-0.03703368,0.009487934,0.1136489,0.01376796,-0.01607098,0.1150888,0.02707121,-0.03790116,0.09856102,0.02547753,-0.05936408,0.06775644,0.02130404,OPEN
0.05131499,0.06524503,-0.0385347,0.007955916,0.1133968,0.01145494,-0.0171879,0.1148202,0.02377251,-0.038463,0.09796417,0.02230978,-0.05904894,0.06739673,0.01934355,OPEN
0.04920707,0.06680176,-0.03779945,0.00678239,0.1116288,0.01229292,-0.0177746,0.1123162,0.02530405,-0.03837073,0.09511325,0.02498525,-0.05837828,0.06549016,0.0229277,OPEN
0.04273815,0.06879476,-0.02913266,-0.001040116,0.1034986,0.007226318,-0.02581379,0.1027678,0.0162915,-0.0438671,0.08450931,0.01502782,-0.05985282,0.05767915,0.01501057,OPEN
-0.07001634,0.05701983,-0.02565199,-0.04137584,0.1025164,0.01579395,-0.02861203,0.1054957,0.03581685,-0.01377666,0.08853409,0.05581239,0.003180712,0.06065717,0.06919888,OPEN
-0.08437824,0.04305267,-0.009175897,-0.04246101,0.1043339,0.01816201,-0.0244076,0.1110736,0.03245407,-0.003582574,0.09877229,0.04578963,0.0211698,0.07409823,0.05518073,OPEN
-0.09091642,0.03471559,0.007619888,-0.03697687,0.1065174,0.02059737,-0.01300947,0.1158711,0.02792886,0.009600863,0.1057847,0.03407335,0.03906777,0.08130583,0.03828037,OPEN
-0.09425736,0.0311619,0.01133141,-0.03389124,0.1081752,0.0196903,-0.00689774,0.1178481,0.02447954,0.01641619,0.1081083,0.02837309,0.04760841,0.08229885,0.03092527,OPEN
-0.09930976,0.02468485,0.01294318,-0.03113806,0.1095203,0.02118835,0.0004417151,0.1188709,0.02440882,0.02535477,0.109032,0.02573901,0.05887407,0.0799478,0.02639979,OPEN
-0.1008592,0.0180535,0.02126327,-0.03466536,0.1099332,0.02168912,0.0009430349,0.1195245,0.02468583,0.02928425,0.1090108,0.02521539,0.06583776,0.07656783,0.02487388,OPEN
-0.0999405,0.01760477,0.02438465,-0.03490905,0.1097313,0.0223237,0.0003498644,0.1193829,0.02538282,0.02875647,0.1089392,0.02586672,0.06532378,0.07671228,0.02536166,OPEN
-0.09500677,0.01574966,0.035873,-0.03630456,0.108773,0.02426764,-0.002292275,0.1190456,0.02660456,0.02598839,0.1096437,0.02564263,0.06242649,0.07912037,0.02414995,OPEN
-0.09521317,0.00283733,0.03815344,-0.03910057,0.1044263,0.03386775,-0.003877044,0.116585,0.03273436,0.02471592,0.1078919,0.03064975,0.0592491,0.07917789,0.02569273,OPEN
-0.09993152,-0.001188517,0.03111574,-0.03951431,0.1034255,0.03484565,-0.003722608,0.1154851,0.03422973,0.02538113,0.1062349,0.0331938,0.05938627,0.07793388,0.02681378,OPEN
-0.1068487,-0.006839037,0.02134508,-0.0412699,0.1035976,0.03424448,-0.005099542,0.1161143,0.03435329,0.02463222,0.1064769,0.03521088,0.05880448,0.07806858,0.02917415,OPEN
-0.1085,-0.008174539,0.01797104,-0.04145113,0.103977,0.03304771,-0.005217552,0.1165875,0.03324023,0.02417903,0.1070005,0.03471053,0.0584714,0.07856756,0.02919555,OPEN
-0.1083167,-0.009576052,0.01765415,-0.04014231,0.1032307,0.03351203,-0.004616074,0.1157954,0.03312427,0.02285939,0.1064677,0.03511083,0.05772484,0.07866386,0.02926156,OPEN
-0.1076371,-0.007900149,0.01945955,-0.03930689,0.1026716,0.03530282,-0.003699288,0.1150066,0.03480124,0.02310352,0.1055555,0.03650725,0.05760407,0.07813281,0.03027344,OPEN
-0.106192,-0.007547587,0.02356243,-0.03839158,0.1011983,0.04053271,-0.002334148,0.113272,0.04030263,0.0249213,0.1033284,0.04122055,0.05905826,0.07549131,0.03374773,OPEN
-0.1058757,-0.004250288,0.02339768,-0.03799444,0.1025207,0.03565663,-0.00146129,0.113833,0.03614473,0.02509692,0.1039624,0.03711689,0.05820971,0.07642481,0.03085899,OPEN
-0.1077455,0.001375288,0.01449826,-0.03261894,0.1041238,0.03235751,0.003172196,0.1134822,0.03334609,0.02799287,0.102783,0.03493175,0.05929872,0.07493597,0.02911481,OPEN
-0.1080954,0.003575057,0.006881118,-0.03222088,0.1061199,0.02566987,0.002705283,0.1148373,0.02890548,0.02806608,0.1039976,0.03202581,0.05998918,0.07453939,0.0294373,OPEN
-0.1075603,0.009296477,-0.001787186,-0.02767488,0.1089774,0.01803532,0.005643934,0.1161188,0.02393454,0.0315483,0.1044511,0.02850246,0.06279214,0.07227188,0.03021747,OPEN
-0.09965006,0.02574775,-0.01346862,-0.01895879,0.1115143,0.007558078,0.01069,0.1172251,0.01587263,0.03512694,0.104661,0.02288485,0.06375754,0.06946447,0.03446075,OPEN
-0.09365079,0.03366408,-0.01405907,-0.01635574,0.1119033,0.005542129,0.01180628,0.1169704,0.01640171,0.03478259,0.1037317,0.02594689,0.06175782,0.06777185,0.04045212,OPEN
-0.08948757,0.03825989,-0.01420176,-0.01552131,0.1119893,0.004396558,0.01137757,0.1166215,0.01772439,0.03296935,0.102948,0.02946404,0.05873602,0.06730199,0.04479024,OPEN
-0.09522481,0.02845156,-0.01926464,-0.02468551,0.1100341,0.009781241,0.001345292,0.115861,0.02453366,0.02326927,0.1033936,0.03615904,0.05089875,0.06984711,0.04964614,OPEN
-0.09744706,0.02315113,-0.02434644,-0.02920016,0.108997,0.01208374,-0.002379708,0.1155351,0.026813,0.01992686,0.1035764,0.03810957,0.04843883,0.070259,0.05156618,OPEN
-0.09899375,0.01762626,-0.02724287,-0.03391718,0.1080569,0.0106521,-0.006159298,0.1159468,0.02508497,0.01684793,0.1048473,0.03661308,0.04620084,0.07202429,0.05144724,OPEN
-0.09807149,-0.0001651049,-0.03975409,-0.05060637,0.1020955,0.0009227991,-0.02160773,0.1153228,0.01688969,0.002941813,0.107592,0.03187057,0.03534679,0.07891551,0.0506278,OPEN
-0.09761471,0.001771182,-0.03955075,-0.05142797,0.101184,0.003981322,-0.02196924,0.1141336,0.02088061,0.003117703,0.1061325,0.03565729,0.03566474,0.07755199,0.05251026,OPEN
-0.1000572,0.005953997,-0.02815339,-0.05121538,0.1005984,0.01267171,-0.01896729,0.1129714,0.0285868,0.008034296,0.1046027,0.04035208,0.04097644,0.0748474,0.05321428,OPEN
-0.1068399,0.00105387,0.01802665,-0.04014361,0.09639668,0.04974502,-0.00791195,0.112891,0.04350153,0.02063898,0.1074457,0.03584588,0.05481652,0.08311754,0.02429107,OPEN
-0.1026967,-0.002006948,0.03352425,-0.03542405,0.09348783,0.05670545,-0.004501127,0.1107036,0.04770672,0.02231997,0.1051084,0.03892493,0.05498584,0.08224285,0.02359319,OPEN
-0.09866729,0.0003141463,0.04079145,-0.03353219,0.09570128,0.05311435,-0.001691759,0.1111396,0.04458201,0.02423096,0.10459,0.03660679,0.05596526,0.0809983,0.02222681,OPEN
-0.09210688,0.003880113,0.04996568,-0.02729873,0.09639794,0.0546338,0.006317064,0.108251,0.04896352,0.03094581,0.1010635,0.03990367,0.06071596,0.07573369,0.02587345,OPEN
-0.08560213,-0.008896828,0.05766344,-0.02535714,0.08801192,0.06904078,0.008190349,0.101494,0.06315088,0.03326887,0.09371084,0.05441993,0.06364803,0.06988198,0.03591746,OPEN
-0.08853464,-0.008085191,0.05432668,-0.0265713,0.0876509,0.06917706,0.006790534,0.100706,0.06494573,0.03187416,0.0929448,0.05701712,0.06311174,0.06926429,0.03888324,OPEN
-0.09170552,-0.005621433,0.050401,-0.02705276,0.08810043,0.06903771,0.006315976,0.1000983,0.06669661,0.03156914,0.09263486,0.05873677,0.0632737,0.06865162,0.0409871,OPEN
-0.09593275,0.0008554459,0.04175997,-0.02893832,0.0915466,0.0654431,0.005121842,0.1026279,0.06468236,0.02993768,0.09479827,0.05770463,0.06181043,0.07020098,0.04129648,OPEN
-0.1018477,0.009122223,0.0197224,-0.03761531,0.1011917,0.04166988,-0.003393173,0.1110326,0.04627752,0.02259956,0.1024364,0.04424387,0.05635729,0.07570904,0.03662854,OPEN
-0.1025413,0.01019976,0.01560402,-0.0388096,0.1024075,0.03704655,-0.005038366,0.1122547,0.04255676,0.02142265,0.1037662,0.04127198,0.05584499,0.0768564,0.0351589,OPEN
-0.1034587,0.01212382,0.005181849,-0.03945304,0.1030927,0.03191265,-0.007125653,0.1130561,0.0385175,0.01994357,0.1048384,0.03865775,0.0558488,0.07745364,0.03499216,OPEN
-0.1033067,0.01257512,0.00455299,-0.03934267,0.1031637,0.03140929,-0.007151097,0.1131335,0.03802726,0.01993275,0.1049413,0.03827336,0.05595133,0.07744333,0.03492987,OPEN
-0.1042238,0.009439588,0.00356859,-0.04077698,0.1025359,0.03069553,-0.009712085,0.1129276,0.03762192,0.0177134,0.1054767,0.03795144,0.05472787,0.07825106,0.03543144,OPEN
-0.1049235,0.007756621,0.005360872,-0.04001417,0.1019356,0.03284311,-0.008877285,0.1122544,0.03925869,0.01815223,0.1048615,0.03909379,0.05515676,0.07774538,0.03572589,OPEN
-0.1055531,0.006903082,0.006214917,-0.03949885,0.1010027,0.03670245,-0.007511593,0.1110819,0.04313138,0.0190433,0.1031233,0.04326352,0.05465423,0.07592329,0.03955111,OPEN
-0.1069477,-0.004585236,-0.004679322,-0.0541021,0.09453222,0.04054812,-0.02212006,0.1065604,0.05210608,0.005649388,0.09851271,0.05675596,0.04163357,0.07411969,0.05441564,OPEN
-0.1049374,-0.01420665,8.445978E-05,-0.061102,0.08910814,0.04012555,-0.02922684,0.1030714,0.05280334,-0.001723073,0.09600341,0.05880821,0.03644747,0.07415181,0.05654389,OPEN
-0.1027482,-0.02184534,0.00498271,-0.0650178,0.08347413,0.04343748,-0.03372218,0.09883758,0.05579168,-0.006420147,0.09284618,0.06143081,0.03349324,0.07392702,0.05757779,OPEN
-0.1006563,-0.03130382,0.01068899,-0.07004698,0.07824698,0.04921192,-0.03947684,0.09582642,0.06108153,-0.01238453,0.09040228,0.06678337,0.03024454,0.07346091,0.06218398,OPEN
-0.09945422,-0.03507444,0.01589209,-0.07189614,0.07991061,0.04729682,-0.04129377,0.09911123,0.05806398,-0.01470982,0.09338942,0.06475538,0.02828663,0.07610866,0.06137484,OPEN
-0.09915909,-0.03435257,0.0190199,-0.07069154,0.08185992,0.04632688,-0.03977838,0.10099,0.05642426,-0.013212,0.09482417,0.06336921,0.02910044,0.07645819,0.0605585,OPEN
-0.09913173,-0.03240341,0.02134591,-0.06900015,0.08270937,0.04832202,-0.03742594,0.1010907,0.05866998,-0.01067272,0.09457171,0.06501663,0.03102063,0.07528031,0.0615837,OPEN
-0.1033907,-0.02062392,0.01048189,-0.06757943,0.08946347,0.03669584,-0.03570841,0.1065308,0.04888523,-0.006565258,0.1002423,0.05700988,0.03335935,0.07937348,0.05623156,OPEN
-0.09464239,-0.02066296,0.03939271,-0.06314251,0.0851627,0.05573851,-0.03380107,0.1030837,0.06192327,-0.004113205,0.09796697,0.0641591,0.0349521,0.0822497,0.05318213,OPEN
-0.09249471,-0.02131164,0.04252136,-0.0625135,0.08348525,0.05739462,-0.03325222,0.1014342,0.06319314,-0.004270718,0.09621495,0.06498325,0.03416415,0.08195621,0.05257457,OPEN
-0.09135655,-0.007353187,0.04357165,-0.05383679,0.08665448,0.04911673,-0.02090322,0.1042893,0.05126059,0.002666548,0.09681493,0.05395585,0.03906563,0.08106983,0.04297239,OPEN
-0.09080744,-0.004385829,0.04365927,-0.05047671,0.086299,0.04979217,-0.01721222,0.1035605,0.05086726,0.005914718,0.096358,0.05269122,0.0411088,0.07963485,0.04193366,OPEN
-0.08905742,-0.004154146,0.04643196,-0.04759523,0.08601475,0.05266452,-0.01392215,0.102456,0.05319059,0.009381443,0.09514529,0.053922,0.04363884,0.07783163,0.04200035,OPEN
-0.0875525,-0.003589153,0.04917204,-0.04555725,0.08865595,0.05140632,-0.01240183,0.1041856,0.05141419,0.01172486,0.09674406,0.051467,0.04617094,0.07833117,0.03901106,OPEN
-0.08573066,-0.001412392,0.05284125,-0.04181625,0.09124541,0.05120939,-0.008812472,0.1060092,0.0495401,0.01547311,0.09803021,0.04857868,0.04929024,0.07877374,0.03479266,OPEN
-0.08461229,-0.00145185,0.05426604,-0.04048717,0.09127337,0.05256587,-0.007816911,0.1057125,0.05064696,0.01660512,0.09776753,0.04896998,0.0500505,0.07852846,0.03437585,OPEN
-0.08418523,-0.00533843,0.05467027,-0.0426029,0.09185112,0.05239636,-0.01221174,0.1067466,0.05064386,0.01402798,0.09882057,0.04933113,0.04805912,0.08015233,0.03434873,OPEN
-0.08520459,-0.006079197,0.05381703,-0.04322726,0.09255087,0.05118966,-0.01289901,0.1075376,0.04948324,0.01331191,0.09938145,0.04878074,0.04777709,0.08048278,0.03427833,OPEN
-0.08614612,-0.006121397,0.05251354,-0.04457337,0.093826,0.04808873,-0.01430507,0.1089153,0.04656416,0.01188675,0.1007473,0.04668409,0.04681863,0.0815714,0.03322452,OPEN
-0.09292219,0.007095158,0.03715849,-0.04775131,0.09919292,0.02649075,-0.01707936,0.1138154,0.02642828,0.006657839,0.1056842,0.03110731,0.04341288,0.08604419,0.02449369,OPEN
-0.09370498,0.008511603,0.0335018,-0.04792187,0.09865361,0.02648908,-0.01728491,0.113484,0.02666616,0.006342635,0.1052946,0.03203547,0.04286618,0.08561379,0.02642947,OPEN
-0.0942959,0.008208096,0.03262526,-0.04835224,0.09802336,0.02785373,-0.01734025,0.1131586,0.02804697,0.006332338,0.1048765,0.03371799,0.04268811,0.08497429,0.0286746,OPEN
-0.09479774,0.007178843,0.03139311,-0.0511344,0.09765112,0.02656984,-0.0199165,0.1136658,0.02696973,0.004332766,0.1057664,0.03360647,0.04066633,0.08576316,0.03024489,OPEN
-0.1017647,-0.01537085,0.02185076,-0.07189815,0.09362867,0.007620454,-0.04475974,0.1141021,0.0134005,-0.01935556,0.1103804,0.02598923,0.02242569,0.09575111,0.02957922,OPEN
-0.1020088,-0.02055627,0.02497035,-0.07551301,0.09287673,0.008023441,-0.04918682,0.1143714,0.01288277,-0.02327915,0.1110649,0.02587342,0.01992772,0.09767047,0.02908587,OPEN
-0.1033047,-0.02081603,0.02518076,-0.07633612,0.09328115,0.00438863,-0.05032942,0.1151846,0.007195592,-0.02411084,0.1122939,0.02071834,0.01940737,0.09923366,0.02523953,OPEN
-0.1042103,-0.02210873,0.02367377,-0.07856796,0.09103087,0.005609572,-0.05187751,0.1141546,0.008192718,-0.02606568,0.1119844,0.02063888,0.01720082,0.09985191,0.02560079,OPEN
-0.1018114,-0.01653898,0.03049058,-0.07548907,0.08986151,0.01818287,-0.04693629,0.1130709,0.01927388,-0.0205291,0.1109261,0.02726626,0.02254434,0.09867752,0.02650172,OPEN
-0.1004705,-0.01579821,0.03289807,-0.07434736,0.08949846,0.02129257,-0.04581103,0.112269,0.0225727,-0.01881019,0.110339,0.02930713,0.02407808,0.09777454,0.0273701,OPEN
-0.09918495,-0.01396841,0.03540635,-0.07265075,0.08981586,0.02284408,-0.04403224,0.1120379,0.02358711,-0.01652307,0.1102999,0.02886873,0.02597586,0.09722334,0.02587384,OPEN
-0.09667794,-0.01132601,0.04076588,-0.06690343,0.09096354,0.02993393,-0.03825262,0.111384,0.02932537,-0.009441935,0.1093802,0.03100675,0.03121228,0.0948559,0.02439809,OPEN
-0.08090978,-0.02003926,0.06397027,-0.05553794,0.08783293,0.05208737,-0.03009897,0.109249,0.04247475,-0.001936942,0.1074451,0.03588849,0.03390938,0.09386492,0.01823008,OPEN
-0.07550677,-0.02448708,0.06960475,-0.05455247,0.08593392,0.05613828,-0.03011939,0.1082343,0.044819,-0.003036454,0.107297,0.03631324,0.03194596,0.09484154,0.01629591,OPEN
-0.06961374,-0.02611107,0.07562554,-0.04955916,0.08384454,0.0629943,-0.02578402,0.1068769,0.04919755,-0.0003966838,0.1064465,0.03776085,0.03217633,0.09475523,0.01440489,OPEN
-0.06931609,-0.02429992,0.07620096,-0.04803702,0.08436579,0.06308007,-0.024405,0.1070941,0.04879725,0.0004910827,0.1066246,0.03665894,0.03250235,0.09474099,0.01279908,OPEN
-0.07135671,-0.01351351,0.0764575,-0.0421391,0.08922672,0.05893081,-0.01712887,0.1093224,0.04391634,0.006425858,0.1073996,0.03061807,0.03650303,0.093189,0.006741226,OPEN
-0.07274778,-0.008934319,0.0760445,-0.03860255,0.09137285,0.05687702,-0.01227508,0.1097606,0.04212081,0.01057371,0.1066972,0.02911299,0.03942358,0.0913651,0.005490005,OPEN
-0.07624625,0.01372069,0.06866783,-0.0262121,0.1012989,0.04497647,0.003986686,0.1130482,0.03303546,0.02611786,0.1058891,0.02218312,0.053785,0.08401066,0.003566146,OPEN
-0.07425043,0.01948231,0.06900209,-0.02112126,0.1039026,0.04263902,0.009839118,0.1137121,0.03137898,0.03231373,0.1048023,0.02124095,0.0588221,0.08106273,0.003403544,OPEN
-0.0731872,0.02348888,0.06828642,-0.01655418,0.1054316,0.04122281,0.014676,0.11375,0.030523,0.03755644,0.1032878,0.02114844,0.06303698,0.0781492,0.003604472,OPEN
-0.07608277,0.0311113,0.06321961,-0.008776486,0.1093624,0.03584248,0.02120075,0.1150842,0.02689183,0.04574448,0.101533,0.01861125,0.06916338,0.07374102,0.001763046,OPEN
-0.07830279,0.03165311,0.06048787,-0.009494469,0.1092949,0.03476417,0.01995227,0.1151677,0.02601171,0.0445556,0.1017817,0.0178647,0.06824067,0.07418674,0.001285791,OPEN
-0.07950708,0.02768886,0.06024563,-0.01236241,0.1064481,0.03976291,0.01691061,0.113999,0.02906346,0.04115853,0.1011501,0.02129161,0.06479707,0.07568061,0.003108561,OPEN
-0.08223112,0.0239839,0.05820596,-0.01760039,0.1050678,0.04246509,0.01204003,0.1143665,0.03207803,0.03656209,0.1026022,0.02508032,0.06194404,0.07817125,0.007395864,OPEN
-0.08558534,0.024185,0.05300272,-0.01933838,0.104854,0.04245806,0.01141995,0.1138885,0.0346939,0.03653514,0.1020974,0.02915639,0.06287652,0.07706136,0.01376915,OPEN
-0.09015369,0.02945065,0.02759349,-0.02785182,0.1060216,0.03751844,0.002693638,0.114656,0.04059571,0.02985895,0.1029745,0.04226261,0.06160511,0.07514226,0.03548414,OPEN
-0.08911334,0.0353325,0.001573443,-0.03248519,0.1073481,0.02666372,-0.003158428,0.1179579,0.03232872,0.02247733,0.1067157,0.04037803,0.05966255,0.07611954,0.04163468,OPEN
-0.09035644,0.03394121,-0.000520885,-0.03415675,0.1068525,0.02730703,-0.004483216,0.1177111,0.03347218,0.02155769,0.106464,0.04192275,0.0590578,0.07553619,0.04378462,OPEN
-0.09272549,0.03194875,-0.003427386,-0.0353756,0.106904,0.02620918,-0.005093403,0.117737,0.03301835,0.02097215,0.1063498,0.04202271,0.05842036,0.07560652,0.0442366,OPEN
-0.0988764,0.0223574,-0.005719364,-0.04154963,0.1061323,0.02360499,-0.01003561,0.117398,0.03276634,0.01613873,0.1063904,0.04282105,0.05429204,0.07802242,0.04439479,OPEN
-0.1025881,0.01414853,-0.002398431,-0.04700487,0.1045629,0.02304763,-0.01478851,0.1170145,0.03265256,0.01122362,0.1066229,0.04308027,0.05043728,0.08019215,0.04419959,OPEN
-0.1038043,0.01038587,0.001234889,-0.05055008,0.1037699,0.01930964,-0.01788449,0.1172988,0.02939653,0.006922338,0.107408,0.04075247,0.04648531,0.08236867,0.04339832,OPEN
-0.1044148,0.007985651,0.002015591,-0.05263633,0.1027123,0.01937622,-0.01999823,0.1167013,0.03012687,0.004326625,0.106897,0.04195744,0.04404982,0.0825358,0.04515362,OPEN
-0.1050233,-0.001104057,0.002748132,-0.06037012,0.09828323,0.01629549,-0.02871851,0.1146214,0.02765077,-0.004914067,0.1061079,0.04087782,0.03587186,0.0840596,0.04662496,OPEN
-0.105289,-0.01305991,-0.01013333,-0.0732305,0.08755451,0.01897234,-0.04424084,0.1081926,0.02968103,-0.0212579,0.1021705,0.04213059,0.02332224,0.08749086,0.04760873,OPEN
-0.1046036,-0.01112157,-0.01876828,-0.07391682,0.08733606,0.02021477,-0.04620363,0.106474,0.03505132,-0.02337149,0.1001654,0.04828832,0.02112848,0.08474219,0.05556127,OPEN
-0.103687,-0.005327523,-0.02435613,-0.07033607,0.09028658,0.02340573,-0.0440558,0.104693,0.04408586,-0.02186232,0.09618518,0.05866385,0.02042207,0.07657018,0.06776237,OPEN
-0.1026999,-0.001151025,-0.0265924,-0.06767692,0.09272012,0.02439654,-0.04294286,0.1047136,0.04702038,-0.02066031,0.09481138,0.06311125,0.01980196,0.07129925,0.07411391,OPEN
0.0686024,0.07437333,-0.04466173,-0.03430331,0.1145787,0.008399725,-0.06637778,0.1007718,0.02810639,-0.0891005,0.0679318,0.03298843,-0.09810965,0.02090147,0.02890146,OPEN
0.08239692,0.06773919,-0.02834159,-0.02476078,0.1196107,0.007533312,-0.06029101,0.1094127,0.02032307,-0.08669146,0.07913446,0.02452266,-0.1007856,0.03128213,0.01910368,OPEN
0.09183507,0.06118658,-0.007755369,-0.01442408,0.122423,0.0108906,-0.05069683,0.1156096,0.02282199,-0.07945256,0.08863276,0.0239343,-0.09936066,0.04133856,0.01348987,OPEN
0.09284784,0.05996168,-0.005833596,-0.01230298,0.1228301,0.01050237,-0.04867363,0.1166018,0.02283487,-0.07752845,0.09034124,0.02385005,-0.09851567,0.04334164,0.01329902,OPEN
0.09333223,0.05920741,-0.005334854,-0.01072834,0.122982,0.01029781,-0.04716419,0.117149,0.0227302,-0.07622602,0.09124988,0.02355039,-0.09776875,0.04465133,0.01312476,OPEN
0.09318765,0.05876988,-0.005034596,-0.005817972,0.1228329,0.00376305,-0.044072,0.1184897,0.009110063,-0.07441825,0.09306827,0.008426905,-0.09602394,0.04692566,-0.0008088946,OPEN
0.0933513,0.05712551,-0.01118279,-0.00554271,0.1224827,-0.001215965,-0.04319509,0.1189738,0.003463238,-0.07348224,0.09396714,0.002114952,-0.09526809,0.04738194,-0.007688969,OPEN
0.0974042,0.0451299,-0.01543558,0.01418698,0.1216657,0.004822731,-0.02168696,0.1240567,0.009802192,-0.05318028,0.1048546,0.005687535,-0.07985184,0.06655154,-0.0002458096,OPEN
0.09864253,0.04273662,-0.0141525,0.0175572,0.1210804,0.007015198,-0.01780427,0.1244268,0.01199096,-0.04934226,0.1063506,0.007816404,-0.0770359,0.0693818,0.00245443,OPEN
0.0999483,0.04043278,-0.01092991,0.02004093,0.12064,0.007982582,-0.014917,0.1248579,0.0114722,-0.04606281,0.1079063,0.00774312,-0.07426029,0.07230857,0.003546119,OPEN
0.09561476,0.04620984,-0.01601425,0.01259267,0.1212724,0.0007687211,-0.02265678,0.1236573,0.003673702,-0.05332749,0.1048279,0.0003890693,-0.07860448,0.06817678,-0.003639489,OPEN
0.0925092,0.05168051,-0.01737902,0.005780339,0.1218209,-0.00350377,-0.03015588,0.1220882,0.0001071095,-0.06045281,0.1008987,-0.00249368,-0.08355112,0.06208289,-0.006257236,OPEN
0.08107654,0.06635553,-0.02285823,-0.01507904,0.1209776,-0.006268919,-0.05163945,0.1144517,-0.00196436,-0.07974043,0.08657137,-0.004295826,-0.0954237,0.0417417,-0.009761989,OPEN
0.07403582,0.07105598,-0.02689132,-0.02367195,0.1187756,-0.0129239,-0.05960947,0.1095825,-0.009898871,-0.0856273,0.0794383,-0.01166746,-0.09750351,0.03303111,-0.01574686,OPEN
0.06558798,0.07475798,-0.03177477,-0.03201921,0.1150042,-0.02188045,-0.06707847,0.103362,-0.0188745,-0.09052333,0.07092902,-0.01971123,-0.09887871,0.02400199,-0.01997253,OPEN
0.05506667,0.0773681,-0.03755909,-0.04028726,0.1090625,-0.032729,-0.07393491,0.09585908,-0.02881432,-0.09460952,0.06243101,-0.02699536,-0.1009686,0.01603508,-0.02127171,OPEN
0.05931447,0.07554179,-0.03468755,-0.03675602,0.1086396,-0.03796454,-0.07114401,0.09651601,-0.0333773,-0.09252614,0.06445731,-0.02912576,-0.1014207,0.0202678,-0.01762116,OPEN
0.06255175,0.07382533,-0.03207204,-0.03288125,0.1098087,-0.03812018,-0.06795406,0.09869519,-0.03380121,-0.0899883,0.06780672,-0.02963181,-0.1001165,0.024561,-0.01839647,OPEN
0.06669285,0.07185011,-0.02851966,-0.02855799,0.1122343,-0.03436077,-0.06408387,0.1022074,-0.03022137,-0.0871367,0.07263625,-0.02607182,-0.09851035,0.03054909,-0.01579937,OPEN
0.07107296,0.0682694,-0.02845478,-0.02169184,0.1147434,-0.03002742,-0.05768358,0.1066377,-0.02541772,-0.08201168,0.07852551,-0.02199833,-0.09493498,0.03794627,-0.01395985,OPEN
0.07938038,0.05682741,-0.03652382,0.002168939,0.1198396,-0.02088629,-0.03417308,0.1193317,-0.01376319,-0.06419686,0.09629366,-0.01206842,-0.08467856,0.05757245,-0.008955538,OPEN
0.0816596,0.05415741,-0.03668202,0.008137643,0.1203131,-0.01815364,-0.02816991,0.1212903,-0.01140794,-0.05929029,0.09982041,-0.009875983,-0.08202137,0.0618374,-0.007326841,OPEN
0.08088981,0.0585172,-0.03412315,-0.004158318,0.1203873,-0.0169695,-0.03850141,0.1188697,-0.009943038,-0.06721631,0.09590441,-0.006964892,-0.0877131,0.05595663,-0.004354507,OPEN
0.05849542,0.07611848,-0.04509513,-0.04732148,0.1089865,-0.0235948,-0.07988691,0.09596449,-0.009155512,-0.0995457,0.06290674,-0.0008191764,-0.1030735,0.01941246,0.006474674,OPEN
0.07136505,0.06452271,-0.04808857,-0.02970039,0.1162123,-0.01449776,-0.06288446,0.1078095,-4.115701E-05,-0.08682462,0.07828456,0.008888304,-0.09720512,0.03571594,0.01249579,OPEN
0.09031624,0.04542631,-0.03629121,0.0112607,0.1211109,-0.007071465,-0.0218831,0.1237715,0.004087567,-0.05100943,0.1048338,0.007202923,-0.07580666,0.06776491,0.008103698,OPEN
0.08059763,0.0544174,-0.04317933,-0.001282237,0.120555,-0.0105893,-0.03485827,0.1198658,0.002369672,-0.06213808,0.09773183,0.0072712,-0.08256102,0.0590902,0.01055455,OPEN
0.0801015,0.05682629,-0.0429942,-0.005359054,0.1204967,-0.007156432,-0.03891892,0.1181652,0.007350206,-0.06618237,0.09469908,0.01340684,-0.08585811,0.05434799,0.01500019,OPEN
0.07792211,0.06090683,-0.04216295,-0.008895285,0.1206872,0.0002884269,-0.04225042,0.1163647,0.01653701,-0.06942751,0.09133053,0.02320167,-0.08851162,0.04916325,0.02247712,OPEN
0.0696554,0.06732267,-0.04754975,-0.02437856,0.1185257,0.001460552,-0.05682921,0.1096039,0.02125266,-0.08045392,0.08067912,0.03027225,-0.09365676,0.03616214,0.03089195,OPEN
-0.004712891,0.06231023,-0.08636887,-0.06444712,0.1017504,-0.00194636,-0.0724171,0.09583139,0.03351772,-0.07294372,0.0693278,0.06012833,-0.06512894,0.02911854,0.0766474,OPEN
-0.1067394,-0.008087277,-0.02026516,-0.07462636,0.08923501,0.03180316,-0.04839782,0.1029987,0.05105618,-0.01762923,0.09914523,0.06116003,0.02469569,0.07869205,0.06644428,OPEN
-0.1027934,0.009219766,0.02342328,-0.03399637,0.1009862,0.04052553,-0.0005803779,0.1104322,0.04172996,0.02740762,0.1026418,0.03631264,0.06002074,0.07747719,0.02466348,OPEN
-0.09978762,0.01524687,0.02460122,-0.02773114,0.1002078,0.04409897,0.006045312,0.1076411,0.04523712,0.03285596,0.09863979,0.03961962,0.06298159,0.07327595,0.02634257,OPEN
-0.09402098,0.02066764,0.03549629,-0.02136026,0.1025031,0.04567266,0.01272774,0.1090623,0.04478925,0.0390178,0.0979704,0.03923845,0.06655245,0.06986204,0.02740389,OPEN
-0.09600594,0.01705462,0.03382909,-0.02485546,0.1046293,0.04228616,0.009175733,0.112911,0.04014558,0.03582981,0.10167,0.03591973,0.06469469,0.07257736,0.02662671,OPEN
-0.09834685,0.01272386,0.03145605,-0.02816471,0.1055281,0.04001838,0.00555484,0.1145186,0.03849983,0.03288828,0.1031984,0.03559899,0.06296879,0.07403356,0.02740186,OPEN
-0.1013421,0.01009947,0.02450854,-0.03206255,0.1057162,0.03753507,0.001590565,0.1148036,0.03860766,0.02982554,0.1035467,0.03717351,0.06073029,0.07484668,0.02989453,OPEN
-0.1026908,0.009395421,0.0206157,-0.0337849,0.1054043,0.03753972,7.256866E-06,0.1144705,0.04005718,0.02858122,0.1033285,0.03907269,0.05978529,0.07510263,0.03163892,OPEN
-0.103495,0.009297192,0.01613766,-0.03670248,0.1052959,0.0364446,-0.003070444,0.1145597,0.04089957,0.02609515,0.1037685,0.04071444,0.0580373,0.07615018,0.03363568,OPEN
-0.1089984,0.0001629293,0.001891017,-0.04529083,0.103755,0.03134692,-0.01263916,0.1149564,0.0378173,0.01737357,0.1059795,0.03973472,0.05213099,0.07979593,0.03541124,OPEN
-0.109575,-0.009396613,-0.009639919,-0.05036087,0.1007072,0.02611011,-0.01975767,0.1135781,0.03225845,0.01064081,0.1064357,0.03555232,0.04738084,0.08177739,0.03389204,OPEN
-0.1074784,-0.007017612,-0.01743367,-0.05147826,0.1008221,0.02057031,-0.02054057,0.1139356,0.02830729,0.009742066,0.106867,0.03369018,0.0461246,0.0816488,0.03536877,OPEN
-0.1069978,-0.004771888,-0.01871273,-0.05047292,0.1019216,0.01784113,-0.01897278,0.1147827,0.0261735,0.01135687,0.1072802,0.03239217,0.04719696,0.08107087,0.03558192,OPEN
-0.1061569,-0.001723439,-0.02080464,-0.04862692,0.103799,0.01181155,-0.01700634,0.1163186,0.02085009,0.01315065,0.1083007,0.02863324,0.04838431,0.0808942,0.03459311,OPEN
-0.1042638,0.006178945,-0.02458844,-0.04044716,0.1079002,0.00076437,-0.008795954,0.118786,0.01045045,0.01997333,0.1092061,0.02088839,0.05330218,0.07910469,0.03150356,OPEN
-0.1029553,0.009096652,-0.02506396,-0.03738044,0.1086479,-0.006470174,-0.005868405,0.1193154,0.002583921,0.02227072,0.1096621,0.01403087,0.05526555,0.07934168,0.02702072,OPEN
-0.1010758,0.01317,-0.0267643,-0.03256281,0.1092846,-0.01381713,-0.001366645,0.1192271,-0.004706353,0.02574318,0.109361,0.007606238,0.05723362,0.07911354,0.02297685,OPEN
-0.09977422,0.01981342,-0.02649844,-0.02537142,0.1100374,-0.02158147,0.006392978,0.1185752,-0.01109302,0.03215542,0.1079477,0.001523972,0.06034362,0.07753986,0.01975372,OPEN
-0.09673548,0.02928939,-0.01589003,-0.02256082,0.1091906,-0.02846634,0.00830853,0.1175992,-0.01732585,0.03249878,0.1072528,-0.004050612,0.05933328,0.07842249,0.01490942,OPEN
-0.09879245,0.02408063,-0.01039165,-0.02918762,0.1097381,0.005871773,-0.001922958,0.1169377,0.01817477,0.02144491,0.1060003,0.0272707,0.05233016,0.07657567,0.03618604,OPEN
-0.09487343,0.01772422,0.01206452,-0.03739204,0.07628518,0.07284412,-0.01305424,0.07526165,0.08842644,0.01373757,0.06314254,0.09031829,0.04927059,0.0395602,0.07830188,OPEN
-0.09672319,0.01465145,0.01141182,-0.04086164,0.06418654,0.08258191,-0.01551863,0.06075636,0.09861597,0.01295366,0.04865941,0.09912106,0.04961919,0.02722266,0.08352789,OPEN
-0.101981,0.005090594,-0.006575674,-0.05642389,0.03261045,0.09232756,-0.0274369,0.03585222,0.1083461,0.006814845,0.02974084,0.1074419,0.04482907,0.01521602,0.08881614,OPEN
-0.1002231,0.001518309,-0.007095784,-0.06735211,0.01788941,0.08973876,-0.03920373,0.01914641,0.1091123,-0.00529743,0.01223645,0.110209,0.03247564,-2.56598E-05,0.09386793,OPEN
-0.09378421,-0.01566607,-0.004377782,-0.08322481,0.01088148,0.07655835,-0.0628878,0.01042771,0.09888214,-0.03173969,0.002885222,0.1055939,0.005347334,-0.0068838,0.09731901,OPEN
-0.09463982,-0.01258433,-0.01274148,-0.08734984,0.008201659,0.07120806,-0.06783075,0.008649409,0.09501225,-0.03743014,0.002722859,0.1033252,0.0009149611,-0.006228268,0.09746742,OPEN
-0.09425032,-0.01230329,-0.01616782,-0.08837836,0.004235387,0.06919318,-0.06928808,0.005891025,0.0934729,-0.03895822,0.00245738,0.1025184,0.0007189661,-0.004708946,0.09776682,OPEN
-0.09934838,-0.009036601,-0.009722173,-0.07079926,-0.004384458,0.08599532,-0.04485851,-0.002160132,0.1064504,-0.01190315,-0.002182782,0.1091172,0.02808885,-0.006853163,0.09448802,OPEN
-0.09931267,-0.01212543,-0.002565384,-0.06478126,-0.003548145,0.09087646,-0.03658221,-0.00152415,0.1096014,-0.002776094,-0.002135634,0.1097229,0.03588363,-0.006805062,0.09188479,OPEN
-0.0952237,-0.01484621,0.01838815,-0.04500663,0.01485509,0.09901839,-0.0133623,0.0174858,0.1117125,0.02208409,0.01529962,0.1054898,0.05544958,0.004106045,0.08088797,OPEN
-0.08949119,-0.005171418,0.03166133,-0.0261965,0.007364392,0.0987013,0.001996502,0.0118131,0.1071449,0.03970732,0.01650226,0.09776628,0.06667887,0.002039969,0.0684033,OPEN
-0.08193569,-0.009392023,0.04221714,-0.02085516,0.008456528,0.1008641,0.01034962,0.01508218,0.1078501,0.04514153,0.01633006,0.09436738,0.06954478,0.002699316,0.06412077,OPEN
-0.09724663,-0.03042436,-0.01365101,-0.07869565,0.04744989,0.06619406,-0.05462675,0.05876875,0.0860554,-0.02554434,0.06068999,0.09063292,0.02101306,0.05045605,0.08539301,OPEN
-0.09783734,-0.03385997,-0.006201655,-0.07610688,0.05604744,0.0630222,-0.05068249,0.07009727,0.08008498,-0.0219385,0.07192522,0.08307308,0.02418361,0.06110054,0.07704461,OPEN
-0.1062883,-0.009016961,-0.01707089,-0.05855696,0.09596002,0.02598488,-0.02684964,0.1112837,0.03322583,0.004249863,0.1052698,0.03845465,0.04187336,0.08189365,0.03823191,OPEN
-0.1062591,0.006994843,-0.005455464,-0.03987285,0.1085281,0.002918005,-0.004479066,0.119475,0.007513165,0.0248614,0.1100044,0.01253709,0.05805856,0.08104846,0.01616076,OPEN
-0.1055095,0.01129195,-0.005883098,-0.0355973,0.1101015,-0.001142085,-0.0003754348,0.1199238,0.002489001,0.02865225,0.1096477,0.007851243,0.06119372,0.07949162,0.01257697,OPEN
-0.1048747,0.0147593,-0.005268693,-0.03226934,0.1111253,-0.002963215,0.002935082,0.1199966,-0.0002594888,0.03170282,0.1090597,0.004992008,0.06335902,0.07810944,0.01024386,OPEN
-0.1033098,0.02012047,-0.003315568,-0.02816467,0.1121483,-0.00474754,0.006935239,0.1198779,-0.003484905,0.03518657,0.1081834,0.001636297,0.06571174,0.07636914,0.007891119,OPEN
-0.1009596,0.02583623,-0.001123726,-0.02471562,0.1128704,-0.005040765,0.01011592,0.1196583,-0.005162895,0.03774217,0.1073687,-0.0004355609,0.06747085,0.07483646,0.006729603,OPEN
-0.09935484,0.02908337,-0.0006504953,-0.0227706,0.1132004,-0.005642265,0.01196086,0.1194456,-0.006467909,0.03920001,0.1068356,-0.001986623,0.06853634,0.07390469,0.005818874,OPEN
-0.08686934,0.04588309,0.01353636,-0.01194187,0.114887,0.0004243553,0.0220212,0.1182382,-0.00485456,0.04712768,0.1034359,-0.004258424,0.07419994,0.06794843,0.002088606,OPEN
-0.0908353,0.03717792,0.02635485,-0.01554179,0.1136123,0.01015067,0.01931989,0.1181266,0.004076838,0.04454836,0.1041854,0.001248717,0.07209814,0.07030752,-0.0007246435,OPEN
-0.09259721,0.03358155,0.02845511,-0.01626509,0.1127162,0.0157207,0.01837011,0.117634,0.009764671,0.04330896,0.104294,0.005335361,0.07025357,0.0718109,-0.0001392961,OPEN
-0.09352135,0.03069749,0.03004718,-0.01804775,0.1115523,0.02035174,0.01616459,0.1171925,0.01445261,0.04115285,0.1045862,0.009034932,0.06816457,0.07340506,0.001359165,OPEN
-0.09266394,0.02873063,0.03383383,-0.01929539,0.1097268,0.02679244,0.01400538,0.1162749,0.0202415,0.0392992,0.1045319,0.01288188,0.06640162,0.07460612,0.00268805,OPEN
-0.08254739,-0.001473486,0.06474689,-0.02483612,0.09179914,0.059553,0.002111226,0.1069117,0.04546314,0.02133435,0.1057772,0.02484632,0.05049346,0.08588988,-0.0006474257,OPEN
-0.07795867,-0.0043329,0.06967697,-0.01731634,0.08264595,0.07101306,0.006207481,0.09978646,0.05579945,0.02314119,0.1018445,0.03253067,0.04896463,0.08563501,0.002659053,OPEN
-0.07553609,-0.006602913,0.07213029,-0.0157114,0.08051506,0.07334504,0.006655827,0.09843293,0.05769727,0.02292024,0.1012125,0.03386077,0.04784229,0.08583599,0.003306061,OPEN
-0.06910808,-0.01624912,0.07969153,-0.01135434,0.07695001,0.07878512,0.007182255,0.09796911,0.06103957,0.02177022,0.1023457,0.0349656,0.04490405,0.0874154,0.004427373,OPEN
-0.06682442,-0.01852235,0.08180788,-0.01093927,0.07703194,0.07975164,0.006533802,0.09870228,0.06150839,0.02080107,0.1030627,0.0353657,0.04356946,0.08862355,0.004254341,OPEN
-0.06275979,-0.02060002,0.08492187,-0.01000185,0.07764292,0.08112589,0.006359413,0.09955466,0.06252,0.02043238,0.103627,0.0365715,0.04197989,0.09021786,0.004082769,OPEN
-0.06205492,-0.02188399,0.08529386,-0.00955756,0.07785264,0.08157435,0.005993873,0.09982887,0.06283322,0.01992318,0.103879,0.0368914,0.04080179,0.09108022,0.003500193,OPEN
-0.05698295,-0.02611801,0.08723006,-0.005972534,0.07351205,0.08524576,0.004504547,0.09782228,0.06603673,0.01687287,0.1030075,0.03975862,0.03609887,0.09304059,0.003430724,OPEN
-0.04579301,-0.03843841,0.08702883,-0.01156682,0.07110921,0.09074333,-0.0001132637,0.09589043,0.07295325,0.01418643,0.102943,0.0463067,0.03447519,0.09464005,0.009257883,OPEN
-0.0508409,-0.03021288,0.0861865,-0.02562322,0.07884395,0.08096978,-0.01299602,0.1024818,0.06212744,0.002930164,0.1082472,0.0358842,0.02852307,0.0973534,0.002340883,OPEN
-0.04898553,-0.027998,0.08751485,-0.02351496,0.0789974,0.08117869,-0.01114854,0.1023494,0.06226572,0.003916472,0.1080826,0.03566322,0.02860606,0.09724388,0.001547188,OPEN
-0.0462784,-0.025024,0.08843347,-0.02460709,0.07961148,0.08104971,-0.01280043,0.1035562,0.06124976,0.004234597,0.1085373,0.03555104,0.02971621,0.09704655,0.002362996,OPEN
-0.07269198,-0.02166769,0.07791838,-0.03837681,0.09100077,0.06645593,-0.01677957,0.1128318,0.048498,0.00452213,0.1135804,0.02819446,0.03808765,0.09721467,0.00133726,OPEN
-0.07615528,-0.02069816,0.07578292,-0.03932205,0.0921149,0.06491426,-0.01580471,0.1135898,0.04763612,0.005782396,0.1138159,0.02812979,0.03986265,0.09682268,0.002177179,OPEN
-0.0872683,-0.01874867,0.06142247,-0.04094079,0.09182945,0.06178188,-0.01101194,0.110978,0.05135041,0.01399802,0.1080782,0.03906214,0.05015248,0.08860001,0.01828697,OPEN
-0.0886851,-0.01682526,0.05838549,-0.04176074,0.0933708,0.0584774,-0.01092541,0.111919,0.04900837,0.01496312,0.1078648,0.03878653,0.05144531,0.08702272,0.02032354,OPEN
-0.0954633,-0.01176167,0.04655799,-0.04482297,0.09876591,0.04578242,-0.01299612,0.1157536,0.03859398,0.01480344,0.1093919,0.03407022,0.05115387,0.08564493,0.02293465,OPEN
-0.1004428,-0.006964147,0.03484818,-0.04738575,0.1028064,0.03142977,-0.01542504,0.1182955,0.02741241,0.01273851,0.111159,0.02726004,0.04888204,0.08653212,0.02178684,OPEN
-0.1023217,-0.004202336,0.02876714,-0.04767162,0.1044253,0.02456826,-0.01586746,0.1191121,0.0226399,0.01226296,0.1117569,0.02412844,0.04808928,0.08694071,0.02098691,OPEN
-0.1058691,0.01012552,-0.002863765,-0.03990175,0.1097303,0.0102779,-0.008745015,0.1202829,0.01778722,0.01821811,0.1104646,0.02471754,0.05260189,0.08194196,0.02964622,OPEN
-0.10406,0.01579261,-0.009581536,-0.03632088,0.1111071,0.008607775,-0.005735457,0.1204899,0.01775104,0.02039273,0.1098653,0.02585688,0.05428346,0.07972375,0.03303617,OPEN
-0.08182248,0.03866816,-0.04444173,-0.03327312,0.1121444,0.007515281,-0.01403131,0.1158245,0.03354934,0.00255635,0.1008377,0.0521425,0.02441766,0.06806058,0.0693506,OPEN
-0.102899,0.003870904,-0.02627623,-0.05572552,0.1020719,0.0121122,-0.02692617,0.11494,0.02903053,-0.002060561,0.1065983,0.04213098,0.03239402,0.07808048,0.05745623,OPEN
-0.1077074,-0.01687932,-0.002184629,-0.06877231,0.09480327,0.02116054,-0.03739474,0.1135707,0.03155944,-0.008771387,0.1090302,0.04006466,0.03257329,0.08724555,0.04586011,OPEN
-0.1074582,-0.02349123,0.006771386,-0.06991237,0.08947086,0.0395667,-0.03674668,0.110826,0.04546052,-0.006386284,0.1064075,0.05059564,0.0355914,0.08620167,0.04818338,OPEN
-0.100553,-0.01717728,0.03036517,-0.06259446,0.09180754,0.04022592,-0.03376014,0.1081392,0.04760599,-0.004564084,0.103128,0.05124366,0.03486113,0.08435965,0.04685998,OPEN
-0.09770321,-0.01625609,0.03617865,-0.06008232,0.08831102,0.04801768,-0.03088829,0.1041043,0.05503613,-0.002014644,0.09893823,0.05705297,0.03675796,0.08117759,0.04986429,OPEN
-0.09715134,-0.01485795,0.03689075,-0.05860441,0.08743441,0.04998261,-0.02919336,0.1029726,0.05686933,-0.000519149,0.09743547,0.05872464,0.03781649,0.07971787,0.05090362,OPEN
-0.09741367,-0.00732398,0.03564548,-0.05319071,0.08887887,0.04962987,-0.02222187,0.1034414,0.05581653,0.00530833,0.09642792,0.05771792,0.04151487,0.07705557,0.05012089,OPEN
-0.1060065,0.006300807,-0.005125165,-0.0457245,0.1007236,0.04065531,-0.01128739,0.1117857,0.04905826,0.01834626,0.1022649,0.05200106,0.05275516,0.07330588,0.04934967,OPEN
-0.1065691,0.008936822,-0.01141083,-0.04528356,0.1009891,0.04039752,-0.01118944,0.1119407,0.04858869,0.01877706,0.1023103,0.05094743,0.05309392,0.07361445,0.04794484,OPEN