0.08116625,0.061791,-0.0452089,0.003736272,0.115858,0.04120958,-0.01094559,0.02161413,-0.03012732,-0.02010886,0.01287782,-0.02022848,-0.06522926,0.06782144,0.01659241,LOVE
0.08328649,0.06127173,-0.04223004,0.003401704,0.1153371,0.04222715,-0.0099461,0.02378181,-0.03058386,-0.01954762,0.01464239,-0.02079016,-0.06853385,0.06718811,0.03225416,LOVE
0.09118106,0.05597946,-0.0350264,0.004409082,0.1145559,0.04291591,-0.005980879,0.0269205,-0.03146425,-0.01716568,0.01813084,-0.02274528,-0.06541772,0.06943759,0.03037277,LOVE
0.09020867,0.0580672,-0.03270838,0.00278496,0.113278,0.04568198,-0.005770929,0.02821761,-0.03087404,-0.01715548,0.01933536,-0.02265373,-0.06753899,0.06729522,0.03443396,LOVE
0.08959673,0.05954877,-0.03135821,0.001594357,0.1124299,0.04772678,-0.00561396,0.02856454,-0.03048167,-0.01705319,0.0195784,-0.02260751,-0.06906918,0.06591558,0.03618541,LOVE
0.08924937,0.06058544,-0.03035048,0.001099363,0.111514,0.04989541,-0.005372748,0.02903119,-0.03007504,-0.0168911,0.01994789,-0.02251616,-0.07018713,0.06487215,0.03746277,LOVE
0.08818515,0.06211597,-0.03072637,3.802031E-05,0.1110312,0.05101117,-0.005323678,0.02888286,-0.02985927,-0.01677928,0.01956749,-0.02247238,-0.07173349,0.0638904,0.03742895,LOVE
0.08781248,0.06265602,-0.03100076,-0.000190407,0.1107953,0.05154526,-0.005193569,0.02857232,-0.02974227,-0.01658788,0.01910529,-0.02240267,-0.07257091,0.06356955,0.03776649,LOVE
0.0875681,0.06281859,-0.03162095,-0.0003008693,0.1109262,0.05124807,-0.005277969,0.02812558,-0.02962774,-0.01659818,0.01863569,-0.0222328,-0.07270911,0.06354269,0.03794652,LOVE
0.08706943,0.06315851,-0.03264731,-0.0005558655,0.1110663,0.05091378,-0.00564903,0.02762821,-0.02950415,-0.01680757,0.01809329,-0.02199218,-0.07283846,0.0632095,0.03841031,LOVE
0.08413211,0.0647341,-0.03774461,-0.003878631,0.1127797,0.04571068,-0.00787035,0.02637759,-0.03002879,-0.01814489,0.01633242,-0.02159259,-0.07467002,0.06043923,0.03979039,LOVE
0.08423188,0.06481811,-0.03716937,-0.004381664,0.1128976,0.04519737,-0.007828109,0.02638724,-0.02989435,-0.01811517,0.01629815,-0.02145281,-0.07485574,0.06028986,0.03949186,LOVE
0.08169814,0.0649446,-0.04235241,-0.004263788,0.1141012,0.04294336,-0.009490341,0.0256027,-0.02938342,-0.01963784,0.01578093,-0.02047101,-0.07301895,0.06059468,0.04161498,LOVE
0.07861754,0.06471765,-0.04624131,-0.001596443,0.1150997,0.0419161,-0.01309566,0.02308789,-0.02936986,-0.02190461,0.01326385,-0.01933378,-0.06795869,0.06549674,0.0367437,LOVE
0.07796032,0.06481749,-0.04731956,-0.001853466,0.1145609,0.0426529,-0.01353034,0.02380198,-0.02936304,-0.02211529,0.01380104,-0.01932475,-0.06812727,0.06393662,0.0393396,LOVE
0.07981478,0.06744546,-0.04134408,-0.005986258,0.1124051,0.04580706,-0.01178587,0.02588457,-0.02928075,-0.02094471,0.01590219,-0.02020404,-0.07258867,0.05765778,0.04301742,LOVE
0.07883739,0.06883445,-0.04153994,-0.006458066,0.1116851,0.04689369,-0.01121376,0.02534029,-0.02775931,-0.02048399,0.01549014,-0.01899919,-0.0718274,0.05669039,0.04390034,LOVE
0.07849707,0.0676676,-0.04487556,-0.005875885,0.1130098,0.04385868,-0.01178643,0.0250963,-0.02793533,-0.02093833,0.01538125,-0.01890314,-0.07145086,0.0574851,0.04439625,LOVE
0.0779547,0.06609181,-0.04828331,-0.005547933,0.1147931,0.03961638,-0.01223485,0.02378201,-0.02875197,-0.02163737,0.01408687,-0.01906303,-0.0708684,0.05978882,0.04319674,LOVE
0.0821476,0.0518088,-0.05578658,0.01021022,0.1193475,0.02924022,-0.01444192,0.02235538,-0.03325528,-0.02257582,0.01356953,-0.02109203,-0.05819621,0.06357971,0.002818227,LOVE
0.08323018,0.05045983,-0.05617997,0.01038016,0.1191556,0.02926373,-0.01374646,0.02360207,-0.03385097,-0.02223877,0.01457435,-0.02179509,-0.06130376,0.07072023,0.01922178,LOVE
0.08228944,0.05086049,-0.05763066,0.009520128,0.1184537,0.03100348,-0.01412093,0.0254164,-0.03422678,-0.02257263,0.0156205,-0.02222273,-0.06295474,0.07191941,0.0312705,LOVE
0.08578136,0.04933444,-0.05387914,0.01212476,0.1170344,0.03501305,-0.01243655,0.02695066,-0.03442812,-0.02153771,0.01719809,-0.0228512,-0.06075589,0.07296127,0.03367707,LOVE
0.08811878,0.04776222,-0.05161291,0.01422598,0.1161831,0.03694454,-0.01102145,0.02760175,-0.03420776,-0.0205824,0.01798198,-0.02290162,-0.05927781,0.0743852,0.03595942,LOVE
0.0888307,0.04697615,-0.05079091,0.01564375,0.1158617,0.03746375,-0.01022149,0.02800816,-0.0342201,-0.02003929,0.01843649,-0.0229471,-0.05820186,0.07550034,0.03538439,LOVE
0.08579312,0.04788712,-0.05516216,0.01250226,0.117902,0.03246942,-0.01227623,0.02750993,-0.03365701,-0.02172418,0.01812941,-0.02250645,-0.06100009,0.07369053,0.02674001,LOVE
0.08526748,0.04806635,-0.05564183,0.01200628,0.1180004,0.03232202,-0.0129097,0.02864721,-0.03401199,-0.02235053,0.01885536,-0.02295518,-0.06155849,0.07354152,0.02772197,LOVE
0.08328978,0.04977673,-0.05657744,0.0127333,0.1169517,0.03555396,-0.01450296,0.03122342,-0.03331956,-0.02363149,0.02049154,-0.02240235,-0.06081396,0.07270959,0.03226608,LOVE
0.07965264,0.05484453,-0.0565542,0.01318552,0.1150307,0.04095581,-0.01538622,0.03036407,-0.03096655,-0.0238009,0.01980478,-0.01999366,-0.05986339,0.06997928,0.04077381,LOVE
0.07955673,0.05642754,-0.05481538,0.01366809,0.1144009,0.04260585,-0.01409092,0.02785963,-0.02990553,-0.02273004,0.01812714,-0.01912111,-0.05939106,0.06927681,0.04230663,LOVE
0.0797981,0.05901656,-0.05123112,0.01153065,0.1148672,0.0419158,-0.01161506,0.02346694,-0.02870205,-0.02075989,0.0151611,-0.01817173,-0.06120498,0.06802955,0.04447326,LOVE
0.08066792,0.06028169,-0.04844391,0.00905811,0.1152774,0.03965592,-0.009185962,0.02430245,-0.02871686,-0.01923683,0.01610726,-0.01865143,-0.06205408,0.06856868,0.04229003,LOVE
0.08151249,0.05984139,-0.0477044,0.007882372,0.1154958,0.03878921,-0.008760959,0.02469647,-0.02903986,-0.01899774,0.0163464,-0.01912838,-0.0628325,0.06869596,0.04150057,LOVE
0.08546766,0.05668333,-0.04648703,0.007187746,0.1154147,0.03847042,-0.007747151,0.02491981,-0.02943558,-0.01830611,0.01642185,-0.01993755,-0.06323804,0.06999502,0.03851706,LOVE
0.08630446,0.05572504,-0.04670587,0.006651238,0.1156887,0.03773627,-0.007892229,0.02496973,-0.02977714,-0.01840676,0.01634684,-0.02025178,-0.06364578,0.07020035,0.03752342,LOVE
0.08232724,0.05723366,-0.05121785,0.007501684,0.1158451,0.03857738,-0.01083451,0.02496865,-0.02934462,-0.02052376,0.01582941,-0.0191384,-0.06273706,0.06896001,0.04029047,LOVE
0.08203679,0.05699921,-0.05028337,0.00648281,0.1176355,0.03617117,-0.01225267,0.02191561,-0.0308212,-0.02150174,0.01293537,-0.02003893,-0.06402671,0.06781811,0.0284014,LOVE
0.08026308,0.05905014,-0.04993653,0.006274886,0.1170414,0.03795263,-0.01269643,0.02162021,-0.03014919,-0.0215405,0.01268545,-0.01939517,-0.06335892,0.0662719,0.02795744,LOVE
0.08271632,0.06377807,-0.04121292,-0.001674145,0.1135959,0.04456896,-0.01016515,0.02656764,-0.02992499,-0.020023,0.01673695,-0.02067927,-0.07123212,0.06167975,0.04073936,LOVE
0.08345456,0.06601977,-0.03587589,-0.003123552,0.1111809,0.04912722,-0.008486677,0.02827606,-0.02811685,-0.01894377,0.01841405,-0.01995075,-0.07161614,0.0596627,0.04294455,LOVE
0.08249295,0.06727058,-0.03534508,-0.004198823,0.1108204,0.04973412,-0.008660387,0.02839538,-0.02750233,-0.01911531,0.01851678,-0.01946083,-0.07168835,0.05856538,0.0442993,LOVE
0.07818644,0.06570059,-0.04723036,-0.005186193,0.1150262,0.0387837,-0.01108589,0.02299398,-0.02902135,-0.02052809,0.01358595,-0.01933321,-0.07040867,0.06131068,0.04206625,LOVE
0.07805362,0.06452698,-0.04911357,-0.004086174,0.1152499,0.03817844,-0.01234675,0.02372971,-0.02946264,-0.02138466,0.01388162,-0.01929051,-0.06939387,0.06194428,0.0435158,LOVE
0.07457779,0.06482118,-0.05249172,-0.001912124,0.1160439,0.03800058,-0.01552013,0.02345261,-0.02943632,-0.02394596,0.01366952,-0.01858974,-0.06762932,0.06286722,0.04410422,LOVE
0.07753219,0.06259575,-0.05061814,4.184991E-05,0.1169375,0.03667602,-0.01444245,0.02207828,-0.02993158,-0.02304605,0.01262709,-0.01902157,-0.06723504,0.06548956,0.03577524,LOVE
0.0766326,0.06226808,-0.05259079,0.0008978546,0.1169596,0.03662369,-0.01430517,0.02175376,-0.02964577,-0.02288402,0.01257777,-0.01889277,-0.06685125,0.06602085,0.03615898,LOVE
0.07534388,0.06353468,-0.05329815,-0.001766853,0.1166607,0.03666618,-0.01500539,0.02268946,-0.02985981,-0.02350107,0.0131712,-0.01924506,-0.06850278,0.0636372,0.03849959,LOVE
0.07577234,0.07089213,-0.04227635,-0.006643329,0.11194,0.04703942,-0.01158808,0.02460915,-0.02649125,-0.0207992,0.01491323,-0.01753092,-0.07109746,0.05616775,0.04627404,LOVE
0.07656685,0.0685243,-0.04568771,-0.006674189,0.1138454,0.04212791,-0.011875,0.0234738,-0.02763015,-0.02103204,0.01392379,-0.0181945,-0.07150885,0.05797088,0.04431495,LOVE
0.07491555,0.06678435,-0.05045581,-0.007056423,0.1157475,0.03639337,-0.01431881,0.02277824,-0.02879187,-0.02310969,0.01298109,-0.01853558,-0.07059211,0.05954927,0.04478917,LOVE
0.07460668,0.06570676,-0.05148757,-0.006035276,0.1165308,0.03545219,-0.01661437,0.02326158,-0.02919096,-0.02487781,0.01359594,-0.01882273,-0.07044397,0.06052673,0.04519829,LOVE
0.0745802,0.06248963,-0.05486476,-0.005761318,0.1183719,0.03054941,-0.01917859,0.02324024,-0.03003058,-0.02666853,0.01352125,-0.01833123,-0.06966786,0.06250879,0.04171863,LOVE
0.07691725,0.05962256,-0.05486795,-0.003471754,0.1191395,0.02897829,-0.01922735,0.02338177,-0.0304794,-0.02651477,0.01323482,-0.01859739,-0.06900364,0.06447226,0.03487402,LOVE
0.07743777,0.06263286,-0.05130979,-0.001739427,0.1164221,0.03817126,-0.01667509,0.02557537,-0.0304499,-0.02475545,0.01527035,-0.01952657,-0.06904755,0.06311318,0.03695229,LOVE
0.07825377,0.06475276,-0.04727182,-0.004942484,0.1153856,0.03889686,-0.01322927,0.02491,-0.03111055,-0.02201964,0.01525921,-0.02106151,-0.07133006,0.06218582,0.03917322,LOVE
0.07662988,0.07001203,-0.04109952,-0.00726793,0.1121707,0.04530373,-0.01036686,0.02429494,-0.0288071,-0.01981707,0.0148581,-0.01994759,-0.07220932,0.05768466,0.04422349,LOVE
0.07622393,0.0707652,-0.04003677,-0.008692972,0.1118608,0.04446161,-0.009569962,0.02272847,-0.02824306,-0.0190672,0.01356283,-0.0195823,-0.07184485,0.05784312,0.04276216,LOVE
0.07819022,0.06610322,-0.04434755,-0.006785333,0.1148279,0.0367505,-0.009377658,0.02093759,-0.02924207,-0.01891518,0.01242104,-0.01984712,-0.07068845,0.06207985,0.03884694,LOVE
0.07707372,0.06398392,-0.04948434,-0.006280139,0.1166255,0.03154373,-0.01070368,0.02002716,-0.03002074,-0.01987832,0.01177984,-0.01999652,-0.07003198,0.06356218,0.03815389,LOVE
0.07408517,0.06109154,-0.05735451,-0.004335806,0.1189896,0.02625391,-0.0148187,0.01906893,-0.03049773,-0.02279769,0.01065883,-0.01945144,-0.06794834,0.06653646,0.03796738,LOVE
0.07966511,0.0489181,-0.06239331,0.004788667,0.1222619,0.0164271,-0.01823217,0.01854801,-0.03342956,-0.02522865,0.01051688,-0.02047205,-0.04076656,0.0243668,-0.01371849,LOVE
0.07859901,0.05016887,-0.06254062,0.005593732,0.1216693,0.01942113,-0.01843247,0.01961887,-0.03301695,-0.0252203,0.01131147,-0.02005926,-0.03959485,0.02373156,-0.009338945,LOVE
0.07793055,0.05181637,-0.06191185,0.004392892,0.121191,0.02142254,-0.01840025,0.02033496,-0.0330382,-0.0250937,0.01169854,-0.02013287,-0.04565135,0.03376016,-0.009863347,LOVE
0.07947527,0.05804768,-0.05293003,0.002018504,0.117824,0.03308299,-0.01454856,0.0231446,-0.03199762,-0.02278018,0.01432472,-0.02091143,-0.06653252,0.06785864,0.03764811,LOVE
0.083003,0.06097353,-0.04365116,0.001205221,0.113722,0.04249084,-0.009147912,0.02555916,-0.03053096,-0.01937213,0.01710662,-0.02119207,-0.06719494,0.06433633,0.04336357,LOVE
0.08385611,0.06120738,-0.04065701,0.002390295,0.1127897,0.04465109,-0.008168705,0.02605146,-0.03008121,-0.0187068,0.01779988,-0.02107131,-0.06657132,0.06482115,0.0428701,LOVE
0.08420405,0.0614855,-0.03891224,0.003133208,0.1126712,0.04538992,-0.007618695,0.02632347,-0.02979979,-0.01831409,0.01804796,-0.02081925,-0.06634245,0.06580916,0.04074451,LOVE
0.08229703,0.06125596,-0.04367152,0.004763588,0.113708,0.04326871,-0.008611791,0.0254215,-0.02955726,-0.01895125,0.01720724,-0.02000359,-0.06461736,0.06716526,0.04081425,LOVE
0.08010814,0.06032312,-0.04986554,0.005312532,0.1151864,0.04059687,-0.01074726,0.02472353,-0.02988282,-0.02041755,0.01627788,-0.01964936,-0.06370214,0.06795669,0.04141393,LOVE
0.07807805,0.06056172,-0.05197325,0.006676063,0.1159012,0.03970143,-0.01257056,0.02469331,-0.02978966,-0.02154114,0.01591232,-0.01910073,-0.06346808,0.06806409,0.04126945,LOVE
0.07870151,0.05869934,-0.05298516,0.008771159,0.1167114,0.03782383,-0.01329254,0.02360725,-0.02996242,-0.02188469,0.01491234,-0.01910314,-0.06355605,0.06920913,0.03681937,LOVE
0.07927316,0.05563593,-0.05521828,0.01051676,0.1180938,0.03382146,-0.01418513,0.02246901,-0.03124464,-0.02241518,0.01397359,-0.01964259,-0.06422183,0.07005844,0.02802113,LOVE
0.08106608,0.05414304,-0.05474919,0.007302813,0.1196137,0.02954292,-0.01394014,0.02197194,-0.03380263,-0.02225566,0.01306394,-0.02171987,-0.06573543,0.06843734,0.01513076,LOVE
0.08234646,0.05335295,-0.05408439,0.005410321,0.1198473,0.0282425,-0.01367665,0.02372509,-0.03581253,-0.02244918,0.01424649,-0.02372578,-0.06788056,0.07102627,0.02118781,LOVE
0.08244235,0.05464244,-0.05311725,0.005373508,0.1184375,0.03313592,-0.01433076,0.02676859,-0.03517506,-0.02311713,0.01645294,-0.02345851,-0.06791738,0.07056639,0.03063491,LOVE
0.0836824,0.05673727,-0.04952666,0.007312402,0.1152171,0.04178128,-0.01244363,0.02752581,-0.0314171,-0.02180678,0.01757199,-0.02094376,-0.06570307,0.06792751,0.0433183,LOVE
0.08498569,0.06283522,-0.03710431,0.004374467,0.1095929,0.05329087,-0.007632196,0.02915892,-0.02779293,-0.01830636,0.01926765,-0.0193083,-0.0668301,0.06336454,0.04445153,LOVE
0.08382326,0.06534198,-0.0321613,0.004318684,0.1083468,0.05566034,-0.005592525,0.02851063,-0.02711552,-0.01679736,0.0191035,-0.01930702,-0.06641116,0.06416804,0.04149607,LOVE
0.08395533,0.06509373,-0.03240874,0.003304169,0.1093286,0.05357224,-0.005248562,0.02774704,-0.02709904,-0.01652971,0.01848185,-0.01944116,-0.06718584,0.06436089,0.04030511,LOVE
0.08107293,0.0663543,-0.03774962,0.001616202,0.110656,0.0511671,-0.007187784,0.02736765,-0.02725786,-0.01787025,0.01768374,-0.01907972,-0.06819826,0.06292152,0.04245874,LOVE
0.07985325,0.06680575,-0.04025501,0.0005031899,0.1115813,0.0494079,-0.00803037,0.02662537,-0.02755108,-0.01839535,0.01684994,-0.01912963,-0.06902727,0.062352,0.04219019,LOVE
0.07937631,0.06293839,-0.04562485,-0.0003068298,0.1169105,0.03798127,-0.01356881,0.02399534,-0.03113249,-0.0221521,0.01410365,-0.02138957,-0.0718023,0.06512985,0.0329718,LOVE
0.0851934,0.03813544,-0.06265575,0.001350671,0.1233109,-0.006219596,-0.01573477,0.02266139,-0.04715163,-0.02612296,0.01553091,-0.03365049,-0.0762645,0.07336262,0.02310336,LOVE
0.08081961,0.03934947,-0.06707776,0.001856156,0.1230893,-0.004110903,-0.01647172,0.01733243,-0.04078472,-0.02543099,0.01161355,-0.02698645,-0.07148739,0.07245377,0.01968887,LOVE
0.07986075,0.03792635,-0.06903717,0.001719557,0.122751,-0.007121712,-0.0162125,0.01446989,-0.039556,-0.02484145,0.009514868,-0.02586836,-0.0698737,0.07308313,0.01586533,LOVE
0.08783679,0.02536279,-0.06788084,0.001555897,0.120657,-0.02117392,-0.01570426,0.0129565,-0.04277986,-0.02502193,0.008489728,-0.02930981,-0.06933622,0.07646367,0.006276131,LOVE
0.0870765,0.0331029,-0.06498551,7.139891E-05,0.1219972,-0.009983331,-0.01555541,0.01572642,-0.04072583,-0.02454535,0.01034367,-0.02725321,-0.06838579,0.0752953,0.01462612,LOVE
0.08575875,0.0313282,-0.06704363,0.0007097125,0.1214978,-0.01434776,-0.015359,0.01317468,-0.04048076,-0.02425601,0.008715451,-0.02704114,-0.0674845,0.07627791,0.01186833,LOVE
0.0864301,0.02891597,-0.06740677,0.002241731,0.121252,-0.01724672,-0.01526485,0.01338553,-0.04149514,-0.02438354,0.009117872,-0.02795967,-0.06712146,0.07693529,0.009239763,LOVE
0.08720364,0.02743244,-0.06719306,0.001287162,0.12082,-0.02079538,-0.01530353,0.01348224,-0.04321676,-0.02467817,0.009111226,-0.02949286,-0.06893214,0.07622889,0.00642401,LOVE
0.08161945,0.03907359,-0.06787547,-0.001246408,0.1229265,-0.005397439,-0.01745092,0.0168677,-0.04134402,-0.02596486,0.01076013,-0.02780598,-0.07177523,0.07137778,0.01681027,LOVE
0.08240066,0.04682013,-0.06097904,-0.006879851,0.1229286,0.001216888,-0.01644623,0.01593184,-0.04110384,-0.02450588,0.008611858,-0.0280607,-0.07538898,0.06692964,0.006732404,LOVE
0.08975443,0.05100274,-0.04284215,0.001297198,0.1210149,0.02593791,-0.01784882,0.02398294,-0.04127985,-0.02582507,0.01424962,-0.02927476,-0.03397729,0.01515043,-0.01061234,LOVE
0.0968999,0.0463264,0.02134055,0.001116816,0.08303934,0.07836425,-0.02175868,0.07629257,-0.005535781,-0.02726923,0.04881161,-0.01975256,-0.05928555,0.05848747,0.007140875,LOVE
0.09358791,0.05059206,0.02244884,0.004831057,0.07193929,0.1003045,-0.01796887,0.0690096,-0.0007190704,-0.02153069,0.0392065,-0.0188399,-0.07921929,0.04434496,0.0551042,LOVE
0.09388912,0.05300242,0.01797473,0.006643698,0.07350105,0.09986556,-0.02003764,0.06716931,0.006913304,-0.02581879,0.04532063,-0.02105319,-0.08013411,0.04179692,0.05677772,LOVE
0.09448094,0.05235267,0.01752496,0.006773215,0.07352096,0.1001541,-0.02267466,0.07290149,0.01255369,-0.02490616,0.04355729,-0.02084035,-0.07823931,0.04619461,0.05035973,LOVE
0.09498309,0.05238748,0.01669186,0.00615976,0.07429594,0.09968394,-0.02322823,0.0738405,0.01374227,-0.02423234,0.04181755,-0.02050173,-0.07693477,0.04910034,0.04578483,LOVE
0.09561898,0.05187595,0.01673633,0.006331086,0.0725649,0.1020026,-0.02057951,0.06937754,0.01861382,-0.02340369,0.04166758,-0.01707864,-0.07450976,0.0537765,0.04457587,LOVE
0.09554039,0.05514914,0.01084238,0.008667547,0.07673699,0.09968555,-0.01651444,0.06159246,0.003446281,-0.02340605,0.03911817,-0.01676667,-0.05488063,0.05646747,0.008721471,LOVE
0.09260991,0.04911652,-0.03966746,0.0002906322,0.1228321,0.0126029,-0.009362139,0.01216328,-0.03464234,-0.01975873,0.006472796,-0.02447712,-0.03077801,0.009035081,-0.01396295,LOVE
0.09379682,0.04859325,-0.03855413,-0.0006557107,0.1229962,0.01069024,-0.008068338,0.011565,-0.03469181,-0.01855139,0.005653441,-0.0248909,-0.03088484,0.01036209,-0.01542529,LOVE
0.0938187,0.05056059,-0.03758526,-0.004524782,0.1228062,0.01223838,-0.007295862,0.01184994,-0.03490415,-0.01761989,0.005249143,-0.02518415,-0.03123747,0.01039863,-0.01682875,LOVE
0.09221316,0.05625123,-0.03203928,-0.009330861,0.1212716,0.02242666,-0.007014111,0.01394221,-0.0349634,-0.01707907,0.005883634,-0.02495021,-0.03079011,0.005669594,-0.01454958,LOVE
0.08880276,0.05706522,-0.03857452,-0.009164512,0.121961,0.02016088,-0.009550124,0.01282611,-0.03512043,-0.01849456,0.005083233,-0.02435583,-0.03105056,0.003545612,-0.01379251,LOVE
0.09560263,0.04667589,-0.04171434,-0.005354673,0.1232976,0.004300356,-0.009291507,0.01134449,-0.03706241,-0.01862953,0.004998654,-0.02726203,-0.0359789,0.01871988,-0.02031112,LOVE
0.09481575,0.04641202,-0.04414144,-0.005769618,0.1233445,0.002553016,-0.009137616,0.0113534,-0.0372586,-0.01898029,0.005152971,-0.02744451,-0.04385604,0.02967501,-0.02286771,LOVE
0.09461777,0.04390177,-0.04662123,-0.005668007,0.1231968,-0.0004844069,-0.008350089,0.01378259,-0.03924099,-0.01943287,0.007607788,-0.0294427,-0.0753116,0.06570619,-0.003546596,LOVE
0.09957884,0.03934339,-0.04127353,-0.002153844,0.1233923,0.001916349,-0.005785488,0.01565486,-0.04086742,-0.01776951,0.009833068,-0.03161114,-0.07203411,0.06699771,-0.009882987,LOVE
0.1006002,0.03762865,-0.04167551,-0.0005370453,0.1234375,0.00401926,-0.005899206,0.01610124,-0.04073521,-0.01780541,0.01032221,-0.03135487,-0.07050414,0.06732443,-0.01038212,LOVE
0.09916441,0.03869954,-0.0445928,0.0005683154,0.1232024,0.00976795,-0.007837415,0.01680657,-0.03913733,-0.01908101,0.01056549,-0.02923176,-0.06979875,0.06750369,-0.005356014,LOVE
0.09687608,0.0416519,-0.04690158,-0.0005381629,0.1227732,0.01389977,-0.009521604,0.01732117,-0.03755051,-0.02020502,0.01060238,-0.02735585,-0.07031503,0.06594545,-0.001238048,LOVE
0.0949768,0.04951569,-0.04068914,-0.00316935,0.1215052,0.02267307,-0.009433076,0.01786017,-0.03632677,-0.01957666,0.01048124,-0.02650464,-0.06630807,0.05916429,-0.007775962,LOVE
0.08409841,0.05269593,-0.05512622,-0.005216576,0.121498,0.01804337,-0.01349443,0.01919493,-0.03687447,-0.02254233,0.01065218,-0.02543548,-0.07169686,0.06405494,0.00328359,LOVE
0.07896206,0.05219138,-0.06213033,-0.005204096,0.1221554,0.0134398,-0.01540729,0.01680696,-0.03658462,-0.02360846,0.008821219,-0.02423495,-0.07161485,0.06352717,0.002995789,LOVE
0.08371268,0.04776654,-0.05997577,-0.003121123,0.1227786,0.0117608,-0.01773347,0.0166609,-0.03675959,-0.02503542,0.007501125,-0.02365181,-0.03473336,0.01264092,-0.007909387,LOVE
0.08443394,0.04799315,-0.0587112,-0.003039874,0.122728,0.01251268,-0.01759818,0.01703468,-0.0367406,-0.02499876,0.007709742,-0.02369332,-0.03460203,0.01210618,-0.007860899,LOVE
0.08547124,0.0493544,-0.05569655,-0.00289467,0.1221838,0.01667431,-0.01743657,0.01841655,-0.03660044,-0.02486081,0.009004742,-0.02386418,-0.03448151,0.01168308,-0.009022474,LOVE
0.08623154,0.0535543,-0.04966334,-0.002225086,0.1201281,0.02739793,-0.01664844,0.02116504,-0.03549859,-0.02356078,0.01054007,-0.02366418,-0.0326274,0.01022065,-0.01187494,LOVE
0.08323732,0.05441946,-0.05327284,-0.002108254,0.1202716,0.02674559,-0.01809651,0.02004239,-0.0347088,-0.02419373,0.009585053,-0.02250776,-0.03301786,0.01001748,-0.01071316,LOVE
0.08221948,0.05844289,-0.04626098,-0.001883447,0.1197892,0.02925166,-0.01572134,0.01878634,-0.03310636,-0.02323175,0.00866425,-0.02173153,-0.03277214,0.01116097,-0.008164793,LOVE
0.08124936,0.05841264,-0.04801637,0.000280939,0.119583,0.03050733,-0.01638472,0.01910263,-0.03274706,-0.02351573,0.008904099,-0.02116174,-0.03295962,0.01157895,-0.008339345,LOVE
0.08006014,0.05108809,-0.05962563,0.002854228,0.1219833,0.01838869,-0.01731288,0.01849616,-0.03543019,-0.02430985,0.009323776,-0.02260345,-0.03476161,0.01516065,-0.008026004,LOVE
0.07522062,0.04711023,-0.069217,0.003208011,0.1229184,0.01031789,-0.01937117,0.01845688,-0.03640726,-0.02611984,0.009468794,-0.0225302,-0.03830887,0.0212346,-0.005024821,LOVE
0.05003629,0.03930879,-0.09356433,0.00587216,0.1225965,-0.002966315,-0.02524908,0.0158042,-0.02954563,-0.02959875,0.009284198,-0.01396,-0.0572087,0.07314548,0.03145149,LOVE
0.03424229,0.04510361,-0.09463027,0.003512688,0.1224068,-0.003828853,-0.03077168,0.01456562,-0.02406064,-0.03168177,0.008738905,-0.008312553,-0.0514978,0.07446805,0.0459891,LOVE
0.03191327,0.04531714,-0.09507823,0.005090803,0.122384,-0.004036665,-0.03071484,0.01446578,-0.02259815,-0.03158179,0.008819342,-0.006957412,-0.04996886,0.07430357,0.0454936,LOVE
0.03024593,0.04512069,-0.09573779,0.004923627,0.1223385,-0.004281133,-0.0308593,0.01402682,-0.0216766,-0.03156627,0.008615732,-0.006081849,-0.0493576,0.07368159,0.04542658,LOVE
0.03480823,0.04508087,-0.0940935,0.005042836,0.1221918,-0.002883881,-0.0305113,0.01212543,-0.02030715,-0.0316484,0.006622881,-0.005398899,-0.0534259,0.05819404,0.02285227,LOVE
0.0283997,0.04337338,-0.09578353,0.005284891,0.1214907,-0.0108918,-0.02946048,0.01175734,-0.02049774,-0.03070172,0.006946266,-0.004695594,-0.04790729,0.07453135,0.03754324,LOVE
0.02566576,0.04391995,-0.09606618,0.00389602,0.1214244,-0.01156542,-0.02968112,0.01172483,-0.02060142,-0.03063018,0.006961286,-0.004449546,-0.04669017,0.07536727,0.04031897,LOVE
0.0247561,0.04399887,-0.09657618,0.0001839623,0.1214337,-0.01143941,-0.02978465,0.01092404,-0.02101123,-0.03049164,0.006153524,-0.004750997,-0.04914312,0.07417113,0.0421139,LOVE
0.01517112,0.04408266,-0.09752589,0.003364086,0.1211642,-0.01491436,-0.03195938,0.01277608,-0.01773256,-0.03140336,0.008051604,-0.001081914,-0.03974171,0.07791629,0.0461286,LOVE
0.02191962,0.05816236,-0.0839906,-0.002418496,0.1219147,0.002627999,-0.03347167,0.0108048,-0.01310083,-0.03156325,0.003842801,0.0008679032,-0.03155584,0.007640034,0.01540649,LOVE
0.02111061,0.05829588,-0.0845961,-0.002569638,0.1219316,0.003409356,-0.03324608,0.01065722,-0.01269907,-0.03142264,0.003846377,0.00120005,-0.03211461,0.01017749,0.0151217,LOVE
0.02235461,0.05798993,-0.08464399,0.003945634,0.1220829,0.003032684,-0.03198875,0.01244721,-0.01287928,-0.03095888,0.006010115,0.001094818,-0.03274051,0.02121526,0.01836613,LOVE
0.005022451,0.05046578,-0.09447412,0.003547199,0.1221514,-0.00985527,-0.03352667,0.01414296,-0.01104522,-0.03032592,0.009221405,0.003852725,-0.03020228,0.07580805,0.06034136,LOVE
0.01103951,0.05663401,-0.08743393,-0.0001917705,0.1224461,0.001488745,-0.03428636,0.01171172,-0.01337585,-0.03028649,0.005910903,0.001286536,-0.02840914,0.006545603,0.01599804,LOVE
0.01529195,0.05544278,-0.08773966,0.009632371,0.1225279,-0.002438962,-0.03280627,0.01330769,-0.01126161,-0.03046177,0.007147759,0.003128558,-0.03041988,0.01864105,0.01898888,LOVE
0.03031018,0.04594716,-0.09328845,0.004907735,0.1223679,-0.00406912,-0.03163425,0.01134962,-0.01839903,-0.03087321,0.006227046,-0.003250778,-0.03346495,0.01844665,0.01241925,LOVE
0.02765112,0.04787141,-0.09190872,0.008759663,0.1218603,-0.005621463,-0.03099333,0.01248756,-0.01812285,-0.0315506,0.007345974,-0.00309366,-0.04045445,0.05465057,0.03160205,LOVE
0.02627233,0.04763752,-0.09219173,0.008622266,0.1215977,-0.007585287,-0.03016825,0.01222286,-0.01902786,-0.03135331,0.007492483,-0.003851593,-0.04383573,0.07212949,0.04208398,LOVE
0.01975479,0.05014083,-0.09194705,0.0006746277,0.1216909,-0.005939662,-0.03024702,0.010869,-0.02014878,-0.03095907,0.0063667,-0.004524916,-0.04887292,0.06894976,0.04618183,LOVE
0.03126247,0.05269873,-0.08769426,0.0002404749,0.121999,0.0002613664,-0.02998315,0.0122366,-0.02358612,-0.03123345,0.007097989,-0.008310646,-0.05760163,0.05283374,0.01970801,LOVE
0.04366723,0.04635277,-0.09049168,0.01041761,0.1224473,0.004634857,-0.02832551,0.01369917,-0.02309489,-0.0308089,0.007704973,-0.008387953,-0.03651014,0.02517498,0.01177853,LOVE
0.04946589,0.0426144,-0.08958063,0.01698127,0.1220392,0.001776963,-0.02592098,0.01322412,-0.02412531,-0.02957832,0.007514626,-0.009166032,-0.0459776,0.04192629,0.004871577,LOVE
0.03935825,0.05034113,-0.08917007,0.003311478,0.1222501,0.003273517,-0.02695335,0.0110746,-0.02444312,-0.02952756,0.005649954,-0.009102911,-0.05881557,0.0655334,0.02906951,LOVE
0.05131705,0.04563794,-0.08644906,0.01130873,0.1226475,0.003203958,-0.02556115,0.01272386,-0.02509853,-0.0295323,0.006897628,-0.0102255,-0.05193954,0.04779691,0.005264491,LOVE
0.05283524,0.04442041,-0.08650266,0.0148305,0.12223,0.003842086,-0.02542362,0.01354709,-0.02482665,-0.02940471,0.007533193,-0.009978592,-0.04699352,0.04335478,0.005402923,LOVE
0.05735177,0.04294363,-0.08500618,0.0093261,0.122526,0.0007379949,-0.02425605,0.01156855,-0.0266583,-0.02877984,0.005511791,-0.01171613,-0.05208047,0.04782793,0.002170384,LOVE
0.05472549,0.0422719,-0.08684523,0.01397782,0.1222396,0.0006504059,-0.02493987,0.01276973,-0.02593195,-0.02905934,0.006779373,-0.01100481,-0.05006948,0.05465078,0.009516031,LOVE
0.054459,0.04195033,-0.08740498,0.01321805,0.1221107,-0.0001226068,-0.02438679,0.01278692,-0.02626663,-0.02893309,0.006850392,-0.01104522,-0.05370337,0.06720111,0.01692834,LOVE
0.05566563,0.04440719,-0.08567956,0.007543899,0.1223386,0.001724243,-0.02407728,0.01173571,-0.02676848,-0.0287491,0.005503595,-0.01169214,-0.05861205,0.06474072,0.01404142,LOVE
0.05677031,0.04239362,-0.08611934,0.01328149,0.1222178,0.002096921,-0.02384741,0.01275143,-0.0265623,-0.02880819,0.006695747,-0.01160488,-0.05507834,0.06593484,0.01346311,LOVE
0.05779796,0.03701617,-0.08960597,0.009689197,0.1217744,-0.004557371,-0.02297106,0.01218724,-0.02797502,-0.02775211,0.006598234,-0.01269919,-0.0546466,0.0759086,0.02516967,LOVE
0.05566369,0.03709239,-0.09077679,0.00925193,0.1217026,-0.004841,-0.02353428,0.0119366,-0.02740157,-0.02794204,0.006487817,-0.01199731,-0.05458111,0.07496554,0.0248051,LOVE
0.05030619,0.04293859,-0.09056363,0.006440386,0.1218669,7.075071E-05,-0.0243251,0.01169097,-0.02617711,-0.02805958,0.00591898,-0.01090899,-0.05719336,0.07026145,0.02725741,LOVE
0.04858686,0.05063587,-0.08597162,0.002398625,0.1222853,0.007430345,-0.02498363,0.01189584,-0.02625805,-0.02863989,0.005363584,-0.01098889,-0.06122658,0.05936649,0.01751566,LOVE
0.06118933,0.03910585,-0.08564132,0.01561522,0.1221157,0.00308612,-0.02394208,0.01255301,-0.02652219,-0.0287649,0.006666571,-0.01196924,-0.05536193,0.06493384,0.007883132,LOVE
0.06235558,0.03655979,-0.08640596,0.01491994,0.1220849,7.840991E-05,-0.02338438,0.01211679,-0.02733687,-0.02849184,0.006551951,-0.01259559,-0.05558418,0.06953895,0.01183197,LOVE
0.05272313,0.03605564,-0.09301782,0.01157314,0.1219663,-0.006794095,-0.02419086,0.01295549,-0.02896264,-0.02820931,0.007187277,-0.01287159,-0.05461176,0.07589215,0.02711412,LOVE
0.05135431,0.03563237,-0.09398349,0.01232974,0.1218894,-0.007481992,-0.02439494,0.01329628,-0.02914062,-0.028178,0.007329196,-0.01285955,-0.05422539,0.07650387,0.02788192,LOVE
0.04962667,0.03426418,-0.0957076,0.01406121,0.1216932,-0.008341551,-0.0251072,0.01419348,-0.02919495,-0.02834921,0.007864863,-0.01253349,-0.05346968,0.0767408,0.02766451,LOVE
0.0531866,0.03663291,-0.09299399,0.01608238,0.1216404,-0.00248149,-0.02456665,0.01647192,-0.02910373,-0.02811532,0.009068906,-0.01269367,-0.05327303,0.0754042,0.02456328,LOVE
0.05716105,0.03778371,-0.09013984,0.01527482,0.1216337,0.0006586909,-0.02369861,0.01609761,-0.02868927,-0.02787832,0.009010464,-0.01299137,-0.05417625,0.07468876,0.02328998,LOVE
0.07127922,0.04290009,-0.07579246,0.01286207,0.1218035,0.009734988,-0.01863104,0.01521277,-0.03082016,-0.02608933,0.008195609,-0.01702037,-0.05777973,0.06816751,0.01011702,LOVE
0.07429349,0.03656726,-0.07678176,0.01835793,0.1215691,0.006133258,-0.0177206,0.01578769,-0.03212062,-0.02535319,0.009472102,-0.01822236,-0.05491161,0.06888944,0.004071593,LOVE
0.07321163,0.03629415,-0.07796088,0.0188703,0.1215688,0.005995512,-0.01822881,0.01612654,-0.03197566,-0.02562207,0.009764791,-0.01794133,-0.05461487,0.0683834,0.003335446,LOVE
0.07365459,0.03413394,-0.0793526,0.01882686,0.1218393,0.004365534,-0.01924866,0.01663703,-0.0322479,-0.02606169,0.009854615,-0.017905,-0.05210204,0.05836153,-0.00865832,LOVE
0.07345999,0.0353315,-0.07949649,0.01612173,0.1221139,0.005496562,-0.01964987,0.01627603,-0.0320321,-0.02636023,0.009160489,-0.01772749,-0.05384345,0.06169108,-0.003575593,LOVE
0.07218735,0.03681082,-0.0796847,0.0155346,0.1219909,0.006217897,-0.01918518,0.0161404,-0.03175926,-0.02613693,0.009097308,-0.01751566,-0.05704436,0.07200181,0.01097444,LOVE
0.07147288,0.03764096,-0.0796483,0.01585728,0.1218469,0.006894827,-0.01894606,0.01628956,-0.0315764,-0.02599902,0.009245098,-0.01733911,-0.05700839,0.07333091,0.01543599,LOVE
0.07139716,0.03842133,-0.07895678,0.01633993,0.1217084,0.007540345,-0.01847268,0.01650125,-0.03154963,-0.02571823,0.009496063,-0.01739031,-0.05691118,0.0745495,0.01880428,LOVE
0.07177003,0.0377284,-0.0786757,0.01726738,0.1216487,0.006501764,-0.01795905,0.01624343,-0.03161421,-0.02533019,0.00960502,-0.01751533,-0.05679052,0.07653257,0.0219954,LOVE
0.07514642,0.03511661,-0.07811007,0.01615211,0.1219584,0.006061167,-0.01945608,0.01576757,-0.03163052,-0.02620523,0.008697003,-0.01749596,-0.04406087,0.03594527,-0.01206806,LOVE
0.07451075,0.03634501,-0.07771635,0.01565541,0.1219476,0.006490499,-0.01936166,0.01538959,-0.03142911,-0.02624133,0.008436501,-0.01733345,-0.04580004,0.04081863,-0.009468943,LOVE
0.07315932,0.04232299,-0.0726608,0.01407881,0.1219384,0.007897496,-0.01689829,0.01497135,-0.03250018,-0.02516351,0.008220136,-0.01865846,-0.05916441,0.07320061,0.01068515,LOVE
0.07278207,0.04714909,-0.0681538,0.01382767,0.1214942,0.01330519,-0.01454238,0.01663798,-0.03348553,-0.02388185,0.009613693,-0.02025959,-0.0611842,0.07581821,0.02088645,LOVE
0.06993823,0.05620819,-0.06067988,0.01302205,0.1206027,0.02227759,-0.01137009,0.01967537,-0.03382817,-0.02138782,0.01189673,-0.02148256,-0.06429419,0.07530022,0.03024369,LOVE
0.07237415,0.05703741,-0.05687293,0.01309747,0.1200782,0.02480656,-0.01002222,0.02064943,-0.0337202,-0.0202055,0.01256615,-0.02185154,-0.06472188,0.07501939,0.03071916,LOVE
0.07782295,0.05695531,-0.04971889,0.01244242,0.1194597,0.02717215,-0.007890809,0.02178097,-0.03370243,-0.01817597,0.01334783,-0.02251923,-0.06521852,0.0748052,0.02947301,LOVE
0.07954341,0.05737823,-0.04667848,0.0114371,0.1193433,0.02788335,-0.007057358,0.02198279,-0.03346968,-0.01755561,0.0135923,-0.02260536,-0.06571406,0.07444063,0.02834284,LOVE
0.07890375,0.05959228,-0.04355469,0.01008237,0.1193735,0.0279187,-0.006059676,0.02205169,-0.03300741,-0.01693517,0.01385421,-0.02255994,-0.06645396,0.07407784,0.02785331,LOVE
0.0781423,0.06191713,-0.04074374,0.008337244,0.1190619,0.02952313,-0.00517036,0.02198905,-0.03253296,-0.01636688,0.01387504,-0.02263111,-0.06761472,0.07319248,0.02763325,LOVE
0.07794975,0.06337655,-0.03961724,0.00655508,0.1185136,0.03219742,-0.005444406,0.02181318,-0.03201628,-0.01661172,0.01372066,-0.0223121,-0.06922483,0.0712747,0.02834105,LOVE
0.07839811,0.06401548,-0.03796116,0.005030781,0.1183305,0.03309429,-0.004975032,0.02181801,-0.0320026,-0.016307,0.01358333,-0.02254719,-0.07059576,0.07049069,0.0276309,LOVE
0.07770725,0.06616503,-0.03623754,0.004650377,0.1166089,0.03871661,-0.005584452,0.02292702,-0.03064582,-0.01684202,0.01442185,-0.02131191,-0.0721254,0.06788087,0.03207576,LOVE
0.0783383,0.06601289,-0.03521377,0.005803311,0.116088,0.04015541,-0.005607637,0.0235475,-0.03021228,-0.01696203,0.01500633,-0.02095434,-0.07147976,0.06789246,0.03300145,LOVE
0.07895897,0.06579432,-0.03403831,0.006588891,0.115726,0.04103822,-0.005272772,0.02381769,-0.02992651,-0.01673408,0.01531506,-0.02083871,-0.07082774,0.06835434,0.03334618,LOVE
0.08042632,0.06440774,-0.03165415,0.008470278,0.1151386,0.04204854,-0.003957801,0.02435973,-0.02972192,-0.0155599,0.01594052,-0.02106297,-0.06816618,0.07062927,0.03366223,LOVE
0.07805277,0.06441942,-0.03559381,0.01076202,0.115504,0.04020631,-0.004980274,0.02439353,-0.02992773,-0.01624022,0.01586878,-0.02069616,-0.06571201,0.07157299,0.03662169,LOVE
0.07467683,0.06524158,-0.04129875,0.01140973,0.1161187,0.03834715,-0.007135298,0.02357993,-0.02973193,-0.01766829,0.01511464,-0.01976597,-0.06428696,0.07098114,0.03983098,LOVE
0.07402188,0.06515634,-0.04307714,0.01167339,0.1163648,0.03777346,-0.007838588,0.02323171,-0.02965426,-0.01812168,0.01482356,-0.01943591,-0.06375201,0.07097015,0.04028046,LOVE
0.07435119,0.06349379,-0.04630625,0.01190116,0.1168411,0.03646243,-0.01000002,0.02239296,-0.02952841,-0.01997828,0.01443008,-0.01870525,-0.06331781,0.07110807,0.0386793,LOVE
0.06558242,0.06610623,-0.0543887,0.01314814,0.1166351,0.03457779,-0.01348217,0.02158463,-0.02773845,-0.02214571,0.0130496,-0.01568046,-0.05811077,0.07002801,0.04875118,LOVE
0.06752887,0.05933876,-0.06284682,0.01507917,0.1183305,0.02679318,-0.01469281,0.01992255,-0.02808338,-0.02242102,0.01199672,-0.01541129,-0.05632231,0.07327232,0.04441619,LOVE
0.05312165,0.06209545,-0.07280388,0.01450166,0.1181506,0.02544671,-0.02036754,0.01931161,-0.02486834,-0.02527081,0.01154956,-0.01164633,-0.05052534,0.07004344,0.05289921,LOVE
0.04449278,0.06357595,-0.07492177,0.0142043,0.1194352,0.019182,-0.02222049,0.01893234,-0.02457941,-0.02608006,0.01111707,-0.01076642,-0.04865047,0.07063359,0.05159292,LOVE
0.03823795,0.06730862,-0.07135384,0.009594277,0.119843,0.01574379,-0.02291771,0.01832551,-0.02489081,-0.02672797,0.01045677,-0.01071426,-0.0504386,0.06860662,0.04617891,LOVE
0.04143857,0.07062027,-0.06735963,0.004994787,0.1186771,0.02327925,-0.02289111,0.01939934,-0.02449092,-0.02667299,0.01080111,-0.01090628,-0.05279792,0.06397775,0.05036768,LOVE
0.04220449,0.0686325,-0.06834579,0.01196559,0.1196432,0.01949713,-0.02285371,0.02131689,-0.02425554,-0.0270264,0.01218981,-0.01052687,-0.04832429,0.06876671,0.0533537,LOVE
0.03885677,0.07017519,-0.0673292,0.01052032,0.1197107,0.01827633,-0.02331921,0.02093044,-0.02378899,-0.0268997,0.01193738,-0.01001143,-0.04829029,0.0680787,0.05364352,LOVE
0.03003765,0.07123832,-0.06615868,0.002788227,0.1207435,0.009871185,-0.02438032,0.01787701,-0.02511731,-0.02688368,0.009661913,-0.01054606,-0.05238222,0.06831673,0.04820624,LOVE
0.03465533,0.07038215,-0.06842268,0.001820836,0.1203418,0.01391783,-0.02461283,0.01824257,-0.02466097,-0.02705758,0.009698361,-0.01029328,-0.05293148,0.06623405,0.05037376,LOVE
0.0454706,0.06733425,-0.0685591,0.007746555,0.1195353,0.0199675,-0.02143186,0.01919863,-0.02481318,-0.02646264,0.01037768,-0.01078758,-0.05236217,0.06822163,0.05064002,LOVE
0.03747044,0.06637092,-0.07449222,0.01131566,0.1201191,0.01658934,-0.02459887,0.01886424,-0.02286041,-0.02815795,0.01042703,-0.008567661,-0.04777775,0.06948414,0.05449107,LOVE
0.03741967,0.06568004,-0.075452,0.01009038,0.1203588,0.0154013,-0.02478532,0.01824814,-0.02305543,-0.02829994,0.01007882,-0.00868839,-0.0491676,0.06942928,0.05296507,LOVE
0.03788313,0.06520106,-0.07557289,0.009161707,0.1204481,0.01437241,-0.02452084,0.01814115,-0.02358043,-0.02785411,0.01010185,-0.009122998,-0.04987258,0.06944227,0.05234629,LOVE
0.03596167,0.06505154,-0.07545325,0.004576515,0.1207927,0.01113847,-0.02478892,0.01684475,-0.0246976,-0.027322,0.009363204,-0.0101248,-0.05158082,0.06938395,0.05018005,LOVE
0.03748996,0.06728598,-0.07205212,0.003317483,0.1201962,0.01539555,-0.02455042,0.01687375,-0.02404219,-0.02731356,0.009339005,-0.009825081,-0.05245029,0.0674786,0.05154398,LOVE
0.04016438,0.06729203,-0.07166648,0.0001100823,0.1196336,0.01803613,-0.02391968,0.01546878,-0.02415049,-0.02713677,0.008235604,-0.01031041,-0.05475606,0.06635359,0.05263361,LOVE
0.05054597,0.06601942,-0.07004264,0.004252534,0.1181865,0.02687654,-0.02112054,0.01652437,-0.02381021,-0.02727094,0.008433968,-0.01036182,-0.05400086,0.06531376,0.05523214,LOVE
0.05179844,0.0639877,-0.07077974,0.00675806,0.1185891,0.02360278,-0.02090784,0.01676342,-0.0238629,-0.02742919,0.008912921,-0.01022762,-0.05267534,0.06780538,0.05353498,LOVE
0.05102719,0.06340802,-0.07150036,0.007549495,0.1187946,0.02145058,-0.02093884,0.01696014,-0.02394432,-0.02737365,0.009192705,-0.01001266,-0.05189443,0.06886423,0.05300006,LOVE
0.05010285,0.06365082,-0.07150704,0.007496022,0.1189795,0.02045798,-0.02104081,0.01702148,-0.02435589,-0.02717695,0.00932613,-0.01030725,-0.05209991,0.06914431,0.05132693,LOVE
0.04549171,0.06473809,-0.07220653,0.005665947,0.1193287,0.01745561,-0.0220174,0.0168294,-0.0243848,-0.02681293,0.009514838,-0.01013118,-0.05133951,0.06851548,0.04883552,LOVE
0.04126048,0.06672356,-0.0708639,-0.002535447,0.1193351,0.01453167,-0.02359871,0.01505417,-0.02418461,-0.02727377,0.008738548,-0.01034808,-0.05351079,0.06755584,0.05183023,LOVE
0.04202708,0.07156625,-0.06568831,-0.006060377,0.1179059,0.02585882,-0.02266879,0.01479813,-0.02363253,-0.02696973,0.007068425,-0.01064685,-0.05774793,0.06214792,0.05524129,LOVE
0.04276227,0.07197553,-0.06530046,-0.004133042,0.1177252,0.02801406,-0.02234373,0.01545393,-0.02326936,-0.02758424,0.00694254,-0.009957969,-0.05688753,0.06166476,0.05648556,LOVE
0.04484597,0.06971839,-0.06869701,0.001666177,0.1183541,0.02776423,-0.02316685,0.01635462,-0.02149913,-0.02862429,0.00791052,-0.008215934,-0.0523106,0.06317416,0.06149581,LOVE
0.04750627,0.06697759,-0.07035238,0.003999975,0.1191168,0.02436697,-0.02305576,0.016482,-0.0216459,-0.02845747,0.008341551,-0.00834462,-0.05159881,0.06533384,0.06079525,LOVE
0.04638789,0.06331977,-0.07291919,0.00264065,0.1199125,0.0140149,-0.02314246,0.01516351,-0.02264076,-0.02699606,0.00843668,-0.009244204,-0.05191536,0.068432,0.05372024,LOVE
0.04532857,0.06404787,-0.07207149,0.0004870556,0.1199564,0.01278487,-0.02326201,0.01511765,-0.02345195,-0.02692182,0.008624196,-0.009947181,-0.05273498,0.06829184,0.05299073,LOVE
0.04236276,0.06474078,-0.07255888,-0.00271365,0.120121,0.01077849,-0.02373907,0.01481953,-0.02417529,-0.02713419,0.008541137,-0.01039267,-0.05341444,0.06789407,0.05379361,LOVE
0.04262007,0.06458786,-0.0730806,-0.004693802,0.1199392,0.01098207,-0.02384576,0.01483092,-0.0245412,-0.02748316,0.00849238,-0.0105651,-0.05358103,0.06726378,0.0552178,LOVE
0.04265482,0.06429201,-0.07331854,-0.005860901,0.1198373,0.01059517,-0.02385648,0.01424021,-0.02490723,-0.02758093,0.008110702,-0.01095036,-0.05358524,0.06769925,0.0552552,LOVE
0.04220604,0.06453907,-0.07234734,-0.005901504,0.119677,0.009573162,-0.02379115,0.01426655,-0.0251503,-0.02742314,0.007999867,-0.01113927,-0.05274425,0.06887373,0.05485618,LOVE
0.04069129,0.05912325,-0.07285875,-0.00530123,0.1194272,-0.01079702,-0.02364274,0.01408216,-0.0272488,-0.02774804,0.006969929,-0.01231989,-0.05130241,0.07770082,0.04305482,LOVE
0.05443862,0.06547374,-0.03986478,-0.006967869,0.1156368,-0.01600951,-0.02435233,0.0309113,-0.0335483,-0.03480314,0.0237084,-0.02555376,-0.05334685,0.06286243,0.002550691,LOVE
0.0541977,0.07138151,-0.03058723,-0.00927072,0.1165895,0.001995265,-0.03362978,0.04091841,-0.03694671,-0.04165411,0.03297728,-0.02720365,-0.04707139,0.03630963,-0.009961843,LOVE
0.05879641,0.07561237,-0.03599489,-0.00235055,0.114463,0.04561746,-0.03695276,0.03318149,-0.03137785,-0.04160902,0.02307105,-0.02135393,-0.03902828,0.01034921,-0.004106641,LOVE
0.06488542,0.07532635,-0.03722674,9.3624E-05,0.1097939,0.0577513,-0.03228404,0.02908513,-0.02672088,-0.03544642,0.01764476,-0.01629287,-0.03541046,0.005166411,-0.001614392,LOVE
0.06972641,0.07383978,-0.03902042,0.001098089,0.1079205,0.06206161,-0.03077064,0.02746356,-0.02569866,-0.03343519,0.01557267,-0.01551944,-0.03445111,0.003778398,-0.001441061,LOVE
0.07450329,0.07028329,-0.04338846,0.004543252,0.1075213,0.06273431,-0.02944002,0.02627385,-0.02377063,-0.03169922,0.01338446,-0.01382834,-0.03534065,0.00516355,-0.001707256,LOVE
0.0735407,0.0674434,-0.04769963,0.004510432,0.1139916,0.04936272,-0.02599182,0.0212931,-0.02534813,-0.02916271,0.009549737,-0.01463366,-0.03455375,0.004556239,-0.003121495,LOVE
0.06361096,0.06003845,-0.06396639,0.008807421,0.1211334,0.02236429,-0.02057637,0.01488283,-0.02976805,-0.02579492,0.006540328,-0.01672959,-0.03361745,0.01190454,-0.002113879,LOVE
0.06281145,0.06016544,-0.06504396,0.009128354,0.1207208,0.0238153,-0.02042271,0.01581666,-0.03021771,-0.02579346,0.007372677,-0.01702535,-0.03423272,0.01460356,-0.0004847646,LOVE
0.06215767,0.06996775,-0.05577302,0.005116723,0.114192,0.04576623,-0.02505714,0.02118894,-0.02722278,-0.02876882,0.01081777,-0.0155353,-0.0343733,0.008618653,-0.0003651381,LOVE
0.07305665,0.06083292,-0.05205569,0.01110587,0.1188504,0.03353074,-0.01957948,0.0178028,-0.02914146,-0.02538112,0.009059846,-0.0177401,-0.03342875,0.008001477,-0.005135357,LOVE
0.0661647,0.06244281,-0.05959612,0.0112024,0.1184694,0.03353128,-0.01937056,0.01871634,-0.02859318,-0.02547061,0.0100832,-0.01585647,-0.03376596,0.01227263,-0.0004764199,LOVE
0.06904355,0.06427956,-0.05359265,0.009291112,0.1167905,0.03909382,-0.01977936,0.01978385,-0.02831987,-0.02557591,0.01044092,-0.01624355,-0.03351045,0.01032612,-0.002059609,LOVE
0.08136149,0.05489933,-0.04945719,0.01116806,0.1189125,0.03200048,-0.01539996,0.01972547,-0.03206295,-0.02309297,0.01069579,-0.02077851,-0.03178757,0.01248521,-0.008154988,LOVE
0.07983852,0.04716295,-0.06105724,0.01443592,0.1213473,0.01836365,-0.01435018,0.02210411,-0.03571862,-0.02294808,0.01347575,-0.02294055,-0.04748105,0.04626584,-0.007466704,LOVE
0.07904576,0.04620966,-0.0633266,0.01349722,0.1217855,0.01560551,-0.01403628,0.02174342,-0.0360305,-0.02280687,0.01339826,-0.02310061,-0.05516461,0.05931285,-0.003407449,LOVE
0.08004302,0.04657549,-0.06215361,0.01217145,0.1217754,0.01611277,-0.01303548,0.02092162,-0.03590494,-0.02212935,0.01290771,-0.02325764,-0.05919559,0.06628871,0.001464278,LOVE
0.08077868,0.04838344,-0.05947915,0.01113383,0.1213675,0.01903164,-0.01209344,0.02115482,-0.03579104,-0.02143901,0.01303586,-0.02330506,-0.06180197,0.07086024,0.007918566,LOVE
0.07753368,0.05210117,-0.05967715,0.01033629,0.12062,0.0232971,-0.01363137,0.02159837,-0.03475881,-0.02219342,0.01314566,-0.02203071,-0.06310268,0.07091787,0.01412854,LOVE
0.07158332,0.06528354,-0.05120838,0.007513359,0.1148578,0.04433244,-0.01962094,0.02679074,-0.03161043,-0.02572458,0.01527685,-0.01973662,-0.03660159,0.01947093,-0.01092499,LOVE
0.08075977,0.05906478,-0.04398966,0.008480273,0.1172057,0.03775227,-0.01463679,0.02379763,-0.03393012,-0.02236117,0.01315001,-0.02296871,-0.03129334,0.011933,-0.008597016,LOVE
0.08129823,0.05632213,-0.04760122,0.009020448,0.119148,0.03116548,-0.01402818,0.02244803,-0.03494465,-0.02212399,0.01240614,-0.02360398,-0.03310697,0.01700738,-0.006201863,LOVE
0.07984534,0.05358052,-0.05413818,0.008341625,0.1212372,0.022535,-0.0143333,0.02086261,-0.03601983,-0.02265376,0.01137403,-0.02394429,-0.04531695,0.03899691,-0.003278494,LOVE
0.07964681,0.05040917,-0.05859312,0.009179972,0.1220973,0.017281,-0.01407641,0.0203599,-0.03631732,-0.02284896,0.01146713,-0.02400798,-0.05891267,0.06126538,0.004885674,LOVE
0.08005284,0.04822898,-0.0609183,0.008959509,0.1226115,0.01374355,-0.0136796,0.02002588,-0.03639761,-0.02289492,0.01158881,-0.02412108,-0.06636749,0.07239565,0.0166938,LOVE
0.08158326,0.05437756,-0.05328375,0.003328651,0.1214525,0.02276063,-0.01209372,0.02238977,-0.03543171,-0.02202262,0.01304281,-0.02444133,-0.06831396,0.06560615,0.007408768,LOVE
0.08381124,0.06073931,-0.04017484,0.001741126,0.1168494,0.0393483,-0.01012646,0.02653417,-0.03318515,-0.02039342,0.0160256,-0.02393046,-0.06866948,0.0662086,0.01085672,LOVE
0.08086566,0.06159964,-0.04349813,0.002803981,0.1171724,0.03781128,-0.01026539,0.02425328,-0.03282154,-0.02021294,0.01466352,-0.02330923,-0.06926425,0.06708097,0.01636118,LOVE
0.08607422,0.05148339,-0.04971099,0.0075626,0.1207604,0.0241785,-0.009309232,0.02051339,-0.03444105,-0.01986107,0.01279628,-0.02437419,-0.06981951,0.07277775,0.02433413,LOVE
0.08583515,0.04990819,-0.05193835,0.008061163,0.1215709,0.0200524,-0.00920029,0.01975295,-0.03483933,-0.01987194,0.01226312,-0.02458844,-0.06928887,0.07379332,0.02227864,LOVE
0.08411855,0.04911664,-0.0557369,0.007509753,0.122349,0.01513073,-0.009857662,0.01886472,-0.03483561,-0.02034064,0.01129588,-0.02407759,-0.06832924,0.07418385,0.01887038,LOVE
0.08460746,0.04933766,-0.05491021,0.006969705,0.1223682,0.01502967,-0.009601347,0.01923844,-0.03484863,-0.02018257,0.01150084,-0.02418804,-0.06839886,0.0739865,0.01752451,LOVE
0.0844532,0.05041862,-0.05396479,0.005556911,0.1223529,0.0153932,-0.009563595,0.01969507,-0.03499883,-0.02019969,0.01172176,-0.02441224,-0.06924962,0.07335201,0.01740253,LOVE
0.08326348,0.05651858,-0.0466637,0.006023861,0.1195972,0.02839935,-0.008388601,0.02330112,-0.03368348,-0.01899239,0.0141952,-0.02373564,-0.06966146,0.07212701,0.02649385,LOVE
0.08148628,0.05607894,-0.04880241,0.005909272,0.120974,0.0221636,-0.008496247,0.02139509,-0.03389612,-0.01884484,0.01255143,-0.02340388,-0.06888282,0.07357922,0.02310732,LOVE
0.08159915,0.0573363,-0.04639202,0.002304889,0.1216716,0.01894456,-0.008136492,0.02105343,-0.03474548,-0.01846126,0.01183164,-0.02422109,-0.06989422,0.0727326,0.01508158,LOVE
0.08535279,0.06413624,-0.02464944,-0.007609643,0.1173022,0.03385901,-0.003662094,0.02688625,-0.03359237,-0.01451963,0.01444483,-0.02515918,-0.07777108,0.06540209,0.01808113,LOVE
0.0859839,0.06506455,-0.01780149,-0.008463781,0.1155311,0.03859571,-0.00211532,0.02936119,-0.0327436,-0.01338478,0.01662841,-0.02528778,-0.0798094,0.0638653,0.0213314,LOVE
0.09272643,0.05663383,0.005567729,-0.004167909,0.114162,0.04433298,0.008279225,0.02809331,-0.03001261,-0.005741909,0.02038968,-0.0270105,-0.07196675,0.07361862,0.006314039,LOVE
0.09583991,0.04364556,0.03234285,-0.008968372,0.1100775,0.04892641,0.0152261,0.02974731,-0.02960947,0.0008419119,0.02385566,-0.02895293,-0.06308576,0.07682645,0.001101911,LOVE
0.09520846,0.04627162,0.03005233,-0.009539092,0.1115123,0.04566717,0.01480004,0.02771634,-0.0295527,0.0001485068,0.02149063,-0.02815717,-0.06230978,0.07665852,-0.002700239,LOVE
0.09533076,0.04800639,0.02713472,-0.00969615,0.1128298,0.04273432,0.01416561,0.02570081,-0.02939576,-0.0004834291,0.01957265,-0.02780467,-0.06201665,0.07622573,-0.005685598,LOVE
0.09458114,0.04712406,0.0315142,-0.01324077,0.1107491,0.04781404,0.01363633,0.02740318,-0.02712616,-0.000609722,0.01962936,-0.02657622,-0.06537073,0.07479948,-0.002926856,LOVE
0.09393541,0.04082257,0.0409871,-0.01557606,0.1050687,0.05830136,0.0146083,0.03183019,-0.02505001,0.000132937,0.02355611,-0.02584741,-0.06667302,0.07442492,0.005704045,LOVE
0.09447698,0.05490273,-0.005802929,0.0003268942,0.1174817,0.03488982,0.006386511,0.02210274,-0.0333125,-0.007153053,0.01790079,-0.02955121,-0.06327577,0.07572883,-0.00273937,LOVE
0.08225641,0.06016195,-0.04199305,-0.00381957,0.1216193,0.02070254,-0.006854333,0.02017918,-0.03506535,-0.01770838,0.01160306,-0.02566946,-0.07645012,0.06770459,0.0136748,LOVE
0.08411942,0.06231403,-0.03465837,0.002061188,0.1163901,0.03987235,-0.00515154,0.02744511,-0.03289956,-0.01668056,0.01718292,-0.0244478,-0.07388166,0.0680795,0.02654123,LOVE
0.06676419,0.04796982,-0.07615191,0.01093095,0.1215745,0.01380935,-0.01948426,0.01691535,-0.02927423,-0.02587261,0.009935439,-0.01522881,-0.05835469,0.0737713,0.03136486,LOVE
0.05597002,0.05256829,-0.08120802,0.009110957,0.1206249,0.01620904,-0.02196798,0.01566872,-0.02650782,-0.02700444,0.008760303,-0.01198027,-0.0565787,0.0692904,0.03405103,LOVE
0.05155154,0.06606269,-0.07038316,0.003378361,0.1174602,0.03107873,-0.02223185,0.01814792,-0.02511626,-0.02696297,0.009954542,-0.01154572,-0.06073771,0.06371525,0.0384869,LOVE
0.05174022,0.06898022,-0.06543648,0.01118866,0.1156127,0.03764123,-0.02097484,0.02046335,-0.02366245,-0.02619939,0.01161897,-0.01048312,-0.05521,0.06506318,0.05202472,LOVE
0.0481009,0.06483787,-0.07362446,0.01671021,0.1171699,0.03143147,-0.02101643,0.02009651,-0.02396271,-0.02640707,0.01185787,-0.01009181,-0.04952488,0.0693067,0.05647859,LOVE
0.04172356,0.05567256,-0.08557898,0.02111167,0.1194381,0.01756099,-0.02254248,0.01822782,-0.02379471,-0.02706295,0.01139149,-0.009034425,-0.04430195,0.07541022,0.0524427,LOVE
0.03472532,0.05332357,-0.09052718,0.01697622,0.1207574,0.01101151,-0.02480888,0.01684022,-0.02260193,-0.02833292,0.01043981,-0.007339865,-0.04448553,0.07410139,0.05070394,LOVE
0.03340899,0.05475751,-0.09017059,0.01443015,0.1209627,0.01243246,-0.02589113,0.01675481,-0.02213886,-0.02885686,0.0100553,-0.007045895,-0.04646624,0.07145259,0.0508692,LOVE
0.03637648,0.06061161,-0.08259729,0.01396932,0.1202264,0.02002311,-0.02799571,0.01832941,-0.02204067,-0.03025909,0.01048189,-0.007286191,-0.05282244,0.06489572,0.03927565,LOVE
0.04538291,0.05697861,-0.0801737,0.01739883,0.1203225,0.0185239,-0.02772905,0.01743263,-0.02163967,-0.03075141,0.009575248,-0.007497251,-0.03995003,0.03077355,0.01106504,LOVE
0.01527768,0.05810037,-0.08701643,0.01125789,0.121272,0.006274283,-0.03226151,0.01455039,-0.01577902,-0.03022321,0.008711308,-0.001079679,-0.03404911,0.02041146,0.01517063,LOVE
0.01553507,0.05995303,-0.08467755,0.009320349,0.121304,0.007962167,-0.03298605,0.01414582,-0.01493847,-0.03035221,0.007687151,-0.0004213452,-0.03055514,0.01097459,0.01485753,LOVE
0.01644057,0.06039792,-0.08381119,0.008536048,0.1214283,0.008391976,-0.03339525,0.01365206,-0.01407263,-0.03070069,0.006719768,0.0002880991,-0.03009923,0.006738722,0.01576158,LOVE
0.006698549,0.06242985,-0.07948059,0.0103194,0.1222783,0.001691699,-0.03384627,0.01327962,-0.009647608,-0.03076951,0.006946415,0.00499025,-0.02714704,0.01202765,0.02001989,LOVE
0.005135648,0.07098818,-0.06275314,0.00790491,0.1218446,0.005871385,-0.03401434,0.01442552,-0.01184523,-0.03044786,0.006994098,0.003096849,-0.02729725,0.007315964,0.01810417,LOVE
0.001496501,0.07391044,-0.05633178,0.005114026,0.1216527,0.008788198,-0.03456696,0.01443842,-0.01181382,-0.03034029,0.006558985,0.002888441,-0.02679305,0.005505204,0.01809195,LOVE
-0.004839934,0.07697296,-0.04988605,-4.693121E-05,0.1214681,0.01418331,-0.036024,0.01362675,-0.008310258,-0.03025806,0.004934996,0.005257487,-0.02571629,0.001949906,0.02054554,LOVE
-0.007199876,0.07792938,-0.04530725,0.00355117,0.122317,0.01224178,-0.03593554,0.01492473,-0.005551964,-0.02991989,0.005754441,0.007872313,-0.02513884,0.001811802,0.02393308,LOVE
-0.006027907,0.07941395,-0.03819636,0.007247135,0.1223306,0.0129385,-0.03544738,0.01676556,-0.005325019,-0.02968398,0.007137597,0.008466959,-0.02471149,0.002687693,0.02463841,LOVE
-0.009839486,0.07958093,-0.03870034,0.01873882,0.1229621,0.006054014,-0.0352644,0.01754057,-0.0001873374,-0.02873488,0.008792549,0.01366323,-0.02180612,0.005867839,0.0285674,LOVE
-0.02685703,0.06312117,0.01312876,0.01642996,0.1230049,0.003602117,-0.03563743,0.0160602,0.006162643,-0.02641885,0.007003307,0.0179289,-0.01765948,0.005198479,0.03167892,LOVE
-0.02872574,0.06164244,0.01617885,0.01617241,0.1225433,0.005889446,-0.03607034,0.01615322,0.004615217,-0.02679421,0.006834894,0.01689509,-0.01820272,0.00538969,0.02991354,LOVE
-0.01300524,0.07747436,-0.03189006,0.0166559,0.1209823,0.01411027,-0.03482672,0.01596498,-0.005632639,-0.02870316,0.007733166,0.007227331,-0.02370969,0.005572498,0.02268863,LOVE
-0.01080186,0.07569855,-0.05131951,0.01977854,0.1218939,0.004255772,-0.03497827,0.01713327,-0.003493875,-0.02896916,0.00876981,0.01035401,-0.0232865,0.007696241,0.02545938,LOVE
-0.003389392,0.06858939,-0.06612998,0.009962022,0.1229332,0.006346822,-0.03651782,0.01537445,-0.00562045,-0.03017767,0.007462651,0.00813961,-0.02355144,0.007514238,0.02430356,LOVE
0.01903348,0.06716621,-0.07725361,0.01649858,0.1207644,0.01777264,-0.03219081,0.01563609,-0.01128623,-0.03050077,0.006914914,0.003060758,-0.03036219,0.006979138,0.01877347,LOVE
0.01292746,0.06717981,-0.07851775,0.01767211,0.1212166,0.0143187,-0.03240073,0.01557183,-0.008177161,-0.02993289,0.007590592,0.005175173,-0.02865209,0.01004365,0.0215185,LOVE
0.01043475,0.06048186,-0.08675465,0.01513606,0.1223549,0.006752074,-0.03284115,0.01486683,-0.007346511,-0.02957482,0.007577777,0.006303608,-0.02782556,0.01315397,0.02193469,LOVE
0.008367497,0.06431335,-0.08151704,0.00789227,0.1224296,0.0110099,-0.03439943,0.01374432,-0.008037508,-0.03012292,0.00676021,0.005509317,-0.02856999,0.01188323,0.02190655,LOVE
0.001777936,0.07288545,-0.07105675,0.003056597,0.12074,0.02223223,-0.03514856,0.01333392,-0.008297265,-0.03026002,0.005776793,0.005066067,-0.0274622,0.006525159,0.02114829,LOVE
-0.001416273,0.07477391,-0.06911424,0.003637068,0.1198319,0.02607626,-0.03561921,0.01314795,-0.00685209,-0.03015535,0.005040348,0.005971938,-0.02657779,0.004069835,0.02144426,LOVE
0.001682382,0.07520404,-0.06773537,0.004880879,0.1198187,0.02584469,-0.03502319,0.01359186,-0.008665502,-0.03012105,0.005060405,0.004236162,-0.02761846,0.002903759,0.02024817,LOVE
0.001746915,0.07775885,-0.06201947,0.01123145,0.1200863,0.02482599,-0.03410386,0.01525185,-0.008311689,-0.02999004,0.005647331,0.005249411,-0.02761305,0.003024518,0.02162793,LOVE
0.05616519,0.05090505,-0.07612084,0.0232451,0.1204574,0.007569641,-0.02343346,0.01597211,-0.02505422,-0.02774685,0.008839041,-0.01095861,-0.03419062,0.02424812,0.004437804,LOVE
0.06780485,0.05618623,-0.06288522,0.0249103,0.116944,0.02993685,-0.01317434,0.02130699,-0.03007764,-0.02259518,0.01360413,-0.01733068,-0.05303809,0.0775218,0.04421818,LOVE
0.07081486,0.05184129,-0.06496269,0.02583164,0.1178445,0.02575558,-0.01204542,0.02192673,-0.03116643,-0.02111504,0.01428077,-0.01836759,-0.05189329,0.07932344,0.04554871,LOVE
0.07404488,0.04325253,-0.07155108,0.02311596,0.1201268,0.01515824,-0.0136524,0.02119738,-0.03202397,-0.02200131,0.01389763,-0.01842231,-0.05336135,0.08117917,0.03240281,LOVE
0.06972346,0.05428609,-0.06321985,0.02323646,0.1181143,0.02730781,-0.01487698,0.02050999,-0.02993172,-0.02377876,0.01275977,-0.01708019,-0.05362393,0.07635593,0.02728805,LOVE
0.05951051,0.04601398,-0.08090301,0.02419273,0.1200621,0.01040661,-0.01842196,0.01816523,-0.02871916,-0.02437863,0.01167914,-0.01388252,-0.04682006,0.0809322,0.03888074,LOVE
0.05141288,0.04239942,-0.0891231,0.01521805,0.1213678,-0.0003983676,-0.0232686,0.01373902,-0.02619824,-0.02747776,0.008138955,-0.01042649,-0.05096165,0.07205561,0.02577123,LOVE
0.04948745,0.04350507,-0.08899947,0.01360973,0.1215698,-5.277991E-05,-0.02399997,0.01298228,-0.025846,-0.02794717,0.007559031,-0.009890109,-0.05241962,0.0682044,0.02260184,LOVE
0.03789485,0.05252331,-0.08467245,0.009301588,0.1220688,0.002398312,-0.02771969,0.01296818,-0.02546936,-0.02994987,0.007749021,-0.009581208,-0.05114979,0.04704097,0.01203269,LOVE
0.0454673,0.05326232,-0.07858357,0.01361918,0.1217664,0.005772531,-0.02721711,0.01488963,-0.02696216,-0.03006393,0.009743154,-0.01108867,-0.03484281,0.01871076,0.004806817,LOVE
0.04908942,0.05513784,-0.07310623,0.01596281,0.1216502,0.007932246,-0.02857298,0.01679704,-0.02725488,-0.03151398,0.01079276,-0.01215643,-0.03396152,0.01141399,0.0042409,LOVE
0.0508757,0.05383641,-0.07247028,0.01383454,0.122268,0.004290879,-0.02988721,0.01635459,-0.02839601,-0.03304316,0.01039228,-0.01363242,-0.03614388,0.01094064,0.00233233,LOVE
0.05202437,0.05316308,-0.07233116,0.01397917,0.1223638,0.003850609,-0.03019334,0.0167042,-0.02850482,-0.03352041,0.01028475,-0.01402396,-0.03672799,0.01098242,0.001580864,LOVE
0.0529797,0.05279562,-0.07244107,0.01480131,0.1222622,0.005150586,-0.03056684,0.0176506,-0.02816573,-0.03392611,0.01055393,-0.01398069,-0.03685495,0.01123267,0.001440406,LOVE
0.05324415,0.05268648,-0.07311365,0.01612519,0.1221581,0.006573051,-0.03101228,0.01860598,-0.02808207,-0.03420346,0.01075128,-0.01388156,-0.03689499,0.01128107,0.001410306,LOVE
0.05003042,0.04955038,-0.08003411,0.01831252,0.1222585,0.003240019,-0.03010361,0.01742497,-0.0267784,-0.03231522,0.009480715,-0.01236695,-0.03356823,0.01325914,0.004619658,LOVE
0.04868279,0.04483286,-0.08505148,0.01697319,0.1225203,-0.003302336,-0.02825691,0.0150511,-0.02749979,-0.03108151,0.00815466,-0.0123387,-0.03369297,0.01579231,0.004173696,LOVE
0.03925794,0.03631085,-0.09379342,0.01319402,0.1218103,-0.01754352,-0.02925211,0.01027206,-0.02750614,-0.0312964,0.005946875,-0.01091188,-0.03521441,0.02211553,0.005297571,LOVE
0.03447543,0.03309897,-0.0960103,0.01020043,0.1207601,-0.02481747,-0.03034214,0.008814275,-0.02865019,-0.03171198,0.005530596,-0.01145121,-0.03681068,0.02800965,0.006760567,LOVE
0.02207888,0.02874899,-0.09830844,0.003794618,0.1176652,-0.0373553,-0.03257126,0.007567078,-0.03129649,-0.03313623,0.005640417,-0.01279724,-0.05586198,0.05765402,0.00421074,LOVE
-0.003595971,0.03762096,-0.09503204,0.004675567,0.1193395,-0.02754861,-0.03349357,0.005046129,-0.01666611,-0.03042548,0.004851013,6.353855E-05,-0.039837,0.01237419,0.00942114,LOVE
0.003072225,0.03797752,-0.09433705,0.003954113,0.1193524,-0.02910259,-0.03358658,0.005006969,-0.01955491,-0.03179319,0.003472239,-0.002839983,-0.04269839,0.01678184,0.003640354,LOVE
0.01026472,0.03094402,-0.09841326,0.0001326427,0.1176702,-0.0356833,-0.0339628,0.005667865,-0.025094,-0.03367421,0.003798574,-0.00787881,-0.04997359,0.08489379,0.02541205,LOVE
0.01235261,0.04509404,-0.0906339,0.005843222,0.1214942,-0.01787877,-0.0326754,0.009094983,-0.02428675,-0.0329169,0.006476313,-0.006216794,-0.03424695,0.01311433,0.008985907,LOVE
0.02217682,0.04464012,-0.08922109,0.006139681,0.1212953,-0.02321404,-0.03116518,0.01354191,-0.03120303,-0.03356875,0.008974999,-0.01373541,-0.05632465,0.07575944,0.02260625,LOVE
0.02188194,0.04344186,-0.09078848,0.007701002,0.121219,-0.02403355,-0.03189801,0.01561061,-0.03160569,-0.03349371,0.01050445,-0.01358667,-0.05174172,0.08198795,0.03400004,LOVE
0.02591837,0.03479323,-0.09862775,0.0142577,0.1204208,-0.02465501,-0.03136336,0.01659516,-0.02879304,-0.03167471,0.01095235,-0.0106909,-0.04804225,0.08287284,0.03534472,LOVE
0.02667078,0.0331246,-0.1000842,0.01531727,0.1201636,-0.02355602,-0.03074162,0.01432198,-0.026187,-0.03111704,0.009297132,-0.009083748,-0.0450999,0.08369327,0.03696209,LOVE
0.0251472,0.03514348,-0.1006909,0.01627491,0.1205974,-0.01800802,-0.03053154,0.01410276,-0.02319047,-0.03061715,0.008998126,-0.006711394,-0.04020894,0.08362019,0.04279757,LOVE
0.02464128,0.03984174,-0.09827065,0.008404419,0.1213021,-0.01131633,-0.02907386,0.01123118,-0.02245677,-0.02991311,0.00701493,-0.005838215,-0.04195781,0.08135259,0.04665941,LOVE
0.01808053,0.04786232,-0.09324151,0.004483633,0.1218646,-0.004149258,-0.0298836,0.01046833,-0.02130842,-0.03004096,0.00645563,-0.005191892,-0.04224093,0.07816559,0.05254439,LOVE
0.01930211,0.0644576,-0.08143267,0.007861368,0.1206577,0.01949823,-0.03079863,0.01450494,-0.0181163,-0.03007866,0.00673303,-0.002497494,-0.05373963,0.05395725,0.02857006,LOVE
0.01987338,0.06473348,-0.08124709,0.007365137,0.120671,0.01998618,-0.03087446,0.01436743,-0.018222,-0.03024768,0.006231517,-0.002335608,-0.05422192,0.05115926,0.02449751,LOVE
0.0199862,0.06447789,-0.0814819,0.006871395,0.1208531,0.01934716,-0.03112449,0.0143559,-0.01844183,-0.03049035,0.005731612,-0.002161562,-0.05431401,0.0489136,0.02110526,LOVE
0.0194142,0.06366014,-0.08229166,0.006615274,0.1212074,0.01749128,-0.03125922,0.01447517,-0.0185588,-0.03068496,0.00534755,-0.001992196,-0.05421927,0.04766119,0.01848155,LOVE
0.0123203,0.06451759,-0.08227891,0.006643169,0.1217912,0.0151611,-0.03231727,0.01351029,-0.01589981,-0.03117589,0.004921347,0.0004452765,-0.05293422,0.04536021,0.01878354,LOVE
0.009924073,0.06550983,-0.08144838,0.005560484,0.1220256,0.01517105,-0.03248537,0.01310053,-0.01518536,-0.03100425,0.004678011,0.001254767,-0.05137777,0.04069337,0.01919526,LOVE
-0.003734961,0.06967407,-0.07831812,-0.0006342269,0.1212145,0.02096209,-0.03531399,0.01101878,-0.006542742,-0.02975407,0.002791017,0.007800281,-0.03090891,0.01646602,0.02884769,LOVE
0.00373121,0.07548049,-0.0745514,-0.0005524792,0.1180421,0.03462017,-0.03575807,0.01173487,-0.004076481,-0.02958347,0.002206415,0.008469433,-0.02714006,-0.002355725,0.02270871,LOVE
0.009955272,0.07505414,-0.07677671,-0.0008025467,0.1177804,0.03705278,-0.03623418,0.01157522,-0.003329217,-0.03007368,0.001712739,0.008464932,-0.02573618,-0.003952324,0.02366748,LOVE
0.005609646,0.07559842,-0.07856205,0.000202693,0.1178519,0.0381788,-0.0366568,0.01095212,-0.00101319,-0.03002151,0.0007686615,0.009964287,-0.02521654,-0.00502032,0.02465847,LOVE
-0.01930171,0.07465166,-0.07919744,-0.001977596,0.1164139,0.04104793,-0.03709062,0.008385628,0.006846189,-0.0276188,-0.001434565,0.01599568,-0.02013189,-0.00663504,0.02933508,LOVE
-0.04681167,0.05836165,-0.08257875,-0.007886667,0.1209845,0.02390215,-0.03586413,0.006696135,0.01475132,-0.02311464,-0.00107336,0.02231318,-0.01172632,-0.003293186,0.03403407,LOVE
-0.04835277,0.05741367,-0.0820283,-0.01198618,0.1203293,0.02408203,-0.03595725,0.006906927,0.01522556,-0.02310618,-0.001749247,0.0223383,-0.01180073,-0.003640443,0.03396621,LOVE
-0.04189308,0.07160482,-0.07095987,-0.01107435,0.1135029,0.04382414,-0.03637086,0.005621344,0.01575592,-0.02352217,-0.005601853,0.02065772,-0.01315306,-0.0085527,0.03191948,LOVE
-0.04284781,0.07164198,-0.07092163,-0.009765014,0.1143648,0.04319075,-0.03665572,0.004531175,0.0159435,-0.02339096,-0.005930692,0.02099136,-0.01298027,-0.009035856,0.03255758,LOVE
-0.04833499,0.06336978,-0.07828882,-0.005845927,0.1194738,0.03080615,-0.0355863,0.006853998,0.01684871,-0.02269457,-0.003169298,0.02254173,-0.01179526,-0.005917788,0.03380504,LOVE
-0.03821614,0.06562668,-0.08023325,0.002897322,0.1209665,0.02531749,-0.03487107,0.01043332,0.01401189,-0.0236355,0.0007576346,0.02161911,-0.0137092,-0.002842277,0.03356716,LOVE
-0.01008686,0.06524909,-0.08591604,0.002666816,0.1213775,0.02130702,-0.03645328,0.01215169,0.002953231,-0.02845922,0.002719551,0.01393062,-0.02273647,-0.0001552403,0.02852145,LOVE
0.01310279,0.06283885,-0.08447206,0.00459829,0.1217527,0.01534972,-0.03470762,0.01383144,-0.007880628,-0.03067803,0.005554557,0.005814135,-0.02862645,0.004386187,0.02233857,LOVE
0.01837262,0.06425929,-0.07600206,0.00749471,0.1223609,0.007106423,-0.03121679,0.01447925,-0.01654029,-0.03123357,0.007522732,0.0006329715,-0.03159497,0.008926213,0.01696914,LOVE
0.008710839,0.06268254,-0.07762632,0.01009931,0.1226161,-3.638864E-05,-0.03151237,0.01461273,-0.01678213,-0.0315278,0.00897029,0.0003964007,-0.03178576,0.01936239,0.01655158,LOVE
0.005440295,0.06156561,-0.08012769,0.008635364,0.1228635,-0.0005972385,-0.0326476,0.01425216,-0.01529467,-0.03177028,0.008576781,0.001776129,-0.03118414,0.0195815,0.01824927,LOVE
-0.01201729,0.06332201,-0.08671275,0.00441131,0.1185907,0.02538401,-0.03614702,0.01410615,-0.002567977,-0.02886845,0.005818456,0.01192555,-0.02255357,0.005478293,0.02654913,LOVE
-0.0139443,0.07473522,-0.08249456,0.00730738,0.112652,0.04709542,-0.03774724,0.01206326,0.005031824,-0.02841236,0.001156986,0.0128994,-0.02164828,-0.007064283,0.02677488,LOVE
-0.0287879,0.08396107,-0.05985433,0.00946711,0.1138789,0.04689288,-0.03883986,0.01028171,0.01414508,-0.02693844,-0.001635402,0.01995951,-0.01762899,-0.007799178,0.03161234,LOVE
-0.03026383,0.08450043,-0.06116533,0.009656876,0.1099187,0.05313796,-0.03872027,0.009745657,0.01584226,-0.02679969,-0.002613246,0.02053106,-0.0175629,-0.008546233,0.03170741,LOVE
-0.02747817,0.08384165,-0.06421348,0.01005953,0.1105948,0.05211365,-0.0387008,0.01019704,0.01461029,-0.02739125,-0.002140582,0.01985586,-0.0186247,-0.008171201,0.03123659,LOVE
-0.02830596,0.07836378,-0.07226291,0.01275352,0.1151761,0.04279855,-0.03729083,0.01086164,0.01437071,-0.02661417,-0.000844717,0.02049306,-0.01790099,-0.006424725,0.03195819,LOVE
-0.02159061,0.07540667,-0.07841715,0.01241771,0.1163424,0.03870335,-0.03690059,0.01245534,0.01089796,-0.02725206,0.0004245043,0.01835331,-0.01967821,-0.005073786,0.03046367,LOVE
-0.0214256,0.07414415,-0.08015555,0.009665512,0.1165609,0.03790876,-0.03689488,0.0125218,0.009012312,-0.02750377,0.0002420545,0.01751226,-0.02020316,-0.005216599,0.02973732,LOVE
-0.02234977,0.07426822,-0.07987735,0.009261549,0.1165426,0.03821522,-0.0370582,0.0123153,0.009222835,-0.02747672,2.756715E-05,0.01770705,-0.02003579,-0.005436748,0.02985722,LOVE
-0.02209793,0.07869667,-0.07518625,0.01283523,0.1142806,0.04409087,-0.03755877,0.01272574,0.01015291,-0.02777193,-0.0003863573,0.01830834,-0.02013339,-0.006449819,0.03004897,LOVE
-0.02178764,0.07970163,-0.07354802,0.01346429,0.1139905,0.04478842,-0.03761451,0.01289105,0.01035708,-0.02774746,-0.0003166795,0.01845914,-0.02006394,-0.006409705,0.03022248,LOVE
-0.01813557,0.0815241,-0.07109746,0.0135159,0.1133766,0.04626885,-0.03795135,0.01359943,0.009557575,-0.02831949,0.0002486408,0.01773933,-0.02101972,-0.006164283,0.02988091,LOVE
-0.01663401,0.081213,-0.07179245,0.01389547,0.1136454,0.04547998,-0.03785011,0.01406848,0.009267181,-0.02840918,0.0008607507,0.01744971,-0.02124304,-0.005692184,0.02985391,LOVE
-0.01520526,0.08162135,-0.07194921,0.01624469,0.113087,0.04591647,-0.03746964,0.01474452,0.009541541,-0.02836784,0.001509309,0.01747796,-0.02123887,-0.005315006,0.02984849,LOVE
-0.003066666,0.08339354,-0.07183397,0.01697494,0.110231,0.05132747,-0.0373827,0.01625144,0.006470561,-0.02999606,0.002756417,0.01436239,-0.02414703,-0.004568398,0.02684754,LOVE
0.01686572,0.08224735,-0.07066894,0.01820356,0.1090946,0.05338484,-0.03612945,0.01831815,-0.000750035,-0.03182589,0.005676955,0.007954478,-0.02862178,-0.001621366,0.02179855,LOVE
0.04930149,0.05968645,-0.07090926,0.02107568,0.1203028,0.01672238,-0.02299111,0.02387589,-0.03038955,-0.02810846,0.01657695,-0.0153684,-0.05391542,0.06484115,0.02437556,LOVE
0.0499446,0.05865955,-0.07078865,0.02274444,0.1202145,0.01578611,-0.02053983,0.0244652,-0.03251472,-0.02703778,0.01761368,-0.0176115,-0.05561663,0.07454306,0.03747174,LOVE
0.04935561,0.05805537,-0.07215688,0.02419521,0.1200477,0.01635107,-0.01961508,0.02545971,-0.0333797,-0.02667924,0.01863942,-0.01865005,-0.05495143,0.07648307,0.04478168,LOVE
0.05513726,0.05306575,-0.07631311,0.02597852,0.1194425,0.01826224,-0.01877741,0.02864379,-0.03403941,-0.02640411,0.02067608,-0.01954558,-0.05490204,0.07693285,0.04713854,LOVE
0.05699218,0.05143806,-0.07695845,0.02549017,0.1195998,0.01728019,-0.01836822,0.02841204,-0.03407207,-0.02606174,0.0203253,-0.01961806,-0.05540099,0.07758725,0.04436812,LOVE
0.0604485,0.04869467,-0.077371,0.0236403,0.1201274,0.0151493,-0.01742411,0.02571845,-0.03373936,-0.02517828,0.01788068,-0.01948416,-0.05559534,0.07875857,0.03753182,LOVE
0.06409206,0.04709539,-0.07611567,0.02133512,0.1207641,0.01366666,-0.0168038,0.02236006,-0.03343651,-0.02449153,0.01461285,-0.0194,-0.05662475,0.07917798,0.03053856,LOVE
0.06646085,0.0491147,-0.07122767,0.01920509,0.121168,0.01450372,-0.01612442,0.02109888,-0.03406858,-0.02446091,0.01317716,-0.02038425,-0.05903587,0.07896551,0.03266197,LOVE
0.06800772,0.04955965,-0.06918129,0.01955191,0.1209356,0.0161719,-0.01543343,0.02106023,-0.03400552,-0.02415367,0.01336285,-0.02069026,-0.05922816,0.07886568,0.03232294,LOVE
0.07136258,0.05158582,-0.0634535,0.01956618,0.1203723,0.02051085,-0.01335514,0.0220384,-0.03413436,-0.02298377,0.01426828,-0.02173758,-0.06020321,0.07839134,0.02883819,LOVE
0.07268932,0.05172271,-0.06203839,0.01917599,0.1204136,0.02126583,-0.01309332,0.02312204,-0.03453633,-0.02277356,0.01486012,-0.02219778,-0.06035795,0.07820046,0.02749711,LOVE
0.07291714,0.04994342,-0.06314749,0.01867037,0.1214783,0.01626742,-0.0128746,0.02310658,-0.03618026,-0.02250411,0.01490876,-0.02353138,-0.06071081,0.07936484,0.02499568,LOVE
0.06249817,0.05027717,-0.07338396,0.01737374,0.1220535,0.01063037,-0.01700827,0.02039668,-0.03382617,-0.02531815,0.01332638,-0.02003497,-0.05906679,0.0782932,0.03044832,LOVE
0.06350271,0.0511609,-0.07182953,0.01755941,0.1216939,0.01299143,-0.01653559,0.01966047,-0.03309104,-0.024983,0.0128223,-0.01954982,-0.05922721,0.07751355,0.02926329,LOVE
0.06327562,0.05222806,-0.07084575,0.01735989,0.1214859,0.0145463,-0.01643056,0.0190379,-0.03264835,-0.02483123,0.01238188,-0.01907322,-0.0595747,0.07677472,0.02944276,LOVE
0.06252871,0.05464274,-0.06873298,0.01748248,0.1208034,0.01865321,-0.016279,0.01912436,-0.03168738,-0.0246883,0.01236469,-0.0182181,-0.0598059,0.07559821,0.03178459,LOVE
0.06545026,0.06021222,-0.05996856,0.01657744,0.1190433,0.0284906,-0.0141517,0.01983994,-0.03171822,-0.02312742,0.01246238,-0.01913723,-0.06156597,0.07552391,0.02881584,LOVE
0.06559053,0.0610396,-0.05879012,0.01712735,0.1183305,0.0309113,-0.01427848,0.0195798,-0.03152192,-0.02273867,0.01147714,-0.01867515,-0.05964407,0.07393777,0.02059594,LOVE
0.06487767,0.06126294,-0.05969337,0.01747166,0.1179941,0.03170881,-0.01492795,0.01955503,-0.03104654,-0.0227748,0.01101822,-0.01798275,-0.05905845,0.07395208,0.02485576,LOVE
0.06331206,0.06054178,-0.06244782,0.01826715,0.118232,0.03022695,-0.01622227,0.0190084,-0.03037658,-0.02337883,0.01068792,-0.01705316,-0.05765423,0.07303134,0.02393088,LOVE
0.06030382,0.05862975,-0.06669244,0.01821364,0.1197323,0.02341798,-0.01922081,0.01842239,-0.02987239,-0.02513452,0.01065999,-0.01547095,-0.05262502,0.05895177,0.009006679,LOVE
0.06062728,0.05866879,-0.0668658,0.01753747,0.1197293,0.02385899,-0.01929256,0.01889509,-0.03004611,-0.02526786,0.0108707,-0.01567531,-0.05035893,0.05319667,0.007848382,LOVE
0.05493718,0.0586614,-0.07243425,0.01522426,0.1205863,0.02036482,-0.02121055,0.01884651,-0.02926868,-0.02662059,0.01089057,-0.01444906,-0.05667846,0.06800166,0.02453053,LOVE