-0.0879994,0.0228942,-0.02408788,-0.04672917,-0.01338649,-0.01473439,-0.05293356,-0.01728684,-0.00404501,-0.07274451,0.03665692,0.08880669,-0.05002945,0.01050764,0.09092826,COOL
-0.08487934,0.003530115,0.04069778,-0.04893038,-0.01993811,0.03850558,-0.04082748,0.01816642,0.06906196,0.008913495,0.06868982,0.1003903,0.04402758,0.04149848,0.09074309,COOL
-0.06521365,0.02450931,0.05222309,-0.03807329,-0.003770798,0.06249863,-0.02937081,0.07172763,0.08032882,0.02028586,0.106318,0.05794731,0.06087786,0.07583937,0.04980394,COOL
-0.05930004,0.0531745,0.02094731,-0.03999574,0.01296014,0.0627709,-0.02498805,0.1171518,0.04723227,0.01789389,0.1180275,0.03019154,0.05702821,0.08697867,0.02999741,COOL
-0.07046726,0.05333063,-0.01203996,-0.05043349,0.01945105,0.05629659,-0.03019167,0.1157492,0.0425806,0.01564781,0.118342,0.02980137,0.0531969,0.08751255,0.03577656,COOL
-0.07531017,0.0465897,-0.0408085,-0.05617347,0.01574707,0.04392752,-0.03869674,0.1071855,0.04550937,0.01321022,0.115903,0.03789946,0.04829924,0.08539754,0.04740676,COOL
-0.08288601,0.03763133,-0.04277483,-0.05229357,-0.001783848,0.002738595,-0.05027674,0.1081269,0.04511052,-0.02939585,0.09890056,0.06249669,-0.007642657,0.07002413,0.07985112,COOL
-0.08572784,0.02842692,-0.03871271,-0.04531388,-0.008836508,-0.009877056,-0.06861053,0.09534147,0.04953188,-0.05770897,0.08082765,0.06644353,-0.03685607,0.05473939,0.08118564,COOL
-0.08862147,0.01991335,-0.03765026,-0.05139964,-0.01473075,-0.007573217,-0.08234787,0.08276892,0.05116102,-0.06517576,0.07131469,0.07138845,-0.040853,0.04704064,0.08479682,COOL
-0.09686805,0.02842152,-0.009128571,-0.04263932,0.002697438,0.0532929,-0.03556722,0.1116999,0.04858154,0.01220999,0.1193884,0.03075108,0.05284085,0.0901573,0.03358465,COOL
-0.09466261,0.03117859,-0.008934885,-0.04008013,0.00742656,0.05578095,-0.03574783,0.1108413,0.0460678,0.01324639,0.1210112,0.02188164,0.05439056,0.09182885,0.02499524,COOL
-0.08262872,0.04431006,-0.002253771,-0.03667977,0.01572275,0.05532861,-0.03198442,0.1096503,0.04397219,0.01653374,0.1204185,0.01820281,0.05684982,0.09085995,0.02140343,COOL
-0.06892323,0.05225772,0.01473662,-0.03347909,0.01297343,0.05862644,-0.02299523,0.1117156,0.05052587,0.02261602,0.1184426,0.02553055,0.06084461,0.08763731,0.02436477,COOL
-0.07830182,0.04034284,-0.04389676,-0.05661399,0.005896598,0.007503301,-0.0467382,0.115772,0.0237208,-0.01775862,0.1113189,0.04501545,0.005910762,0.08363327,0.06696618,COOL
-0.08453894,0.0174914,-0.03234181,-0.04779108,-0.01469982,-0.01866195,-0.09575319,0.07052925,0.04240432,-0.08270866,0.05736512,0.06356892,-0.06143225,0.03338394,0.07566476,COOL
-0.09164663,-0.002647102,0.003674239,-0.05096404,-0.02941993,0.004254013,-0.07781373,0.03854412,0.0929006,-0.05283503,0.03562844,0.1029079,-0.02044608,0.01549971,0.1033175,COOL
-0.09273944,0.02782011,-0.02898949,-0.05504656,-0.004125059,0.01589292,-0.05520457,0.106661,0.04234314,-0.02139267,0.1050666,0.05855733,0.008667298,0.07753846,0.07457963,COOL
-0.09365029,0.03114277,-0.02273649,-0.05401335,-0.0008322299,0.0235514,-0.05050063,0.1063289,0.04627436,-0.00963933,0.1081592,0.05641896,0.02277376,0.07984695,0.06980544,COOL
-0.0938416,0.03351992,-0.02356669,-0.05136336,0.004455596,0.03423956,-0.0467239,0.104137,0.04860047,0.004522763,0.1134299,0.04704741,0.03892699,0.08412883,0.0574601,COOL
-0.09333552,0.03359357,-0.0243291,-0.04987793,0.005813956,0.03832608,-0.04650131,0.1018691,0.05015969,0.007453151,0.1150925,0.04302686,0.04305049,0.0860818,0.0517565,COOL
-0.05829378,0.04810897,0.03842226,-0.02519307,0.0102134,0.06033826,-0.01923718,0.1156965,0.05060947,0.01893906,0.1174275,0.02963668,0.05866163,0.08878875,0.02138895,COOL
-0.0370344,0.04460764,0.05674848,-0.02518029,0.01621601,0.0640299,-0.01218926,0.1222408,0.04046968,0.02160431,0.1179729,0.02563018,0.0601607,0.08781305,0.01900122,COOL
-0.03494256,0.04348284,0.05875742,-0.02420291,0.01398039,0.06476006,-0.009785928,0.1191805,0.04725727,0.02353518,0.1166576,0.02950823,0.06146716,0.08660153,0.0211159,COOL
-0.03108175,0.04050711,0.06290278,-0.02214435,0.009122998,0.06568348,-0.006704025,0.1129418,0.05885667,0.02588919,0.1139786,0.0367268,0.06333658,0.08454677,0.02483499,COOL
-0.06227653,0.05708054,0.02746001,-0.03863102,0.03912643,0.04711029,-0.02127789,0.1273004,-0.002000928,0.01922426,0.1206323,-0.009311825,0.0559255,0.09233543,0.002197444,COOL
-0.06293311,0.05823386,0.02297488,-0.0441722,0.05112398,0.03949478,-0.02657383,0.1250292,-0.01237622,0.01423305,0.1196485,-0.01838854,0.05042745,0.09470925,-0.004413277,COOL
-0.06188331,0.05944893,0.01948044,-0.04841151,0.05675182,0.03306922,-0.02875718,0.1238614,-0.01182383,0.01265313,0.1192244,-0.01918253,0.04744699,0.0957385,-0.003205836,COOL
-0.06339247,0.0599328,0.01429808,-0.04998039,0.05781969,0.02951628,-0.02945095,0.1227733,-0.006853342,0.01408456,0.1192057,-0.01838097,0.04711158,0.09589976,-0.000194639,COOL
-0.04887119,0.06783974,-0.02875951,-0.04137576,0.02249017,-0.02272141,-0.02882171,0.1176922,0.04181406,-0.03531054,0.09494764,0.06414041,-0.03761849,0.05876604,0.07776865,COOL
-0.07197103,0.04206997,-0.02668402,-0.05316157,0.01823241,-0.02500567,-0.08038594,0.08632889,0.0479421,-0.06675304,0.06711751,0.07655373,-0.05555477,0.02764603,0.08638585,COOL
-0.08959536,0.01455119,-0.008620262,-0.05471654,-0.01785576,-0.01152968,-0.0993266,0.00391534,0.04771817,-0.06701858,0.02734891,0.09734273,-0.04134351,-0.0009134114,0.09714061,COOL
-0.03233756,0.01915482,0.07557052,-0.02581248,-0.005732507,0.06352311,-0.005663656,0.08618051,0.08486086,0.0399536,0.1011125,0.05547792,0.07567533,0.06842405,0.04043892,COOL
-0.02634598,0.04451799,0.06398404,-0.02184121,0.0127624,0.06448334,-0.005661242,0.1042702,0.05682883,0.03435974,0.1148974,0.02393514,0.07066204,0.08123741,0.01563451,COOL
-0.0503906,0.06594461,0.01662877,-0.03518905,0.04257366,0.04586506,-0.01544465,0.120251,0.01238948,0.02777941,0.1180987,-0.008762568,0.06319083,0.08771095,0.0002212226,COOL
-0.0659902,0.05853415,-0.02087,-0.05191211,0.03304458,0.02453324,-0.04516857,0.09229422,0.02820602,0.01902693,0.1195538,0.007531464,0.04167981,0.09394309,0.02845454,COOL
-0.07314377,0.04674259,-0.03711972,-0.04529655,0.001306951,-0.02074519,-0.06678788,0.09657532,0.05217436,-0.06069025,0.07334468,0.07397798,-0.049645,0.03989923,0.08432412,COOL
-0.07724724,0.04310066,-0.03819743,-0.04563482,-0.001976073,-0.01930374,-0.07451797,0.08611032,0.05939096,-0.06304625,0.06459388,0.08077896,-0.05126261,0.03078398,0.08701348,COOL
-0.08065374,0.0392397,-0.04060459,-0.04561515,-0.006524086,-0.01725027,-0.08127166,0.07511383,0.06516731,-0.06648777,0.05487618,0.08529308,-0.05464388,0.02073917,0.08620796,COOL
-0.09075626,0.009208262,0.009275794,-0.05601253,-0.02108625,-0.001029253,-0.06086347,0.03429368,0.1070774,-0.04079353,0.02214858,0.1131418,-0.02095096,-0.006921679,0.1039332,COOL
-0.07617167,0.04620501,-0.04449299,-0.0453181,-0.00615865,-0.01962319,-0.08998717,0.05826014,0.06740245,-0.07379521,0.04184088,0.08542565,-0.06467079,0.005643278,0.07319236,COOL
-0.08546331,0.01818576,-0.0146102,-0.04799302,-0.01130679,-0.01929608,-0.09379993,0.04259053,0.07424894,-0.07434258,0.02911457,0.09135592,-0.06284809,-0.007361293,0.07633126,COOL
-0.08063736,-0.005538583,0.0179759,-0.05470491,-0.01947528,-0.009659439,-0.07717632,0.03542814,0.09455088,-0.0565456,0.02321902,0.1055383,-0.04235693,-0.00851503,0.09355846,COOL
-0.05536228,-0.01048809,0.06397438,-0.0474663,-0.02658853,0.03644571,-0.02048651,0.06203535,0.1082453,0.01981606,0.06545469,0.1017629,0.05237358,0.0365124,0.08917597,COOL
-0.03104417,0.02939332,0.07347998,-0.02229095,-0.0003539324,0.065752,-0.004570827,0.09947205,0.07439211,0.0347581,0.1093691,0.0414882,0.06951825,0.07703382,0.03003508,COOL
-0.03933941,0.04850945,0.05617735,-0.02719332,0.01621518,0.0625608,-0.0113561,0.1123882,0.05448326,0.02835551,0.1152853,0.02716172,0.0638254,0.08312768,0.02382049,COOL
-0.07168166,0.05544198,-0.00680688,-0.05148595,0.0160456,0.04165199,-0.04090364,0.1017579,0.05089152,0.01534501,0.1140304,0.04134342,0.04962707,0.08286276,0.04999694,COOL
-0.07475665,-0.02208334,0.01776513,-0.05189871,-0.02422768,-0.01321393,-0.08663734,0.02074355,0.09106371,-0.07131577,0.003549218,0.09705392,-0.04796309,-0.01447111,0.09023699,COOL
-0.06388283,-0.02214891,0.0551475,-0.04712446,-0.03246912,0.03079495,-0.04981329,-0.03889036,0.048969,-0.01887163,0.0243395,0.1095106,0.02130108,0.01484257,0.09968957,COOL
-0.03297736,0.01342729,0.07683235,-0.02378028,-0.005900323,0.08081415,-0.00965818,0.06494486,0.09932157,0.03419609,0.09493181,0.0697481,0.07330765,0.06790131,0.04671142,COOL
-0.03142945,0.01282066,0.07715634,-0.02354907,-0.006139398,0.08232859,-0.008362688,0.06644601,0.1002555,0.03284511,0.09415463,0.07133183,0.07206975,0.06818274,0.04817039,COOL
-0.03055753,0.009775728,0.07796046,-0.02388582,-0.007839978,0.08507177,-0.008244164,0.06256837,0.1040514,0.03115824,0.09012908,0.07703146,0.07117328,0.06644049,0.05242833,COOL
-0.03716728,0.00276503,0.07617542,-0.03002504,-0.0125882,0.08336869,-0.01480937,0.05468625,0.1080408,0.02671246,0.0821349,0.08683595,0.0684839,0.0607225,0.06234425,COOL
-0.08228868,0.01032922,0.029203,-0.0539581,-0.01579311,0.03167054,-0.05768819,0.1019169,0.05707932,-0.01654936,0.1002354,0.06970313,0.01803967,0.07185271,0.07862943,COOL
-0.0725049,0.05479744,0.0003204048,-0.03051823,0.03103009,0.05442184,-0.0107173,0.1265732,0.01543674,0.02802869,0.1188463,0.006679326,0.0623169,0.08834076,0.009828627,COOL
-0.05111961,0.05997282,0.03132451,-0.02439705,0.02418,0.05329663,-0.007194608,0.1258676,0.01721343,0.02811074,0.1182421,0.005773485,0.06225406,0.08835265,0.004139334,COOL
-0.04935724,0.05895239,0.0345304,-0.02362622,0.02244693,0.05313429,-0.007463515,0.1259919,0.01721933,0.02760709,0.1185969,0.00521639,0.06175683,0.0887343,0.00354737,COOL
-0.04858375,0.05833006,0.03597227,-0.02312712,0.02146754,0.0530872,-0.007445909,0.1262403,0.01681301,0.02752987,0.1188668,0.004359722,0.06159716,0.08890465,0.002876073,COOL
-0.04468544,0.05782676,0.03757226,-0.02267138,0.02078825,0.05373636,-0.007005297,0.126474,0.01733053,0.02787253,0.119091,0.003992647,0.06178,0.08882353,0.002618492,COOL
-0.03373056,0.05707708,0.04137501,-0.02134246,0.02140933,0.05518833,-0.003813565,0.1267362,0.01808324,0.03092128,0.1184816,0.003956884,0.06420295,0.08714342,0.001713991,COOL
-0.02762697,0.05633843,0.04350367,-0.02063152,0.02184969,0.05595019,-0.002724782,0.1267878,0.018601,0.03174725,0.1183196,0.003747672,0.06486483,0.08662888,0.0009938478,COOL
-0.02009972,0.05556571,0.04507491,-0.0203978,0.02435327,0.05741113,-0.002693139,0.1271299,0.01839545,0.0314994,0.1184873,0.002427787,0.06515676,0.08639508,-0.0005711019,COOL
-0.02107391,0.05559155,0.04588273,-0.02134611,0.02534795,0.05772656,-0.003243402,0.1269115,0.01915711,0.03093792,0.1184957,0.003351033,0.06503425,0.08648217,0.0004950762,COOL
-0.02328653,0.05559146,0.04776552,-0.02168225,0.02534184,0.05827722,-0.002890475,0.12625,0.02193046,0.03092119,0.1182041,0.005978614,0.06531313,0.08623093,0.002537608,COOL
-0.05004855,0.05241963,0.04244938,-0.02986007,0.02059868,0.05556828,-0.01221839,0.1229609,0.03054836,0.02726121,0.118754,0.01394972,0.06461485,0.08677202,0.01377127,COOL
-0.08326691,0.0445241,-0.03204,-0.05185808,0.01426956,0.03323132,-0.03829173,0.1102395,0.03661883,0.01716303,0.1169337,0.03332311,0.04971249,0.08556989,0.04656395,COOL
-0.08078986,0.04574987,-0.03942999,-0.05277608,0.01319304,0.02688628,-0.039235,0.1091574,0.03672713,0.01574297,0.1155348,0.03807315,0.04545052,0.08371595,0.05336994,COOL
-0.07797757,0.04705638,-0.04146093,-0.05307558,0.01164398,0.01921347,-0.03963236,0.1104479,0.03384131,0.009772331,0.1145867,0.04168427,0.03604974,0.08344355,0.05938902,COOL
-0.07771437,0.04514194,-0.03550988,-0.04780327,0.004575908,-0.001650482,-0.0313199,0.1218478,0.02729133,-0.02174269,0.1067908,0.05020389,-0.009587616,0.07693094,0.06952727,COOL
-0.07815973,0.04358828,-0.03769183,-0.04655282,0.002747446,-0.004614502,-0.03480923,0.1210192,0.0278621,-0.02736844,0.1046993,0.0516561,-0.01650058,0.074287,0.07062176,COOL
-0.0750163,0.04368526,-0.04548872,-0.04776756,0.001872122,-0.01001543,-0.04319071,0.1183942,0.02698576,-0.03666482,0.1016075,0.05243367,-0.02599844,0.07030281,0.0729107,COOL
-0.07407831,0.04417211,-0.04595074,-0.04777831,0.001216084,-0.01145372,-0.04716014,0.1162953,0.02834594,-0.03953718,0.09972227,0.05401146,-0.02794331,0.06808132,0.07413366,COOL
-0.07277162,0.04438177,-0.04721493,-0.04762729,0.0005669892,-0.01313442,-0.05223562,0.1135258,0.02906385,-0.04358241,0.09742883,0.05496898,-0.03166349,0.06578112,0.07441857,COOL
-0.06922618,0.04876012,-0.05031669,-0.04946195,0.00211364,-0.01357248,-0.05930222,0.1070334,0.03537229,-0.04701452,0.09104055,0.0630298,-0.0397127,0.05594164,0.07746664,COOL
-0.06625129,0.05106387,-0.05387786,-0.04737278,0.002326429,-0.01493543,-0.06164958,0.1052103,0.03717774,-0.04878291,0.0881291,0.06662834,-0.0412507,0.05188039,0.08120361,COOL
-0.06542641,0.05222026,-0.05406833,-0.04504718,0.002599388,-0.01554191,-0.06248409,0.1042971,0.03893551,-0.04887332,0.08667296,0.06918612,-0.04128708,0.04997471,0.08313459,COOL
-0.08119315,0.03604966,-0.04343724,-0.05204322,0.005084246,0.004030526,-0.03689988,0.1227137,0.006522506,-0.01783016,0.1153702,0.03151277,0.0004757494,0.08901003,0.05681136,COOL
-0.08053448,0.03949872,-0.03722927,-0.05219878,0.01279265,0.009289891,-0.03099259,0.1238978,-0.007413089,-0.009591438,0.1191337,0.01546174,0.01010457,0.09555203,0.04179868,COOL
-0.07368185,0.05288267,-0.01758471,-0.0533624,0.02702957,0.009734809,-0.01621629,0.1270515,-0.01578048,0.004320815,0.1199604,0.009758353,0.02187975,0.09477559,0.03859007,COOL
-0.07396968,0.05337927,-0.01356959,-0.05265277,0.02712008,0.0123778,-0.01604454,0.1271429,-0.01550651,0.005810365,0.1199875,0.009179413,0.02427936,0.09464341,0.03737622,COOL
-0.07378128,0.05428842,-0.01083335,-0.05273651,0.02888632,0.01558638,-0.015831,0.1269778,-0.01569676,0.007514209,0.1200548,0.006810218,0.02704803,0.09511659,0.0337944,COOL
-0.07074806,0.05454147,0.01526091,-0.04986374,0.04429656,0.03533569,-0.031054,0.1240079,-0.01022685,0.00578668,0.1202733,-0.01047543,0.03966182,0.09805533,0.006940961,COOL
-0.06160486,0.05572319,0.02490747,-0.04536426,0.04710916,0.0446218,-0.03113998,0.1223424,0.003541499,0.007042341,0.1205084,-0.009360552,0.04338909,0.09771922,-0.0003103912,COOL
-0.06307604,0.05330643,0.03159389,-0.02766676,0.02210194,0.05405828,-0.01823194,0.1202789,0.02738768,0.01794678,0.119315,0.01064372,0.05370017,0.09299836,0.008842289,COOL
-0.042923,0.04099166,0.05682275,-0.02178391,0.001175493,0.05494213,-0.0129617,0.109078,0.06148678,0.02119502,0.1126327,0.04125279,0.06008288,0.08622518,0.02860588,COOL
-0.03603487,0.009784192,0.07594383,-0.02887494,-0.01069859,0.06422997,-0.0137912,0.06340921,0.1013491,0.03121603,0.08684397,0.07943881,0.07100787,0.05926359,0.05952066,COOL
-0.04228175,-0.001819611,0.07584199,-0.03328365,-0.01558891,0.06310192,-0.01979318,0.04273733,0.1055652,0.02892686,0.07150048,0.09224021,0.07101373,0.04685435,0.06927079,COOL
-0.04886929,-0.01266575,0.07265812,-0.03646165,-0.02163038,0.04663211,-0.02958076,0.01253504,0.09821439,0.01659784,0.03782994,0.1051163,0.06106498,0.02153823,0.0836139,COOL
-0.04876477,-0.0157679,0.07092828,-0.03842676,-0.02129769,0.04051235,-0.03486279,-0.00744161,0.07939392,0.008875951,0.02685148,0.1057299,0.0507268,0.01221812,0.08852547,COOL
-0.04469122,-0.02026939,0.06418738,-0.04422604,-0.02360964,0.03256047,-0.04255236,-0.02236849,0.0566999,-0.01221464,0.01453167,0.1045708,0.01290777,-0.001638532,0.08915901,COOL
-0.07344972,0.006200165,0.04144347,-0.05730323,-0.01167965,0.01128042,-0.07265372,-0.004507869,0.03984207,-0.04390322,0.03360516,0.09760433,-0.03018705,0.004470646,0.08561516,COOL
-0.07661863,0.04884034,-0.009863049,-0.05860923,0.01018783,0.001755983,-0.05147714,0.1038569,0.04881191,-0.0311077,0.09157872,0.06954569,-0.01587494,0.05876905,0.08365878,COOL
-0.07223751,0.05526388,-0.01964658,-0.06080937,0.02393886,0.004228413,-0.0273766,0.1226814,0.0265038,-0.01617862,0.1058661,0.05249372,-0.002148464,0.07373953,0.07344061,COOL
-0.06730062,0.05969355,-0.01490498,-0.060639,0.03160059,0.007038414,-0.02072281,0.123786,0.02126127,-0.00553558,0.1097178,0.04624051,0.006988302,0.07769185,0.06850347,COOL
-0.06507613,0.06349909,-0.001476556,-0.05520593,0.04333347,0.01169959,-0.008679599,0.1267226,0.01427245,0.0104388,0.1119689,0.03973833,0.023039,0.07862234,0.06415054,COOL
-0.06401776,0.06486523,0.002508104,-0.05293282,0.04363731,0.01313144,-0.005012214,0.1263143,0.01973408,0.01308663,0.1098354,0.04415435,0.02559055,0.07526609,0.066809,COOL
-0.06967016,0.06128705,-0.01139775,-0.05659674,0.03431019,0.01052037,-0.01748215,0.1238068,0.02313355,0.001227863,0.1098033,0.04618964,0.01566401,0.07712641,0.06812635,COOL
-0.0704129,0.05862758,-0.01030281,-0.05697659,0.03701219,0.009548932,-0.01529373,0.1270776,0.0020051,0.005372882,0.1165846,0.0264307,0.02113395,0.08726031,0.05304345,COOL
-0.07358818,0.05463287,0.008214265,-0.05609497,0.04210156,0.02069804,-0.02029003,0.126653,0.0001610219,0.008881621,0.1188408,0.01650763,0.03280924,0.09145388,0.03972462,COOL
-0.07365045,0.05453888,0.008659244,-0.05615726,0.04289585,0.02048504,-0.02070288,0.1264925,0.0001361966,0.008993685,0.1188687,0.01603639,0.03312414,0.09155867,0.0391531,COOL
-0.07982314,0.04703528,-0.0006630421,-0.05998307,0.02863893,0.01998612,-0.03055703,0.1249501,0.01312774,-0.003930092,0.1157722,0.03446323,0.01792414,0.0866406,0.05584532,COOL
-0.074422,0.05439913,-0.01470214,-0.05948373,0.02813482,0.01393566,-0.02145036,0.126354,0.01687434,0.001514882,0.1142009,0.04140931,0.0179784,0.08236143,0.06385276,COOL
-0.07222128,0.05668426,-0.01671469,-0.0587745,0.02865288,0.01141331,-0.01838948,0.1266342,0.01806146,0.002227414,0.113251,0.04351503,0.01655932,0.08062229,0.06625742,COOL
-0.07160859,0.05702767,-0.01706699,-0.05872149,0.0297783,0.009571522,-0.01785633,0.1268206,0.01689491,0.001695629,0.1132822,0.04294065,0.01516019,0.08061063,0.06636104,COOL
-0.07229705,0.05610541,-0.01629263,-0.05875872,0.03030807,0.00898996,-0.01924432,0.1267107,0.01517639,0.0003447272,0.113611,0.04136276,0.0142171,0.0814411,0.06514281,COOL
-0.07417775,0.05429402,-0.01579773,-0.05904434,0.02966887,0.009250879,-0.0225296,0.1260493,0.01431701,-0.002175136,0.1136737,0.04029939,0.01312777,0.0822427,0.06397161,COOL
-0.07381773,0.05346304,-0.01575807,-0.06028622,0.03589985,0.003798336,-0.02398368,0.1260808,0.006981194,-0.004344846,0.1150016,0.03467238,0.01039534,0.08478409,0.06055188,COOL
-0.07530922,0.05212647,-0.01515016,-0.06079088,0.036953,0.00344345,-0.02547529,0.1258415,0.004275173,-0.005321444,0.1155837,0.03201529,0.01034862,0.08614311,0.05839285,COOL
-0.07942827,0.04595736,-0.005419016,-0.06305441,0.04065961,0.003534108,-0.03557698,0.1225659,-0.004772753,-0.01171859,0.1166143,0.02183506,0.01121052,0.0913232,0.04918125,COOL
-0.07879956,0.0460889,-0.002884567,-0.06369795,0.0427992,0.003688902,-0.03638429,0.1220658,-0.00456962,-0.0120918,0.116411,0.02175677,0.01157089,0.09140936,0.04874644,COOL
-0.07709529,0.04808918,-0.003200471,-0.06320651,0.03583458,0.00901252,-0.03593835,0.1219142,0.003183812,-0.01189538,0.115033,0.02812052,0.01221445,0.08961773,0.05186379,COOL
-0.07859586,0.04653966,-0.0008871555,-0.06231303,0.02881053,0.01177689,-0.03710129,0.1213385,0.01269856,-0.01396445,0.1123362,0.03667405,0.009581015,0.08540359,0.05834821,COOL
-0.07801967,0.0490858,-0.003924847,-0.06037503,0.02837783,0.01126254,-0.03229747,0.1229746,0.01454425,-0.01061212,0.1123449,0.03802299,0.01069932,0.08430678,0.05869788,COOL
-0.07769817,0.05214864,-0.001134336,-0.05586949,0.02363622,0.01573801,-0.02843829,0.1205589,0.03054273,-0.006051626,0.1067094,0.05249631,0.01643766,0.0761649,0.06963646,COOL
-0.07456522,0.05910081,0.00320822,-0.0535235,0.0151363,0.02814054,-0.01942939,0.1092751,0.06133056,0.01433975,0.09561616,0.07269484,0.03692671,0.05831069,0.08204436,COOL
-0.0810801,0.05791456,-0.0173651,-0.04721509,0.00758332,0.02802539,-0.01292564,0.1150519,0.05627602,0.01672934,0.09924752,0.06870848,0.04016636,0.06050831,0.07969952,COOL
-0.08088272,0.05727625,-0.01451933,-0.04727405,0.0104202,0.01818061,-0.01634425,0.1175051,0.04817826,0.00912936,0.1019783,0.06376714,0.03019094,0.06685013,0.07660329,COOL
-0.08002222,0.05852252,-0.01199287,-0.04691878,0.01077044,0.01878738,-0.01444226,0.1171815,0.04948646,0.01132336,0.101214,0.06472254,0.03210225,0.06535667,0.07724714,COOL
-0.0787771,0.05950505,-0.02098972,-0.04769448,0.01239365,0.01922828,-0.01324707,0.1186071,0.04617721,0.01079167,0.1027969,0.06169528,0.03066405,0.06779385,0.0751574,COOL
-0.07748947,0.0598928,-0.02400774,-0.0488198,0.01416522,0.01842588,-0.01255642,0.1198633,0.04308158,0.01035789,0.1041505,0.05936426,0.02945718,0.06967956,0.07370549,COOL
-0.07520467,0.06040099,-0.02856421,-0.05001689,0.01678467,0.01613706,-0.01078635,0.1223528,0.03694063,0.009168059,0.1062862,0.05543363,0.02658372,0.07233936,0.07180321,COOL
-0.07483423,0.05969313,-0.03046799,-0.05043694,0.01755375,0.01484883,-0.01075578,0.1236002,0.0330919,0.007800452,0.1076626,0.05275732,0.02469708,0.07428831,0.07021767,COOL
-0.07285161,0.0595476,-0.03143981,-0.05133191,0.0213089,0.01086739,-0.009015143,0.1262197,0.0227659,0.006112128,0.1106538,0.04568312,0.0203372,0.07829806,0.06622013,COOL
-0.07407641,0.05827194,-0.02995238,-0.0523298,0.021171,0.01093379,-0.01225241,0.1256275,0.02287087,0.003612794,0.1105891,0.04570952,0.01871322,0.07860783,0.0663791,COOL
-0.07551265,0.05717784,-0.02770317,-0.05245443,0.01926097,0.01058045,-0.01545191,0.1245912,0.02585888,0.000608176,0.1093367,0.04877549,0.01607598,0.07702798,0.06900001,COOL
-0.07244771,0.05924305,0.003203094,-0.05057038,0.0230093,0.01701415,-0.007791147,0.1236722,0.03280437,0.008600593,0.1067045,0.05306715,0.02377969,0.07293087,0.07027537,COOL
-0.07180728,0.05418542,0.02553657,-0.04554168,0.02457845,0.03981602,-0.008928567,0.1210927,0.04013771,0.02382454,0.1094027,0.04507113,0.0508374,0.07621342,0.05393535,COOL
-0.07376249,0.05372867,0.02243361,-0.04296563,0.0239585,0.04593474,-0.01515013,0.1195047,0.04129666,0.02487141,0.1127082,0.03725541,0.05694906,0.0802744,0.04333603,COOL
-0.06207112,0.05388212,0.03495014,-0.0325214,0.01894039,0.0574187,-0.01280344,0.1159046,0.04833335,0.02882203,0.1145159,0.03041446,0.06418878,0.08286864,0.02654386,COOL
-0.02710375,0.04837134,0.0546644,-0.02228734,0.01077351,0.06277171,0.003524989,0.111366,0.05821148,0.04028405,0.1086358,0.03616008,0.06993146,0.07677326,0.02417102,COOL
-0.02929963,0.03989166,0.06722733,-0.02008085,0.01116312,0.06694844,0.005272776,0.1093583,0.06326303,0.04106094,0.1064293,0.04078552,0.07156546,0.07404321,0.02726999,COOL
-0.02148001,0.0300535,0.07476056,-0.02018723,0.01425219,0.06962365,0.002230465,0.1076677,0.06609637,0.03802174,0.1079353,0.03991562,0.07178247,0.07511306,0.02606738,COOL
-0.05518179,0.05033284,0.04776758,-0.04351465,0.01935738,0.04694879,0.0002913475,0.1061893,0.06631255,0.04047899,0.0968976,0.05910116,0.06566617,0.05674744,0.06256431,COOL
-0.05702896,0.05359828,0.04113865,-0.0479665,0.02458411,0.03768855,0.002769291,0.1098192,0.0627079,0.03581433,0.09483075,0.06517535,0.05584484,0.05438292,0.07284945,COOL
-0.05512787,0.04914063,0.03526193,-0.05019277,0.02261978,0.01377457,0.00308688,0.1150559,0.05713028,0.00567165,0.09276223,0.07381231,0.01168567,0.05761564,0.08264369,COOL
-0.06156772,0.07060677,-0.01949501,-0.04608445,0.01582569,-0.002242863,-0.0116702,0.1106039,0.0634743,-0.008912258,0.08783954,0.08038092,-0.003580905,0.05359221,0.08839434,COOL
-0.07322371,0.04553312,0.01295489,-0.05230559,0.008478761,0.006709278,-0.02920155,0.1164674,0.04412764,-0.01349478,0.1011457,0.06330073,0.001182009,0.06893814,0.07796282,COOL
-0.07954335,0.04102278,0.01775581,-0.0565891,0.01112884,0.02269894,-0.03420622,0.1141369,0.04621983,-0.001789041,0.1056418,0.06013757,0.02338678,0.07336271,0.07435656,COOL
-0.07943056,0.03610295,0.02775174,-0.05603635,0.01299292,0.03298885,-0.03831204,0.1130181,0.04550415,0.002618514,0.1099241,0.05296224,0.03501183,0.07880431,0.06490844,COOL
-0.05444342,0.02856606,0.05483019,-0.04959119,0.01128584,0.0539555,-0.04758082,0.1034187,0.05495656,-0.002871454,0.1140322,0.04346025,0.0404234,0.08943832,0.04509628,COOL
-0.02639298,0.02178484,0.06773132,-0.03791028,0.007845104,0.07235938,-0.03925683,0.09862691,0.07254529,0.001331359,0.1098274,0.05403256,0.0461667,0.08788234,0.04260951,COOL
-0.01877322,0.02014846,0.07668936,-0.02108634,0.01788759,0.0817669,-0.02082144,0.109226,0.06748778,0.01616427,0.1119791,0.04664451,0.05684702,0.08649981,0.02992678,COOL
-0.05392534,0.03738987,0.06058425,-0.03378098,0.02243757,0.06684738,-0.02079341,0.1154995,0.05212855,0.01802604,0.1124288,0.04194415,0.0574694,0.08315903,0.03652561,COOL
-0.06403861,0.04332733,0.04787952,-0.03768533,0.02536595,0.05751455,-0.02663983,0.1196502,0.03651345,0.01382537,0.1169404,0.02892059,0.05254409,0.08882385,0.02831525,COOL
-0.06363687,0.04402119,0.04713088,-0.03970839,0.02943331,0.05448866,-0.02985186,0.1212368,0.02869332,0.01059365,0.1184467,0.02288973,0.04934914,0.09119523,0.02506447,COOL
-0.06507532,0.04502058,0.04328525,-0.04264162,0.03245407,0.05044472,-0.03434058,0.1215139,0.02102584,0.006358951,0.1195386,0.01687187,0.04513033,0.09371758,0.02205533,COOL
-0.07328353,0.04797989,0.02693123,-0.04900896,0.03660315,0.04229522,-0.03763994,0.1196373,0.01614779,0.005263165,0.1199182,0.01270908,0.04193291,0.09474057,0.02344525,COOL
-0.07301451,0.05119187,0.02073669,-0.0516743,0.04117787,0.03734642,-0.03609864,0.1195388,0.01498145,0.008144483,0.1197528,0.01235205,0.04209109,0.0937742,0.02588987,COOL
-0.06990154,0.05522183,0.01046762,-0.0553842,0.04346257,0.02941152,-0.0330867,0.1200537,0.01419514,0.01040572,0.1190218,0.0161694,0.03934006,0.09194916,0.03448603,COOL
-0.06782093,0.06007195,-0.018691,-0.05286975,0.02064797,0.008066922,-0.01230653,0.1258807,0.01805517,0.002008758,0.1129008,0.0408482,0.01441193,0.08286363,0.06191462,COOL
-0.06733608,0.06031126,-0.01916522,-0.05246482,0.01936501,0.005852252,-0.01213004,0.1259028,0.0189583,-0.0001488402,0.1122122,0.04248187,0.01166423,0.0820581,0.06361631,COOL
-0.06569574,0.05330017,0.002564043,-0.05003517,0.01245639,-0.008278906,-0.03131475,0.1143838,0.04258823,-0.02892685,0.09562731,0.06105083,-0.0233474,0.06364578,0.07308316,COOL
-0.06487471,0.03750682,0.02097297,-0.04956194,0.009089768,-0.01096559,-0.04459019,0.1007048,0.05991858,-0.04096561,0.08054405,0.0741697,-0.03907685,0.0446499,0.07437319,COOL
-0.0651968,0.03028107,0.02551684,-0.04979096,0.00788632,-0.009874761,-0.04763424,0.09363246,0.07053125,-0.04363618,0.07076538,0.08371282,-0.04285243,0.03413296,0.07775944,COOL
-0.0672294,0.02944496,0.02299726,-0.04977031,0.007217318,-0.01001114,-0.05102488,0.08983696,0.07468963,-0.04720432,0.06453353,0.08785242,-0.04499826,0.02876419,0.08146167,COOL
-0.07105608,0.03890717,0.009523451,-0.05073267,0.00818032,-0.01257712,-0.06096135,0.08217543,0.07810432,-0.05507129,0.05427516,0.09192306,-0.04703003,0.02012509,0.08938229,COOL
-0.07041623,0.0443677,0.003702074,-0.05016751,0.007998317,-0.01410943,-0.07058354,0.07370347,0.0773592,-0.06124589,0.04719645,0.09095013,-0.0498334,0.01423711,0.089697,COOL
-0.07554816,-0.00887689,0.01677135,-0.07566586,0.009616703,-0.01687691,-0.04644825,-0.01596743,-0.01249701,-0.03912378,-0.01998851,0.0004514456,-0.04693985,-0.01085925,0.01967478,COOL
-0.06646568,-0.02294025,0.03119031,-0.06730019,-0.007485509,-0.005554825,-0.0719279,-0.01609093,0.0002171099,-0.07998182,-0.004472136,0.04127771,-0.0630397,-0.002744615,0.07074633,COOL
-0.06157785,-0.02684194,0.03601375,-0.06464165,-0.01113048,-0.003068596,-0.07060888,-0.01888257,0.003915727,-0.07836159,-0.002607405,0.05513355,-0.05456362,-0.003170013,0.0814251,COOL
-0.05822194,-0.02773035,0.03854582,-0.06435326,-0.01126334,-0.0005712211,-0.07001439,-0.01831049,0.006659597,-0.07984968,0.0006679595,0.06400186,-0.04970658,-0.002590567,0.08372545,COOL
-0.05797406,-0.02715194,0.0397675,-0.06420007,-0.01070029,0.001051337,-0.06884601,-0.01696214,0.008241087,-0.07801597,0.004366696,0.07076386,-0.04647151,-0.003090858,0.08511177,COOL
-0.06362087,0.007453769,0.04542518,-0.05886919,-0.007122159,0.01702023,-0.05530072,0.01858655,0.0506956,-0.003029667,0.05836397,0.1074119,0.01118144,0.01862419,0.1049799,COOL
-0.08807184,0.04233518,-0.007678658,-0.05035122,0.01438838,0.0346185,-0.02945508,0.1232088,0.0215435,0.006725349,0.117229,0.03232384,0.04202857,0.08833423,0.04595101,COOL
-0.08749551,0.04095775,-0.002729893,-0.04907937,0.01605415,0.03708023,-0.03591833,0.1212733,0.01880214,0.002664551,0.1185592,0.02624735,0.04039841,0.09246439,0.03840709,COOL
-0.07828277,0.04573601,0.01387304,-0.04570291,0.02035558,0.0385353,-0.03876371,0.120311,0.01576868,0.0003423244,0.1194381,0.01974717,0.03780963,0.09582159,0.0305244,COOL
-0.07198021,0.04967514,0.02515155,-0.04624338,0.02783662,0.03816688,-0.02974197,0.1246875,0.008159906,0.008561969,0.1205005,0.01266319,0.04250151,0.09454343,0.02658838,COOL
-0.07057258,0.05024332,0.02808207,-0.04294235,0.02579054,0.0416643,-0.02792123,0.1235524,0.01611564,0.01046291,0.1194301,0.01718205,0.0461054,0.09297335,0.02682126,COOL
-0.06695617,0.05091226,0.0321849,-0.04035597,0.02361399,0.0441744,-0.02558134,0.1228332,0.02202851,0.01296328,0.118709,0.02043018,0.04894258,0.09158602,0.02729383,COOL
-0.05971209,0.05183244,0.03912857,-0.03697717,0.02324709,0.04770833,-0.02206945,0.1229633,0.02506006,0.01590627,0.1181718,0.021492,0.05179228,0.09081459,0.02467126,COOL
-0.05668185,0.05159327,0.04318398,-0.03362139,0.02179718,0.05031538,-0.01917981,0.1233294,0.02705425,0.01809148,0.1178433,0.02202445,0.05390503,0.09023821,0.02258077,COOL
-0.05323765,0.05171275,0.0463416,-0.03061838,0.0210422,0.05231118,-0.01583482,0.1234904,0.02833682,0.02086847,0.1175319,0.02138326,0.05631664,0.08937514,0.01992154,COOL
-0.04372083,0.0528971,0.05121854,-0.0256099,0.01999998,0.05680257,-0.001927793,0.1229599,0.03447551,0.03363019,0.1149463,0.02258235,0.06650373,0.08295974,0.01815599,COOL
-0.03259175,0.05237123,0.05487022,-0.02092077,0.01765642,0.06025004,0.006496862,0.123358,0.0364494,0.03961708,0.1132995,0.02312905,0.07099326,0.07973614,0.01556528,COOL
-0.03158262,0.05227464,0.05490208,-0.02060698,0.01682118,0.06016925,0.006810993,0.1233053,0.03670347,0.03958467,0.1131033,0.02364492,0.07090189,0.07969204,0.01570994,COOL
-0.03207902,0.0522404,0.05460519,-0.02103527,0.01660976,0.05991501,0.006213129,0.1232831,0.03678155,0.03900209,0.1131439,0.02405542,0.07050574,0.07987899,0.01628926,COOL
-0.05006029,0.05427068,0.04126161,-0.03399065,0.02033404,0.05079454,-0.007873818,0.1246116,0.03011551,0.02861123,0.1156832,0.02455771,0.06233199,0.0837214,0.02648667,COOL
-0.07509784,0.05649981,-0.00967899,-0.05231974,0.02351677,0.02391398,-0.01667751,0.1259446,0.01631379,0.01393934,0.1160148,0.03193748,0.03862948,0.08560073,0.05134472,COOL
-0.07523863,0.05689037,-0.01743257,-0.05252514,0.02269694,0.01899269,-0.01486959,0.1262985,0.0171161,0.01074199,0.1146703,0.03648859,0.03200591,0.08399972,0.05697376,COOL
-0.06275819,0.060974,-0.01600042,-0.05064862,0.01865941,-0.01051524,-0.01529554,0.1228496,0.03825486,-0.02000462,0.1015235,0.06139976,-0.02480409,0.06433788,0.07521263,COOL
-0.0620868,0.06029949,-0.01380628,-0.05108676,0.01933774,-0.01167667,-0.01769555,0.1220318,0.03925088,-0.02143604,0.1009097,0.06211549,-0.02646179,0.06373373,0.07531422,COOL
-0.06086013,0.05452913,-0.00469473,-0.05245035,0.0213092,-0.0146057,-0.02245659,0.1210435,0.0396384,-0.02586916,0.09911132,0.06325147,-0.03680168,0.06010118,0.07078171,COOL
-0.06243677,0.05867136,-0.01995915,-0.05214996,0.0164623,-0.01391158,-0.02724138,0.1202233,0.03863418,-0.02675506,0.09935454,0.06326312,-0.02822775,0.06305167,0.0785031,COOL
-0.06500702,0.05676177,-0.02388415,-0.05219067,0.01424482,-0.01276353,-0.02903635,0.1211395,0.03450471,-0.02707877,0.101319,0.0600374,-0.0250232,0.06564921,0.07837376,COOL
-0.08585721,0.04276499,-0.01549619,-0.05199285,0.01154599,0.02135673,-0.03121138,0.1235552,0.01354757,-0.00485567,0.1160465,0.03209612,0.02135523,0.09009331,0.05099812,COOL
-0.08062838,0.04735178,0.01116982,-0.04597672,0.02678394,0.0387764,-0.03340816,0.1229491,0.006483108,0.005844027,0.1208321,0.007226169,0.04084902,0.09672502,0.02044633,COOL
-0.06781208,0.05124652,0.03278911,-0.04008599,0.0341261,0.04309461,-0.03337452,0.1234493,0.002443731,0.00480786,0.1203986,0.001712292,0.04107887,0.09702286,0.00990206,COOL
-0.0653182,0.05232632,0.03465101,-0.04109666,0.03762728,0.04217854,-0.0316563,0.1239308,0.001379937,0.00590159,0.1200717,0.002642393,0.04137832,0.09635094,0.01109537,COOL
-0.06308737,0.0535053,0.03597003,-0.04603357,0.04531881,0.03798378,-0.03083663,0.1248684,-0.004235387,0.006475806,0.1203884,-0.001464844,0.04110754,0.09608817,0.01161936,COOL
-0.06523258,0.05307749,0.03331923,-0.04859074,0.04626226,0.03478903,-0.03162302,0.1246304,-0.007627726,0.005709499,0.1204897,-0.003490984,0.03994115,0.09658733,0.01209038,COOL
-0.06679047,0.05701008,0.01813257,-0.04918441,0.03509793,0.03257176,-0.0187169,0.1272467,0.000749737,0.01434144,0.1198434,0.009860277,0.04173267,0.09305188,0.02839833,COOL
-0.06713136,0.0583027,0.01406819,-0.04977634,0.0313715,0.03046322,-0.01467557,0.126944,0.006936878,0.01579487,0.1184753,0.01748177,0.04076909,0.09065726,0.0356369,COOL
-0.06761281,0.05837703,0.01314625,-0.0502162,0.02989036,0.02961817,-0.0135041,0.126778,0.009403139,0.01586273,0.117856,0.02078712,0.040078,0.08964074,0.03867421,COOL
-0.06756188,0.06047669,0.008859336,-0.05012679,0.02527937,0.0260179,-0.006114289,0.1264192,0.01725727,0.01873837,0.1147236,0.03179753,0.03937186,0.08461621,0.04885289,COOL
-0.06681807,0.06225535,0.01169944,-0.04905251,0.01910502,0.02357823,0.0028577,0.1200789,0.04348525,0.02263433,0.1039194,0.05692422,0.0390394,0.06926313,0.06940708,COOL
-0.06078704,0.05320209,0.03297904,-0.05311875,0.01574972,0.02597082,0.006992832,0.1059154,0.0717963,0.02288973,0.08679226,0.08122775,0.03556351,0.04962161,0.08641028,COOL
-0.05829227,0.04217446,0.04169405,-0.05479261,0.0121803,0.02450812,0.006828278,0.0943256,0.08628738,0.01993354,0.07473576,0.09316808,0.0293808,0.03827077,0.0936693,COOL
-0.05813579,0.04148805,0.04196849,-0.05487154,0.01208583,0.0250231,0.00807035,0.09467363,0.08620334,0.02075082,0.07473207,0.09308285,0.03024028,0.03802979,0.09368503,COOL
-0.05923299,0.04322138,0.04070714,-0.05459642,0.0123446,0.02705237,0.009349719,0.09683308,0.08411199,0.02351308,0.07643461,0.09114915,0.03460106,0.03867227,0.09270757,COOL
-0.06229228,0.04981709,0.03483135,-0.05426073,0.01667443,0.02857271,0.007525653,0.1057454,0.07321,0.02386148,0.08509114,0.08290118,0.03659539,0.04658279,0.08807814,COOL
-0.06812768,0.06036904,0.01095021,-0.04727002,0.03874621,0.02947199,-0.01569271,0.1270572,-0.003706455,0.01768605,0.1189768,0.006314933,0.04449984,0.09183809,0.02560318,COOL
-0.06991394,0.05982301,0.00484097,-0.04924028,0.03789157,0.0260973,-0.01439656,0.1273744,-0.003793359,0.01607941,0.1187628,0.01059797,0.04091479,0.09146681,0.03131026,COOL
-0.06612946,0.06160817,-0.0287019,-0.05132952,0.02584362,0.00449878,-0.004485048,0.1288688,0.00553143,0.006502017,0.1150398,0.0336875,0.0170189,0.08428767,0.05954814,COOL
-0.05860211,0.06640503,-0.03033179,-0.05007682,0.02465117,-0.003030598,-0.0002713501,0.1280013,0.01669681,0.001631781,0.1110882,0.04490253,0.005698375,0.07855615,0.06805539,COOL
-0.04784513,0.06970808,-0.0113433,-0.04460222,0.0276871,-0.01677406,-0.01989231,0.1144545,0.05142713,-0.02409619,0.09127021,0.0727779,-0.03792975,0.05335107,0.0768801,COOL
-0.05764024,0.04995444,-0.003873378,-0.04192066,0.02399957,-0.02529848,-0.04277966,0.1108938,0.04191828,-0.04590037,0.08959079,0.06219491,-0.05521134,0.05448893,0.06175557,COOL
-0.05824517,0.04900765,-0.004034668,-0.04292279,0.0231466,-0.0256092,-0.04490876,0.1108024,0.03954527,-0.04728433,0.08991975,0.06056148,-0.05541054,0.05459887,0.06132025,COOL
-0.0594828,0.04747906,-0.005300671,-0.0456951,0.02100852,-0.02617589,-0.05143994,0.1094201,0.03394046,-0.05147772,0.08927888,0.05726406,-0.05609049,0.05363399,0.06153062,COOL
-0.06118771,0.04621151,-0.004830658,-0.0469692,0.01766935,-0.02404344,-0.05248691,0.109461,0.03538355,-0.05231974,0.08774528,0.05834121,-0.05380639,0.05320737,0.06614012,COOL
-0.06606475,0.04755378,-0.007694334,-0.04843809,0.01005754,-0.01795417,-0.05176257,0.1085738,0.03899312,-0.04998609,0.08661243,0.06123304,-0.04561923,0.05312127,0.07134515,COOL
-0.07123615,0.05014148,-0.0189684,-0.05089872,0.005947411,-0.01096606,-0.04625806,0.1123839,0.03646737,-0.04439906,0.09109202,0.05787095,-0.0331975,0.06098416,0.0721218,COOL
-0.0687076,0.05019987,0.02386299,-0.04075677,0.01570377,0.04650414,-0.02932914,0.1153201,0.03831053,0.01442997,0.1174529,0.02834794,0.05154919,0.0889056,0.0339773,COOL
-0.04207928,0.05666247,0.04555398,-0.03766113,0.02326852,0.04770672,-0.006704614,0.1149876,0.04536152,0.03452556,0.1106787,0.03392443,0.06533092,0.07826003,0.03471297,COOL
-0.04248513,0.05921951,0.04333463,-0.03953846,0.02623841,0.04387817,-0.004215285,0.1146066,0.04597729,0.03899686,0.1091702,0.03499892,0.06642111,0.07446554,0.03999069,COOL
-0.03733437,0.06583926,0.01779655,-0.04041666,0.05074304,-0.002843469,-0.004616901,0.09350428,0.08661294,-0.0004287809,0.06534192,0.1030898,-0.01193741,0.02592173,0.1033997,COOL
-0.03764194,0.06515649,0.01275051,-0.04152989,0.05449069,-0.01507801,-0.04586445,0.06812736,0.100714,-0.04817129,0.03507289,0.107943,-0.06217997,-0.004803628,0.08975327,COOL
-0.04263613,0.05392009,0.01813835,-0.03598446,0.05206051,-0.01264042,-0.04887141,0.05715662,0.1060696,-0.05295673,0.02749985,0.107278,-0.0689266,-0.003266037,0.08239293,COOL
-0.05484252,0.03385922,0.01696709,-0.02944723,0.04263675,-0.01168773,-0.06353396,0.0593189,0.08938438,-0.06131178,0.02684122,0.09928977,-0.07263927,0.004105628,0.07319117,COOL
-0.06072601,0.02810055,0.0218128,-0.04317062,0.03474832,-0.01140234,-0.07564026,0.0545091,0.07094097,-0.05807591,0.02231175,0.1017616,-0.06520219,-0.002095282,0.07669836,COOL
-0.06256644,0.02677926,0.03099006,-0.05547766,0.02480516,-0.002451718,-0.07157473,0.04181147,0.08714586,-0.04318998,0.01502162,0.1109266,-0.03801452,-0.01866966,0.09669518,COOL
-0.07859989,0.02730554,0.02679226,-0.06369796,0.00387001,0.007734805,-0.06703521,0.04205564,0.09449801,-0.03621352,0.02547559,0.111431,-0.02096606,-0.01076993,0.103262,COOL
-0.08483086,0.02579704,0.02059412,-0.06066109,-0.002961665,0.007637709,-0.05962258,0.04501212,0.1012028,-0.03568273,0.02821273,0.1108242,-0.01532146,-0.002742887,0.1041724,COOL
-0.08502577,0.02211687,0.02402914,-0.05787531,-0.006211162,0.007110149,-0.06160414,0.02785295,0.09998026,-0.02748508,0.02536666,0.1145137,-0.01119293,-0.004897773,0.1033585,COOL
-0.06837302,0.02699459,0.05815148,-0.0396576,-0.005812228,0.04236698,0.002587512,0.08047414,0.09394622,0.04649613,0.07334453,0.08469868,0.0690212,0.03561842,0.07549036,COOL
-0.06108791,0.03067762,0.0622893,-0.0348709,-0.002535254,0.04813209,0.006174318,0.08861122,0.08583075,0.05324426,0.08340967,0.07107103,0.07652035,0.04470691,0.06285164,COOL
-0.04968105,0.06473225,0.02989233,-0.04357222,0.05613241,0.03316438,-0.01133124,0.1273736,-0.01044127,0.025537,0.1179917,-0.009259135,0.0560869,0.08995709,0.007426739,COOL
-0.05205957,0.06570759,0.02367431,-0.04549108,0.05474877,0.02959141,-0.00942798,0.1273271,-0.009860754,0.02665124,0.1177624,-0.00565064,0.05485629,0.08975953,0.01376665,COOL
-0.055356,0.06930256,-0.01124445,-0.05053011,0.03265777,0.005028099,0.008393452,0.1281926,0.009111345,0.01567596,0.1128667,0.03636944,0.02235559,0.08178332,0.06076872,COOL
-0.04396186,0.07185605,-0.01697332,-0.0382234,0.03111815,-0.02163124,-0.02342775,0.1143646,0.05066133,-0.02766601,0.09145361,0.07298082,-0.0330459,0.05431241,0.08349574,COOL
-0.07748793,-0.0005017519,0.02638081,-0.06291719,-0.01388633,-0.002096295,-0.08007735,0.005308747,0.09390444,-0.05279411,0.0002297759,0.108291,-0.03050449,-0.02436179,0.09591818,COOL
-0.08013292,-0.007357299,0.02838546,-0.06625901,-0.02078173,0.002310336,-0.08848466,-0.02220133,0.06027409,-0.05504385,-0.01666754,0.1028484,-0.03397414,-0.03597397,0.08799094,COOL
-0.07998411,-0.008977234,0.02935439,-0.06794808,-0.02273297,0.004278243,-0.08689298,-0.02594668,0.05068445,-0.05535864,-0.01985729,0.1018775,-0.04155736,-0.0393796,0.07764888,COOL
-0.05511551,-0.02176487,0.05765337,-0.05404998,-0.03127378,0.01684216,-0.05356846,-0.03704694,0.02036786,-0.05243815,-0.03272569,0.06386781,-0.02935342,-0.03267139,0.05894655,COOL
-0.01110084,-0.02361852,0.07575184,-0.03576108,-0.03214061,0.0425283,-0.02955772,-0.03800514,0.04601565,-0.01394194,-0.03556108,0.06198174,0.01382409,-0.01996338,0.07110941,COOL
-0.02538384,0.05347145,0.05782443,-0.02082641,0.03021652,0.05964905,0.001034901,0.128689,0.01585954,0.0332101,0.1167565,0.0003016293,0.06726578,0.08203164,-0.002197355,COOL
-0.03463364,0.06028482,0.04738134,-0.02238148,0.03319263,0.05376464,-0.00103505,0.1292344,0.006472319,0.03131266,0.1175579,-0.003124744,0.06453174,0.08534718,-0.004610002,COOL
-0.03204475,0.06095931,0.04638553,-0.02156483,0.03167155,0.05441529,0.00219354,0.1290117,0.006402701,0.03535551,0.1168997,-0.00233227,0.06678446,0.08439416,-0.003398269,COOL
-0.03073602,0.06098074,0.0465844,-0.02084059,0.03071067,0.05505335,0.003334597,0.1290457,0.006300718,0.03715467,0.1166546,-0.00253427,0.06790973,0.08381233,-0.003261507,COOL
-0.03210141,0.06112102,0.04736578,-0.02086063,0.03006846,0.05500552,0.001867637,0.1294954,0.004475653,0.03576885,0.1169615,-0.004062772,0.06726964,0.08427802,-0.003705978,COOL
-0.03783926,0.06074834,0.0460279,-0.02428279,0.0308246,0.05374455,0.001645893,0.1293622,0.006832451,0.03605694,0.1169302,-0.00100252,0.06787424,0.0839622,0.001139581,COOL
-0.04866591,0.06274673,0.03346521,-0.03247048,0.03369865,0.04844332,-0.001277104,0.1292734,0.003311753,0.03462312,0.1173931,-0.0002338588,0.06611943,0.08509526,0.007759959,COOL
-0.05421817,0.07052478,-0.007035732,-0.04866479,0.02729613,0.005916655,0.01883759,0.1270027,0.01889792,0.02181764,0.1097125,0.04532906,0.02685417,0.07643124,0.06726521,COOL
-0.04421248,0.07555488,-0.00426051,-0.04306965,0.03039616,-0.005616605,0.01263252,0.1174067,0.05081105,0.009141132,0.09447917,0.07347065,0.004582092,0.05774236,0.08748341,COOL
-0.02434159,0.07814628,-0.01586124,-0.02278886,0.06180832,-0.02188841,-0.006316066,0.1148368,0.05448741,-0.01348798,0.08602381,0.08427331,-0.03531041,0.04849643,0.08641562,COOL
-0.02260906,0.08007416,-0.01791188,-0.02040817,0.06304398,-0.02212355,-0.005715661,0.1146851,0.05548808,-0.01640044,0.08575273,0.08328149,-0.04028639,0.04806143,0.08403257,COOL
-0.06161729,0.05895346,-0.0005914867,-0.04996925,0.02195808,0.0003427863,-0.009675182,0.1257701,0.02428442,0.0001242682,0.1086767,0.04943895,0.00765118,0.07565141,0.07018465,COOL
-0.07067728,0.05669031,-0.008326679,-0.04792998,0.01645792,0.01444539,-0.007255703,0.1286036,0.001350641,0.008448824,0.1174097,0.02507359,0.02399827,0.08953154,0.04791588,COOL
-0.07545105,0.05442801,-0.005621582,-0.0478874,0.02164739,0.02529985,-0.01324385,0.1275946,-0.004626274,0.01237144,0.1197422,0.01230007,0.0349283,0.09410375,0.03293815,COOL
-0.07495035,0.05439657,0.001360536,-0.04731426,0.02756563,0.03187272,-0.01875599,0.1262728,-0.005945683,0.01357919,0.1206281,0.003590614,0.04077543,0.09582195,0.02256766,COOL
-0.07139021,0.05591118,0.01362509,-0.04650553,0.04051456,0.03671059,-0.02431462,0.1248536,-0.009698659,0.01295771,0.1205506,-0.008634835,0.04529927,0.09656027,0.007694989,COOL
-0.06120431,0.05414546,0.03990993,-0.03655109,0.04627869,0.04713163,-0.03260814,0.1230934,0.0005780756,0.003945477,0.1198345,-0.006778657,0.04189404,0.09716946,-0.004455209,COOL
-0.04424021,0.05108333,0.05385357,-0.01914083,0.02250937,0.05878043,-0.01672026,0.1243076,0.02643919,0.01712905,0.1191374,0.01364809,0.05484872,0.09228298,0.004791617,COOL
-0.01507057,0.0345163,0.07474613,-0.005814396,0.008242399,0.06620455,-0.005528852,0.114594,0.05823606,0.02488967,0.1138141,0.0358755,0.05977107,0.08853248,0.0152939,COOL
0.001264125,0.02594724,0.07739386,-0.001459822,0.002982944,0.07170331,0.003382608,0.1025191,0.07514909,0.03156103,0.1066344,0.04892063,0.06339806,0.08367896,0.02425665,COOL
0.008223273,0.02319431,0.07511145,-0.002476566,-0.0003958344,0.07394004,0.009183727,0.09149605,0.08428016,0.0367204,0.1002856,0.0566425,0.06717982,0.07792312,0.03126493,COOL
0.01694748,0.01733014,0.07352284,-0.0003693849,-0.005251765,0.07690054,0.01627599,0.0682534,0.09646881,0.04299401,0.08972535,0.06689554,0.07237832,0.0694893,0.03821087,COOL
0.01446894,0.01267028,0.07549143,-0.001980528,-0.005833656,0.08014685,0.01530017,0.05713445,0.1015029,0.04359269,0.08316699,0.07386997,0.07446207,0.06422171,0.04357558,COOL
0.01036038,0.01123276,0.07706773,-0.004325606,-0.005820572,0.08099717,0.01426081,0.05664006,0.1029248,0.04425792,0.08155531,0.07563138,0.07554267,0.06229144,0.04529724,COOL
0.004799157,0.01039821,0.07866922,-0.005975597,-0.006343365,0.08058417,0.01305082,0.06499869,0.1017414,0.04394138,0.08337384,0.07494545,0.07486591,0.06320643,0.04555723,COOL
-0.01325566,0.01614743,0.07926518,-0.01398555,-0.002596349,0.07420218,0.00448823,0.09781247,0.08328378,0.03832699,0.09739476,0.06284702,0.06948736,0.07151908,0.04111004,COOL
-0.04594877,0.03824693,0.06248599,-0.02659782,0.01300138,0.0607233,-0.01968068,0.1223745,0.03809929,0.01772402,0.1185149,0.02336609,0.05716178,0.08897069,0.01847616,COOL
-0.07996988,0.04614687,0.01346561,-0.04011921,0.02002496,0.04247752,-0.03075823,0.1217785,0.01802924,0.01013482,0.1204813,0.01243913,0.04731799,0.09451416,0.02128211,COOL
-0.0848791,0.04358146,-0.009985387,-0.04503787,0.01932153,0.03703946,-0.03698151,0.1143513,0.02604899,0.01050355,0.1198944,0.01790413,0.04462207,0.09412694,0.03051648,COOL
-0.07781742,0.0483326,-0.03225049,-0.05428236,0.01667282,0.01709285,-0.02356258,0.125003,0.01395348,0.00343436,0.1170127,0.03161249,0.02483577,0.0892739,0.05333588,COOL
-0.07582796,0.05202147,-0.02759925,-0.05263789,0.01158693,0.006542414,-0.01633894,0.1263632,0.02195016,-0.006420486,0.1109678,0.04712471,0.007137023,0.08007342,0.06785569,COOL
-0.05258429,0.07199478,-0.01429948,-0.04762451,0.02366072,-0.01072717,-0.01963507,0.1106577,0.06230864,-0.01874932,0.085713,0.08333883,-0.03908441,0.04493538,0.07771662,COOL
-0.04881186,0.06819719,-0.004629135,-0.04484422,0.03124616,-0.01487312,-0.01834594,0.1084689,0.06666598,-0.01977987,0.08238134,0.0869858,-0.03261352,0.04387385,0.08903858,COOL
-0.04911947,0.06502688,-0.002404749,-0.04336733,0.03594854,-0.01612341,-0.01741439,0.1081994,0.06738946,-0.01736549,0.08143854,0.0890885,-0.02661999,0.04132527,0.0948171,COOL
-0.06605002,0.05672482,-0.008343667,-0.05014905,0.01260895,-0.008777887,-0.02388336,0.1202526,0.03782326,-0.02283773,0.09984598,0.0615932,-0.03971764,0.05362985,0.06057605,COOL
-0.06692065,0.05889153,-0.03198397,-0.04936986,0.01092657,-0.006199628,-0.02341984,0.121666,0.03295508,-0.01908482,0.1036618,0.0563904,-0.007963069,0.07264048,0.07560188,COOL
-0.07191162,0.05454817,-0.03258327,-0.05265166,0.009400785,-0.003035396,-0.037533,0.1131598,0.0410569,-0.02870126,0.09771925,0.05990139,-0.01530056,0.06737274,0.07530764,COOL
-0.07282555,0.05343193,-0.03518057,-0.0538292,0.009738028,-0.002189457,-0.04155348,0.1107891,0.04081029,-0.0313699,0.09657282,0.05921218,-0.01676686,0.06698242,0.07475853,COOL
-0.07726552,0.0444583,-0.03545088,-0.05713946,0.008101404,-0.0006405115,-0.05905256,0.1035491,0.02795401,-0.03996503,0.0988346,0.04661158,-0.02162045,0.07442892,0.06560621,COOL
-0.07806367,0.04442456,-0.03316873,-0.05742883,0.008697033,0.001026988,-0.06148561,0.101451,0.0271394,-0.03947438,0.098627,0.04622892,-0.01986649,0.07492003,0.06528622,COOL
-0.07806616,0.0441727,-0.03154027,-0.05646277,0.009355217,0.003508061,-0.06261011,0.0995675,0.02215299,-0.03720389,0.100531,0.04150593,-0.01590664,0.07853302,0.06094399,COOL
-0.07542741,0.04746675,-0.02370703,-0.05790894,0.01548979,0.004045904,-0.06054612,0.09920347,0.0178121,-0.03483496,0.1018576,0.03787941,-0.01444103,0.07983923,0.05718708,COOL
-0.07699548,0.04756254,-0.01148552,-0.06330242,0.03002414,0.005045056,-0.0492784,0.1126617,0.01680732,-0.02961749,0.1046596,0.04056233,-0.009081398,0.07940105,0.06206787,COOL
-0.07687971,0.04768401,-0.01070982,-0.06352199,0.0325011,0.004315972,-0.04727462,0.1143759,0.01483104,-0.0280551,0.1060055,0.03903982,-0.008089267,0.08035856,0.0612154,COOL
-0.07754864,0.04644272,-0.0083915,-0.06462592,0.0367921,0.00295639,-0.04400039,0.117626,0.01268601,-0.02577025,0.1081465,0.03792369,-0.006992128,0.08119085,0.06122619,COOL
-0.07588135,0.05039731,-0.005942285,-0.06199244,0.04849172,0.001983821,-0.02949465,0.1238089,0.0106819,-0.01008036,0.1125368,0.03720248,0.005236655,0.08189923,0.06267416,COOL
-0.07373771,0.05474105,-0.003380716,-0.05995727,0.04556647,0.007495582,-0.02515491,0.123663,0.01530886,-0.004242122,0.1116166,0.03969407,0.01167606,0.08053431,0.06315303,COOL
-0.07293081,0.05661291,-0.004920125,-0.05770542,0.03855187,0.008549333,-0.02123743,0.1245791,0.019912,-0.003031753,0.1101416,0.0449214,0.01153442,0.07735425,0.06754464,COOL
-0.07255202,0.05730516,-0.006094992,-0.05623185,0.03605172,0.00847894,-0.01897526,0.1255868,0.0173983,-0.001495019,0.1110837,0.04290929,0.01284876,0.07854009,0.06606293,COOL
-0.07220215,0.05740669,-0.008564353,-0.05580698,0.03489751,0.007090747,-0.01859094,0.1261291,0.01394981,-0.00160072,0.112194,0.04020223,0.01227958,0.08016455,0.06441322,COOL
-0.07288729,0.05570915,-0.009713739,-0.05794086,0.03410256,0.00682047,-0.02323962,0.1251484,0.009385377,-0.004518449,0.1135508,0.03537267,0.01031172,0.08334443,0.06059849,COOL
-0.07326227,0.05319408,-0.007147849,-0.06096966,0.03169084,0.008445531,-0.02844203,0.1233928,0.0147422,-0.008688405,0.1122585,0.03944135,0.006903894,0.08189172,0.06345016,COOL
-0.07535863,0.05044177,-0.02503896,-0.05560662,0.02266741,0.005112648,-0.02659523,0.1249468,-0.001084119,-0.008951079,0.1162055,0.02540216,0.006402202,0.08949003,0.05203441,COOL
-0.07580472,0.04840273,-0.03000501,-0.05581446,0.02268511,0.00273186,-0.02747227,0.1247348,-0.006082326,-0.01044043,0.1169358,0.02163011,0.00438989,0.09106991,0.04959986,COOL
-0.07591623,0.0470244,-0.0323967,-0.05644664,0.0228852,0.001151472,-0.0285715,0.1243242,-0.00921154,-0.01169176,0.1173098,0.01908037,0.002860084,0.09204262,0.04800519,COOL
-0.07682883,0.04475251,-0.03354877,-0.0574673,0.02287742,-0.0001391172,-0.03094345,0.1234644,-0.01315922,-0.0137594,0.1176778,0.01561055,0.001126572,0.09336036,0.04569188,COOL
-0.07780841,0.04270604,-0.03235587,-0.05902205,0.02380297,-0.001257509,-0.03381984,0.1218722,-0.01844573,-0.01576651,0.1179026,0.01024237,-0.000110276,0.09526259,0.04158115,COOL
-0.07764103,0.04267293,-0.030359,-0.06054048,0.02590922,-0.002354234,-0.03478104,0.1210764,-0.02070546,-0.01631368,0.1179408,0.00758478,-0.0004699826,0.09614167,0.03942826,COOL
-0.07660586,0.04465365,-0.02420244,-0.0625831,0.02914509,-0.00259313,-0.03545965,0.1213471,-0.01707399,-0.01711967,0.1173918,0.01040736,-0.001170758,0.09507355,0.04132605,COOL
-0.07726026,0.04416946,-0.02562049,-0.05833148,0.0247989,0.001164943,-0.03207142,0.1218329,-0.02222049,-0.01264723,0.1187015,0.005426973,0.004577368,0.0972608,0.03664729,COOL
-0.07538208,0.0480997,-0.02072945,-0.05894576,0.02898058,0.002167344,-0.02824712,0.1234204,-0.01772767,-0.008101087,0.1190439,0.009010464,0.008743301,0.09606227,0.0397394,COOL
-0.07509866,0.04887822,-0.02022272,-0.0586514,0.02967444,0.002476424,-0.02749184,0.1236118,-0.01689044,-0.007241528,0.118966,0.009594977,0.009620432,0.09576294,0.04005334,COOL
-0.07477873,0.05038723,-0.01954818,-0.05704723,0.02921697,0.00431174,-0.02587945,0.1241584,-0.01420707,-0.005645327,0.1186378,0.01158404,0.01145091,0.09486687,0.0410288,COOL
-0.07642379,0.04708511,-0.02477649,-0.05690629,0.02572328,0.003726542,-0.02907872,0.1232417,-0.01616001,-0.008813716,0.118617,0.01000407,0.008121196,0.09564197,0.03940567,COOL
-0.07627665,0.04302162,-0.03513691,-0.05613681,0.02085963,0.001900464,-0.0285293,0.1227472,-0.02226681,-0.009695776,0.1193233,0.005543679,0.005896457,0.09746429,0.03633296,COOL
-0.075955,0.04436475,-0.03135848,-0.05754089,0.02530417,0.002208352,-0.02843857,0.1214133,-0.02705291,-0.006956112,0.1194943,-0.001044273,0.009593137,0.09912568,0.03073311,COOL
-0.07567533,0.0454272,-0.03061125,-0.05712669,0.02488568,0.002882272,-0.02864144,0.1222598,-0.02176577,-0.006775819,0.1195012,0.003587067,0.009561859,0.09784707,0.03496921,COOL
-0.07229245,0.04983214,-0.0371435,-0.05406907,0.02320409,0.002438784,-0.02134446,0.1251173,-0.01025802,-0.001863196,0.118823,0.01664108,0.01188686,0.09327173,0.04630551,COOL
-0.07248349,0.05192077,-0.03535306,-0.05459019,0.024735,0.003834307,-0.0202563,0.1259085,-0.004300773,-0.001889043,0.1175992,0.02281135,0.01241203,0.09066701,0.05043441,COOL
-0.07278448,0.05131286,-0.03609294,-0.05455593,0.02446344,0.003394097,-0.02101868,0.1257585,-0.004937083,-0.002400793,0.1177466,0.02220082,0.01161713,0.09091577,0.0500977,COOL
-0.07300614,0.05073258,-0.03650615,-0.05444643,0.02408931,0.003028035,-0.02186975,0.1255505,-0.005760968,-0.003130697,0.1178708,0.02139944,0.01080097,0.09126583,0.04948756,COOL
-0.07466292,0.04801473,-0.03487861,-0.05511798,0.02241299,0.001995116,-0.02756739,0.1241269,-0.007628173,-0.009291396,0.1174392,0.01955685,0.005687665,0.09212697,0.04760787,COOL
-0.07415179,0.04845196,-0.03489777,-0.05509581,0.02232975,0.001358837,-0.02763739,0.1241365,-0.006516784,-0.009867005,0.1171165,0.02084351,0.004800826,0.09154308,0.0487639,COOL
-0.0729152,0.04962811,-0.03465709,-0.05555534,0.02237576,-0.000182122,-0.02798038,0.1242028,-0.002844065,-0.01137881,0.1161726,0.0250476,0.002147079,0.08955374,0.05261436,COOL
-0.07256868,0.05009085,-0.03446266,-0.0559003,0.02268845,-0.0005219579,-0.02816996,0.1241811,-0.0012151,-0.01176087,0.1157854,0.02679867,0.001425229,0.08870646,0.05417523,COOL
-0.07146523,0.05161542,-0.03304496,-0.05719785,0.02405825,-0.001778811,-0.03032881,0.1231748,0.003608763,-0.0139568,0.1141539,0.03153187,-0.001584465,0.08604953,0.0582118,COOL
-0.07083899,0.05248758,-0.03300619,-0.05728123,0.02376077,-0.00213635,-0.03117301,0.1226456,0.007313371,-0.01487924,0.1129993,0.03515452,-0.002858978,0.08408147,0.0611805,COOL
-0.06977832,0.05532727,-0.03775415,-0.05472106,0.02055317,-0.0007808506,-0.02924804,0.1221838,0.01806557,-0.0133898,0.1099065,0.04508096,-0.001372343,0.07870221,0.06861317,COOL
-0.07206079,0.05661386,-0.02867609,-0.05551101,0.0231294,0.003999799,-0.02852464,0.1213539,0.02273333,-0.01016208,0.1088799,0.04736507,0.003444403,0.07746911,0.06897038,COOL
-0.07392676,0.05579704,-0.02548337,-0.05694586,0.02363968,0.006453067,-0.03134389,0.1193067,0.0262194,-0.009292133,0.1083354,0.04907435,0.005722292,0.07670167,0.07015952,COOL
-0.07571346,0.05400035,-0.02177602,-0.05753414,0.02371582,0.00843519,-0.03179412,0.1196076,0.0241608,-0.008464977,0.1097824,0.04628009,0.007831078,0.07883501,0.06770617,COOL
-0.07562821,0.05402404,-0.02019507,-0.0573845,0.0234395,0.00886628,-0.03117123,0.1198488,0.02408579,-0.008207891,0.1098598,0.04612431,0.008167766,0.07903847,0.0673703,COOL
-0.07644365,0.05247116,-0.01587954,-0.05698036,0.02367169,0.009089738,-0.03109291,0.1213771,0.02041468,-0.01019583,0.1104443,0.04396468,0.006909423,0.08031809,0.06538484,COOL
-0.07587325,0.05252188,-0.01507908,-0.05784205,0.02598581,0.007736772,-0.03192776,0.1213638,0.01856798,-0.01198383,0.1103238,0.04298514,0.004850604,0.08041999,0.06495222,COOL
-0.07521313,0.05250657,-0.01662371,-0.05907536,0.02782172,0.005141884,-0.03212401,0.1218144,0.01673588,-0.01417232,0.1101085,0.04261148,0.001300521,0.07989988,0.06560513,COOL
-0.07230933,0.05584773,-0.02511409,-0.0590237,0.02993861,3.316998E-05,-0.02980108,0.1222166,0.01847905,-0.01588593,0.1083095,0.04610911,-0.004252106,0.07628712,0.06972244,COOL
-0.07193027,0.05600509,-0.02618471,-0.05916302,0.029966,-0.0009448528,-0.03084017,0.1217643,0.01930118,-0.01745061,0.1076217,0.04701716,-0.006226636,0.07538602,0.07049966,COOL
-0.07251109,0.05476943,-0.02147371,-0.05988627,0.02500358,-0.001282573,-0.04059873,0.1162271,0.02811676,-0.02735552,0.1013489,0.05407465,-0.01486403,0.06916818,0.07446444,COOL
-0.07142889,0.05408493,-0.02358684,-0.06014742,0.02397731,-0.003895164,-0.04662129,0.1129902,0.02747375,-0.03309962,0.09975606,0.05272496,-0.02115591,0.06874147,0.07223374,COOL
-0.06886086,0.05301535,-0.03011951,-0.05948613,0.02532825,-0.01021916,-0.05119884,0.1117212,0.01950204,-0.04139191,0.09885946,0.04475442,-0.03037043,0.07010072,0.06571954,COOL
-0.06784518,0.05239114,-0.03268033,-0.05893373,0.0243398,-0.01220936,-0.05299601,0.1109359,0.01722008,-0.04420178,0.09836143,0.04194471,-0.03314264,0.07053047,0.06343764,COOL
-0.06615999,0.05221996,-0.03697151,-0.05805976,0.02208456,-0.01380527,-0.05381856,0.1108521,0.01532722,-0.04628298,0.09805313,0.03933495,-0.03532061,0.07104966,0.06115443,COOL
-0.06174736,0.05219337,-0.04287568,-0.05544704,0.01878044,-0.01901686,-0.0565064,0.1102911,0.01158231,-0.05214036,0.09643993,0.03490975,-0.04274811,0.06972724,0.05703947,COOL
-0.07135121,0.04829195,0.02938884,-0.04076523,0.02238423,0.04424876,-0.03055131,0.1172236,0.03029209,0.008886129,0.1170119,0.02487212,0.04570955,0.09196427,0.02983987,COOL
-0.06771585,0.04855758,0.03440005,-0.03997669,0.0237602,0.04572165,-0.02902329,0.1186604,0.02897516,0.009787694,0.1172604,0.02367818,0.04675584,0.09201694,0.02785534,COOL
-0.06779642,0.04869676,0.03432342,-0.04020566,0.02374613,0.04548699,-0.02849681,0.1190174,0.02886066,0.01026209,0.1171744,0.02415448,0.04698466,0.09169394,0.02855572,COOL
-0.0691001,0.04931301,0.03199574,-0.04088913,0.0238502,0.04446566,-0.02793949,0.1191804,0.02866095,0.01115498,0.117112,0.02450156,0.04735745,0.09115607,0.02985841,COOL
-0.07048208,0.04982713,0.02920645,-0.04310771,0.02477169,0.04230326,-0.02832249,0.119382,0.02763584,0.01117641,0.1171064,0.02502525,0.04634419,0.09053367,0.03272235,COOL
-0.07589766,0.05872816,-0.009190321,-0.05321616,0.02582654,0.02220404,-0.01497603,0.1225653,0.0296374,0.01149908,0.1100173,0.046453,0.03089426,0.07781574,0.06371677,COOL
-0.06565447,0.06670272,-0.0238685,-0.05311285,0.0285053,0.005762756,-0.01002363,0.1226594,0.03284883,-0.0004697219,0.1039072,0.05760044,0.006444909,0.06962997,0.07546645,COOL
-0.06122636,0.07004267,-0.01920369,-0.05197504,0.02751386,0.0030891,-0.01115888,0.1191997,0.04200655,-0.003456056,0.09867862,0.06527436,-0.0008751452,0.06400597,0.07923719,COOL
-0.04979311,0.0793128,-0.01951909,-0.0476302,0.02710897,-0.0007400513,-0.02089465,0.1055794,0.06152329,-0.005302377,0.08376023,0.08431628,-0.006299533,0.04621032,0.0923622,COOL
-0.04248005,0.08184877,-0.01613417,-0.04603522,0.0287365,-0.004208863,-0.0215966,0.1021463,0.06708345,-0.00807555,0.07842511,0.08981544,-0.00781808,0.03893262,0.09781808,COOL
-0.04026101,0.08126906,-0.01264441,-0.0456938,0.03112644,-0.006140888,-0.02054902,0.102153,0.0683561,-0.01002004,0.07741874,0.09113938,-0.01135881,0.03643054,0.0991312,COOL
-0.0489504,0.06824037,0.003494322,-0.04973875,0.03147015,-0.004408658,-0.01921551,0.1039627,0.06858265,-0.01112536,0.07964832,0.08881563,-0.01125892,0.0374586,0.09891254,COOL
-0.07051935,0.05819958,-0.02332178,-0.0527531,0.01646742,-0.002423257,-0.02840206,0.1197307,0.03514156,-0.02266459,0.09983456,0.05953246,-0.01471637,0.06672376,0.07589731,COOL
-0.07163675,0.05753434,-0.02448094,-0.05283196,0.01584846,-0.001161724,-0.02783451,0.1199631,0.03460011,-0.02072598,0.1006926,0.05908009,-0.01118971,0.06786668,0.07608214,COOL
-0.07691285,0.0530625,-0.02704021,-0.05367513,0.0135442,0.004247397,-0.02995938,0.119953,0.03206205,-0.0162986,0.1037372,0.05622742,-0.001292951,0.07211682,0.07453182,COOL
-0.08820751,0.04115185,-0.01466224,-0.05382393,0.008084297,0.02287292,-0.03869081,0.1168483,0.03362966,-0.00669536,0.1102204,0.04869306,0.02184577,0.08220494,0.064033,COOL
-0.08628064,0.0403522,-0.002214253,-0.04614135,0.01343015,0.04190016,-0.0426126,0.1119857,0.03572688,0.0002980158,0.1161093,0.03333515,0.03877434,0.0921444,0.04078215,COOL
-0.08124892,0.04744637,-0.001823664,-0.04576445,0.01790956,0.04019099,-0.03630284,0.1133491,0.03521034,0.007155299,0.1160167,0.03270784,0.0425339,0.08998862,0.04123631,COOL
-0.07582099,0.04965615,0.01470545,-0.04902671,0.02258185,0.03838485,-0.03297352,0.1145625,0.03320959,0.008233666,0.1160811,0.0316785,0.04134324,0.08923918,0.0422276,COOL
-0.07456633,0.04923785,0.01924494,-0.04979234,0.02298662,0.03752404,-0.03305564,0.1140334,0.03434461,0.008046389,0.1157041,0.03298381,0.04064655,0.08859608,0.04373157,COOL
-0.07593906,0.05515555,-0.0009363294,-0.05324613,0.02132732,0.02288079,-0.02185538,0.1206326,0.03051582,0.007102013,0.1114526,0.04355785,0.0286181,0.08156168,0.05946213,COOL
-0.07317086,0.05878529,-0.006775141,-0.05326236,0.02263221,0.0161486,-0.01380485,0.1230485,0.02913687,0.006242856,0.1091473,0.04821017,0.02287543,0.07786041,0.06556159,COOL
-0.07014588,0.0610587,-0.01056343,-0.05331343,0.0273056,0.009439111,-0.01018479,0.1251141,0.02403378,0.002978787,0.1090472,0.04772025,0.01627871,0.07681447,0.06817782,COOL
-0.07356539,0.05906746,-0.02705774,-0.05188984,0.01820201,0.004754573,-0.01851848,0.1218085,0.03403628,-0.007588543,0.1039317,0.05757642,0.004996501,0.07035726,0.07639819,COOL
-0.07391372,0.06044552,-0.02939194,-0.05052663,0.01193175,0.005691648,-0.02118036,0.1158525,0.04934537,-0.008949779,0.09660375,0.06949306,0.004049703,0.06210035,0.08343017,COOL
-0.07345056,0.06094414,-0.03066105,-0.04981639,0.0114778,0.005610764,-0.02175565,0.1150949,0.05052358,-0.009223163,0.09583226,0.07035404,0.00405623,0.06128773,0.08399618,COOL
-0.07334831,0.06134808,-0.031077,-0.04941727,0.01118115,0.006563455,-0.02249622,0.1143427,0.05189788,-0.008708298,0.09521702,0.07138121,0.005332403,0.06038865,0.08475477,COOL
-0.0721481,0.06232977,-0.03253099,-0.0493018,0.01163962,0.006319195,-0.02237936,0.1144092,0.05192426,-0.008443698,0.09515795,0.07160524,0.005502991,0.06002745,0.08517346,COOL
-0.07258682,0.06194562,-0.02799687,-0.05310239,0.01538226,0.007735223,-0.02396739,0.1153977,0.04938617,-0.009971604,0.09589034,0.07018593,0.003525153,0.06029946,0.0847325,COOL
-0.07363212,0.06080621,-0.0224542,-0.05539872,0.01858217,0.0102163,-0.02162493,0.1171483,0.04612195,-0.007403135,0.09838843,0.06681737,0.005833209,0.06329221,0.08194494,COOL
-0.07401915,0.06023541,-0.01873985,-0.05577993,0.01954356,0.01124808,-0.02089892,0.1175185,0.04515213,-0.006364077,0.09921399,0.06551915,0.007088266,0.06448263,0.08069953,COOL
-0.07242687,0.05772462,-0.01286417,-0.05205476,0.017378,0.00919798,-0.02055611,0.1207365,0.03065142,-0.004394636,0.1063366,0.05163592,0.01077464,0.07532105,0.06949231,COOL
-0.07253596,0.05556214,-0.002530634,-0.0530457,0.01763391,0.01137075,-0.02355137,0.1198432,0.03006524,-0.004419737,0.1072958,0.04975453,0.0126606,0.07731321,0.06716308,COOL
-0.07017799,0.05745667,-0.02224573,-0.05358331,0.02055636,0.003448516,-0.02787973,0.1193109,0.01851553,-0.00678008,0.1107222,0.03992599,0.00679855,0.08178535,0.06209031,COOL
-0.07001387,0.05731729,-0.01940712,-0.05372002,0.0191558,0.002349108,-0.03144133,0.1175718,0.02007052,-0.009565175,0.1097375,0.04163173,0.003269419,0.08056015,0.06346509,COOL
-0.06942436,0.05758446,-0.01517045,-0.05337174,0.01851913,0.002705157,-0.03004161,0.1180041,0.02151299,-0.009488858,0.1091332,0.04299304,0.003715038,0.08016747,0.06432185,COOL
-0.06667546,0.05843112,-0.007158101,-0.05325036,0.02000362,0.003693283,-0.03270026,0.1153638,0.02521729,-0.009236462,0.1078395,0.0441618,0.00403934,0.07943273,0.06405848,COOL
-0.06584711,0.05844507,-0.004763007,-0.05338601,0.02060267,0.003953815,-0.03512283,0.113572,0.02635166,-0.00945498,0.1074442,0.04442355,0.003523096,0.07904136,0.0639199,COOL
-0.06304144,0.05966428,0.0001472831,-0.05375951,0.02396607,0.005381435,-0.04785034,0.1015739,0.0288862,-0.006916262,0.1071014,0.04501304,0.004120432,0.07751554,0.06427327,COOL
-0.06347083,0.06000584,0.001031578,-0.05342575,0.02425036,0.007250905,-0.05709068,0.0817368,0.0274325,-0.004484825,0.1082846,0.04287565,0.00704813,0.07850176,0.06248093,COOL
-0.06460921,0.05915457,0.001954883,-0.05341672,0.02335766,0.008538276,-0.0365697,0.1102024,0.02620938,-0.003760383,0.1087678,0.04229444,0.008925349,0.07921174,0.06182072,COOL
-0.07149538,0.05401197,-0.007028341,-0.05342866,0.01791435,0.00818938,-0.02654901,0.1208352,0.01828733,-0.006890796,0.1110096,0.03958568,0.01014872,0.08327222,0.05992365,COOL
-0.07373628,0.05271709,-0.02244446,-0.05356778,0.01438603,0.002522618,-0.03155921,0.1196216,0.0211246,-0.01623056,0.1080608,0.04481524,-0.0002126694,0.07982421,0.06528014,COOL
-0.07265052,0.05270615,-0.03225267,-0.05374616,0.01312456,-0.001443744,-0.03593922,0.1174688,0.02483675,-0.02288296,0.1050155,0.04865339,-0.008362688,0.07606548,0.068802,COOL
-0.07255226,0.05259144,-0.03447896,-0.05433124,0.0124625,-0.003213763,-0.03961723,0.1157434,0.02916503,-0.02842579,0.1013899,0.05325082,-0.01473923,0.07146567,0.07263622,COOL
-0.06931951,0.05464435,-0.0361042,-0.05571285,0.01332784,-0.008855611,-0.04436415,0.113333,0.03609651,-0.03816843,0.09483972,0.05911314,-0.02801466,0.06247267,0.07639027,COOL
-0.07254393,0.05131862,-0.0271363,-0.05893647,0.01569241,-0.007388294,-0.05413301,0.1075715,0.03367496,-0.04455293,0.09150028,0.05652833,-0.03189475,0.06114846,0.07361871,COOL
-0.07935979,0.04325825,-0.008744717,-0.06512611,0.0439387,-0.003993899,-0.05086916,0.1140609,0.00960964,-0.03592829,0.1033332,0.03656301,-0.01744,0.07721105,0.06053525,COOL
-0.07971469,0.04135451,0.02212742,-0.0618249,0.03571203,0.03656453,-0.04715597,0.1029198,0.04488975,0.001888379,0.1124384,0.04356569,0.03614723,0.08301651,0.05683687,COOL
-0.07886589,0.04710907,0.008377105,-0.05037663,0.01811925,0.03975141,-0.0396728,0.108429,0.04070237,0.004055619,0.1144205,0.03816056,0.03998111,0.08791181,0.04782996,COOL
-0.08173394,0.04741439,-0.004495829,-0.05274436,0.0185664,0.03102902,-0.04094187,0.1115049,0.03174809,0.00375089,0.1160347,0.03423005,0.03548952,0.08843535,0.04994258,COOL
-0.0761463,0.05368966,-0.01877388,-0.0550799,0.02047673,0.0162544,-0.02982086,0.1198733,0.02176934,0.001379445,0.1135924,0.03791264,0.023173,0.08497077,0.05837381,COOL
-0.06171394,0.06564432,-0.02095982,-0.05139331,0.02371103,-0.002181798,-0.0151743,0.1212639,0.03205147,-0.008289956,0.1040749,0.05443344,-0.003356129,0.07138291,0.07249665,COOL
-0.059585,0.06744486,-0.02016589,-0.05017203,0.02305251,-0.003966987,-0.01765835,0.1182984,0.03794736,-0.01040467,0.1007531,0.05939317,-0.007756248,0.06729668,0.0750137,COOL
-0.04980931,0.07507488,-0.02404892,-0.0449724,0.02378184,-0.01140636,-0.02964718,0.1075288,0.05297267,-0.01910254,0.08835772,0.076294,-0.0204209,0.05144995,0.08668616,COOL
-0.05065963,0.06901911,-0.01041922,-0.0443119,0.0257099,-0.01405221,-0.03550284,0.1064146,0.05150837,-0.02480905,0.08665341,0.07761386,-0.0260693,0.04782695,0.08956176,COOL
-0.05255806,0.06624675,-0.009134859,-0.0453849,0.02563307,-0.01480365,-0.04195506,0.1046013,0.04933941,-0.02994879,0.08548322,0.0770734,-0.02959376,0.04637998,0.08939797,COOL
-0.05344195,0.0660376,-0.01231179,-0.04627163,0.0249514,-0.01569518,-0.04696827,0.1036567,0.04519954,-0.0345404,0.08625942,0.07357067,-0.03327792,0.04801461,0.08644816,COOL
-0.08542037,0.02660751,0.01151609,-0.06112332,0.006912708,0.02594686,-0.06338803,0.1073923,0.02418709,-0.03043097,0.1101016,0.03842801,0.006348046,0.09150261,0.05477619,COOL
-0.07742577,0.02631652,0.02375519,-0.06128813,0.006736398,0.0344564,-0.06611425,0.1046734,0.02692446,-0.0311693,0.1097058,0.03712282,0.01011791,0.09323522,0.05076769,COOL
-0.06876121,0.03156915,0.03110996,-0.05603143,0.007636338,0.04020792,-0.05858578,0.1071775,0.03227726,-0.02387733,0.1096357,0.04034305,0.01868325,0.09242398,0.04922402,COOL
-0.06393066,0.03465295,0.03509009,-0.05178918,0.008843005,0.04343364,-0.05424017,0.1090732,0.03289285,-0.01952066,0.1107259,0.03922796,0.02322403,0.09316319,0.04553235,COOL
-0.05234829,0.04532281,0.03343332,-0.04077872,0.01931551,0.05432731,-0.04327426,0.1130732,0.03280261,-0.007135384,0.1161712,0.02759215,0.03636986,0.09688306,0.02688724,COOL
-0.06219382,0.04617381,0.02407008,-0.04095192,0.02372321,0.05443877,-0.04158477,0.1129084,0.03170726,-0.004919566,0.1165093,0.02469659,0.03826836,0.09696564,0.02365193,COOL
-0.07036512,0.05098134,0.02129272,-0.04316571,0.03935274,0.04564568,-0.03524435,0.117161,0.01519468,0.003722243,0.1190542,0.005664349,0.0430508,0.09671748,0.01132822,COOL
-0.05895184,0.06336436,0.02019322,-0.0478083,0.05324724,0.02406698,-0.01872744,0.124937,-0.01376128,0.01847066,0.1184388,-0.008522213,0.04744679,0.09321952,0.01264873,COOL
-0.04734955,0.07248724,0.001399785,-0.04641881,0.04760417,0.008455664,0.01857187,0.1264512,-0.01307812,0.03153133,0.1141774,0.013767,0.0375089,0.08614689,0.04169881,COOL
-0.03615016,0.07267067,0.0101741,-0.04253903,0.03725052,0.003598928,0.02321704,0.1220139,0.02058837,0.02531111,0.1042815,0.04669139,0.002234027,0.06957522,0.05963653,COOL
-0.03589901,0.07147405,0.0116201,-0.04184735,0.03512433,0.001377642,0.01882617,0.1198904,0.03084001,0.0188453,0.1012715,0.05578187,-0.01291459,0.05670169,0.05634925,COOL
-0.04011802,0.07237992,0.002447009,-0.04285352,0.03216726,-0.004551381,-0.00133983,0.1149945,0.0465562,0.004617184,0.09443367,0.07039827,-0.004717909,0.05759019,0.08210608,COOL
-0.05907702,0.04909459,0.006361067,-0.05600334,0.03378338,-0.007712334,-0.05446336,0.07010829,0.09189746,-0.03721086,0.04225981,0.109599,-0.03498163,-0.002124608,0.1025924,COOL
-0.07196061,0.02234104,0.01248509,-0.06090142,0.01423854,-0.009126306,-0.05904464,0.05203703,0.10244,-0.04543685,0.02505705,0.1105415,-0.04040828,-0.01609376,0.09700346,COOL
-0.05813172,-0.004059225,0.05221215,-0.05740243,-0.01257852,0.02251679,-0.02864962,0.06820968,0.1034481,-0.006136417,0.05468968,0.1074302,0.01216567,0.02484766,0.1020242,COOL
-0.05991798,0.0353986,0.05183613,-0.03355205,-0.0019238,0.05620861,-0.01495623,0.1013217,0.07211632,0.02858267,0.1087575,0.04989636,0.06358864,0.07764021,0.04220596,COOL