-0.04182351,0.06559274,-0.02585357,-0.007832572,0.1157794,0.00855881,-0.01399448,0.1147822,0.03560454,-0.03659243,0.0230476,0.003800154,-0.03484052,0.006584674,0.01218489,TWO
-0.04154082,0.06696242,-0.02620104,-0.00750757,0.1160226,0.009061128,-0.01399301,0.1140899,0.03685901,-0.03333327,0.01423624,0.002622962,-0.03235818,0.00501743,0.01422688,TWO
-0.04166538,0.06674126,-0.02530444,-0.007759683,0.1160538,0.009660035,-0.01504288,0.1137274,0.0373964,-0.03288659,0.01386842,0.002093315,-0.03266145,0.005075037,0.01337582,TWO
-0.04116584,0.06621364,-0.0248757,-0.007695615,0.1159202,0.01078668,-0.01549031,0.1135262,0.03836936,-0.03285199,0.01201454,-0.001334101,-0.03309153,0.005054474,0.01205552,TWO
-0.04018752,0.06628215,-0.02480599,-0.007295765,0.1158807,0.01132891,-0.01559728,0.1135067,0.03856006,-0.03293338,0.01179478,-0.002960294,-0.03356326,0.005419493,0.01103613,TWO
-0.03823992,0.06561989,-0.02184987,-0.006264284,0.1156591,0.01217961,-0.01810241,0.1132941,0.03597695,-0.03241371,0.01031575,-0.008072704,-0.03295091,0.005112737,0.008102447,TWO
-0.03571901,0.06679296,-0.02195942,-0.003997684,0.115655,0.01383108,-0.01746587,0.1132481,0.03588277,-0.03117704,0.01061824,-0.008996218,-0.03286751,0.005273163,0.0069592,TWO
-0.03565279,0.06570822,-0.01960498,-0.001531497,0.1155913,0.01642889,-0.01756747,0.1126111,0.03786346,-0.03049935,0.01192117,-0.01016673,-0.03316503,0.00620845,0.005584151,TWO
-0.02952256,0.06593502,-0.02115428,0.01938102,0.1154184,0.01221126,0.002307639,0.1159024,0.03607392,-0.02823889,0.01652291,-0.01074114,-0.03239311,0.01200435,0.005045384,TWO
-0.02931575,0.06376803,-0.01725641,0.02991474,0.1119424,0.02009133,0.009729847,0.11327,0.04600298,-0.02967872,0.03060365,-0.01477304,-0.034751,0.02316347,-0.0009963214,TWO
-0.03031807,0.06382829,-0.01620615,0.0283855,0.1119033,0.02237818,0.00820709,0.1123285,0.04859918,-0.03013208,0.0299187,-0.01484174,-0.03515407,0.02250969,-0.001064509,TWO
-0.03161351,0.06353781,-0.01697066,0.02361825,0.1131476,0.02198479,0.00395643,0.1128964,0.04730824,-0.03113483,0.02865809,-0.01666743,-0.03599747,0.0216361,-0.002840579,TWO
-0.03037013,0.06251809,-0.02341998,0.01953451,0.1151282,0.016366,-0.002440289,0.1157807,0.04001033,-0.03156443,0.02561009,-0.02082545,-0.03663683,0.01978332,-0.006543577,TWO
-0.02688226,0.06715813,-0.02041665,0.0128331,0.1122479,0.03660452,-0.01812564,0.1073055,0.05691475,-0.0368252,0.03791386,-0.03108597,-0.04049397,0.02698934,-0.01825792,TWO
-0.02727662,0.06738883,-0.01954278,0.01404574,0.1119465,0.03726351,-0.01665084,0.1073565,0.05723014,-0.03733985,0.03891701,-0.03004569,-0.04080082,0.02769047,-0.01751018,TWO
-0.02426942,0.06961405,-0.01716059,0.01389144,0.1106,0.03990206,-0.02045682,0.1075574,0.05358529,-0.03899261,0.0451465,-0.02593043,-0.04005318,0.02731311,-0.01620278,TWO
-0.02976937,0.06699216,-0.01639971,0.01233023,0.1105686,0.04069772,-0.02474639,0.1070824,0.05183163,-0.03926686,0.0428679,-0.02432978,-0.03956113,0.02359942,-0.01544675,TWO
-0.02612502,0.06768015,-0.02270743,0.01353056,0.1135361,0.03170115,-0.01821899,0.1100156,0.05078587,-0.03796457,0.03935748,-0.02725497,-0.03968582,0.02332041,-0.01644054,TWO
-0.02404453,0.06824595,-0.02358189,0.01481312,0.1136338,0.03085917,-0.01599822,0.1105373,0.05088842,-0.0369634,0.03920436,-0.02798483,-0.03928518,0.02385485,-0.01696545,TWO
-0.02174781,0.06896621,-0.02314359,0.01702111,0.1133717,0.03054717,-0.01197676,0.1110618,0.05128133,-0.03519962,0.03837833,-0.02785099,-0.03852385,0.02440524,-0.01663148,TWO
-0.02233624,0.06875673,-0.02205563,0.01611072,0.1134727,0.02975979,-0.008372858,0.1114379,0.05153847,-0.03492162,0.03647149,-0.02493429,-0.03922801,0.02500424,-0.01287836,TWO
-0.02112734,0.06914616,-0.02113202,0.01603734,0.1130844,0.03121462,-0.009061791,0.1107385,0.05293706,-0.03323973,0.03573132,-0.02433655,-0.03833921,0.02485761,-0.01266944,TWO
-0.02603316,0.06853309,-0.02057397,0.004133046,0.1146815,0.02942282,-0.02503316,0.1077659,0.05254519,-0.03765386,0.0310047,-0.02438551,-0.04151834,0.02048188,-0.01190776,TWO
-0.0222165,0.07030541,-0.02074426,0.01692455,0.115864,0.01778829,-0.01255153,0.1113448,0.04923022,-0.03107814,0.02802104,-0.03071839,-0.03704163,0.0197306,-0.0193817,TWO
-0.02407098,0.06991318,-0.01959524,0.01531473,0.1158344,0.01893684,-0.01136705,0.1108225,0.05135903,-0.03148204,0.02621102,-0.02900767,-0.03721143,0.01817527,-0.01724303,TWO
-0.02504362,0.07068738,-0.01623774,0.01388194,0.1151337,0.02389401,-0.01081797,0.1081359,0.05704895,-0.03218204,0.02496672,-0.02498844,-0.03729101,0.01711839,-0.01288909,TWO
-0.02567282,0.06984133,-0.01810056,0.01278967,0.1153907,0.02360377,-0.01264803,0.1090168,0.05505848,-0.03203577,0.02547374,-0.02574551,-0.03724833,0.0176636,-0.01375008,TWO
-0.02741265,0.06872466,-0.01988134,0.009742975,0.1156753,0.02325949,-0.01297033,0.1097784,0.05375251,-0.03353702,0.02519923,-0.02503327,-0.03798385,0.01713809,-0.01210251,TWO
-0.0284972,0.068371,-0.01975515,0.007645443,0.1156912,0.02241239,-0.01259556,0.110552,0.05207255,-0.03431198,0.02520213,-0.02275458,-0.03865907,0.01761523,-0.01014516,TWO
-0.03077437,0.06746387,-0.01910424,0.004609376,0.1158126,0.02084973,-0.01298693,0.1114306,0.04974139,-0.03513379,0.02374992,-0.01987857,-0.03913043,0.01663998,-0.007458866,TWO
-0.04347485,0.0656268,-0.01255736,-0.005909652,0.1138854,0.02770123,-0.01122507,0.1095327,0.0530971,-0.04410861,0.01510924,-0.001336128,-0.03919874,0.008468062,0.01419243,TWO
-0.03840668,0.07250485,-0.01898366,-0.002826497,0.1110768,0.03726542,-0.005158216,0.1054946,0.06263232,-0.0484786,0.01551068,0.003352761,-0.03568575,0.01377434,0.02907187,TWO
-0.03203797,0.07515222,-0.02223811,-0.0008015633,0.1101776,0.04031667,-0.006018594,0.103274,0.06654492,-0.04870933,0.0200913,0.0001361072,-0.03730993,0.02251238,0.04129532,TWO
-0.03100263,0.07491344,-0.01864308,0.002633676,0.1107295,0.03999907,-0.005036384,0.1026897,0.06761682,-0.05002856,0.02725947,0.00203222,-0.03622982,0.02474374,0.04508209,TWO
-0.03566547,0.06947985,-0.01295274,0.008936971,0.1136391,0.03132814,-0.001833856,0.1057312,0.06245661,-0.04463726,0.03048927,0.00239253,-0.03494236,0.03017431,0.0435282,TWO
-0.03920737,0.0684773,-0.01664317,-0.002128556,0.1133287,0.03055656,-0.01085083,0.1077058,0.05713725,-0.05068843,0.03163701,0.003030837,-0.04178005,0.02196091,0.02678072,TWO
-0.03868727,0.06336156,-0.02410924,-0.007057317,0.1163422,0.008988172,-0.01539406,0.1170916,0.02752823,-0.03609636,0.01341769,-0.01076531,-0.039464,0.006435096,-0.001075774,TWO
-0.03685785,0.06565127,-0.01944908,-0.004053213,0.1156217,0.01925752,-0.01385642,0.112802,0.04539207,-0.04407609,0.0197531,-0.01631638,-0.04191014,0.01364633,0.000965625,TWO
-0.03237116,0.07011181,-0.01877838,-0.003738731,0.1142688,0.0247938,-0.01129305,0.1105873,0.05147368,-0.0473874,0.02397722,-0.0121147,-0.04442876,0.01601893,0.003795326,TWO
-0.02281389,0.07719728,-0.02530086,-0.01448008,0.1096685,0.03574854,-0.02043048,0.1052584,0.05938786,-0.05194809,0.03041357,0.004669249,-0.05013166,0.01771355,0.01259911,TWO
-0.04116878,0.07389328,-0.03356546,-0.02162707,0.1090069,0.03543931,-0.01425251,0.1077869,0.05678064,-0.05495441,0.02357578,0.03121024,-0.02799598,0.01558477,0.04678953,TWO
-0.04708723,0.07111549,-0.03485593,-0.02515676,0.1068577,0.03822783,-0.01149554,0.1077319,0.05732915,-0.05245209,0.02048379,0.04562524,-0.01875301,0.01839852,0.05354765,TWO
-0.04189655,0.07063797,-0.05290538,-0.0293913,0.1017376,0.04524344,-0.00737077,0.1043721,0.06370181,-0.03781721,0.02485186,0.04999548,-0.01295482,0.01684946,0.05513859,TWO
-0.04236925,0.07032794,-0.05205637,-0.03174228,0.1010897,0.04610121,-0.008566439,0.1029755,0.06559891,-0.03514824,0.0317207,0.05630749,-0.003117017,0.0374251,0.07479042,TWO
-0.0385532,0.06789511,-0.0305301,-0.0397065,0.09656358,0.04664874,-0.01755609,0.1048743,0.05950004,-0.01280793,0.06379038,0.06106234,0.02274678,0.06239504,0.07346725,TWO
-0.03792574,0.06191513,-0.0528509,-0.06004117,0.01468748,0.043464,-0.01883911,0.1036775,0.05881733,0.004993469,0.09246665,0.0683229,0.01916865,0.06305808,0.07277507,TWO
-0.04815243,0.05799732,-0.04419473,-0.0500586,0.004133344,0.03728271,-0.01997516,0.1059344,0.05391586,0.001764037,0.09680593,0.06143415,0.01909222,0.0713743,0.06371927,TWO
-0.06972897,0.04576239,-0.011195,-0.04020765,0.004402518,0.04085624,-0.02127796,0.1101384,0.04355949,0.001911156,0.1018893,0.04956371,0.01847556,0.07745108,0.05165851,TWO
-0.01929042,0.03339976,0.04793021,-0.03132243,0.0004204214,0.03867462,-0.01495243,0.1115406,0.04142979,0.007662907,0.1024057,0.0473665,0.02236998,0.07727849,0.05004159,TWO
-0.01454664,0.04170364,0.05077082,-0.02751895,0.004797637,0.04430723,-0.004650518,0.1121474,0.04176527,0.01263276,0.1019311,0.04164791,0.018708,0.05910474,0.05197668,TWO
-0.01587092,0.05869538,-0.03765547,0.01242457,0.117367,0.01442596,-0.02614841,0.1188456,0.0131962,-0.02523801,0.0575991,-0.04523867,-0.033898,0.04284182,-0.03998387,TWO
-0.01720119,0.05869469,-0.03702939,0.01295879,0.1170458,0.01705253,-0.02595804,0.118471,0.01687583,-0.0255359,0.05534562,-0.04335093,-0.03439097,0.04062676,-0.03659859,TWO
-0.01723096,0.05987045,-0.0368048,0.01109324,0.1171285,0.01653159,-0.02574448,0.1182753,0.01849109,-0.02829063,0.05583537,-0.04364735,-0.03620439,0.03993738,-0.03613099,TWO
-0.01633856,0.06037065,-0.03668964,0.01136046,0.116879,0.01761776,-0.02540523,0.1181649,0.01945162,-0.02696884,0.05442524,-0.04337719,-0.03544406,0.0396902,-0.03585845,TWO
-0.0165039,0.06029114,-0.03631848,0.01275409,0.1165852,0.0186007,-0.02444778,0.1181298,0.02080569,-0.02608605,0.05365139,-0.0425114,-0.03431985,0.0388473,-0.03542978,TWO
-0.01943081,0.05666029,-0.03901514,0.01146252,0.1170183,0.01418054,-0.02589118,0.1182672,0.01655069,-0.02112088,0.04163471,-0.0393914,-0.03144143,0.0323956,-0.0330877,TWO
-0.02132452,0.05591157,-0.03836554,0.012105,0.117069,0.01386976,-0.02553999,0.1182392,0.01729405,-0.02168229,0.04075474,-0.03832194,-0.03140057,0.02995676,-0.03117466,TWO
-0.02272466,0.05555066,-0.03795981,0.01199119,0.1170892,0.01362374,-0.02489414,0.1183909,0.01751158,-0.02350701,0.04214653,-0.0397625,-0.03218269,0.02913964,-0.03035036,TWO
-0.03207497,0.05412316,-0.03463233,0.008448601,0.117184,0.009206802,-0.02380513,0.1176834,0.02320385,-0.03251814,0.03872332,-0.03254917,-0.03898859,0.02748466,-0.02393854,TWO
-0.03752445,0.05441576,-0.03080249,0.004927307,0.1175259,0.005071491,-0.02272799,0.117218,0.02507618,-0.03746055,0.03140789,-0.02701896,-0.04161809,0.02153334,-0.0152663,TWO
-0.04264132,0.05633339,-0.02584314,-0.007060774,0.1170011,0.004872054,-0.02647332,0.114929,0.02687976,-0.03933989,0.01647794,-0.01854914,-0.03895751,0.009551227,-0.002913117,TWO
-0.03852715,0.06447157,-0.02906388,-0.01852997,0.1146595,0.009981513,-0.02766858,0.1136499,0.03049803,-0.03925538,0.008113474,-0.01494777,-0.04289693,0.005878687,-0.002790332,TWO
-0.03825121,0.06467012,-0.02895528,-0.01595115,0.1152079,0.0108301,-0.02517464,0.1143408,0.03046972,-0.04039437,0.01037708,-0.01455379,-0.04372522,0.008021176,-0.002265871,TWO
-0.03742627,0.06462121,-0.02917385,-0.01467096,0.1154605,0.01146078,-0.02462929,0.1147078,0.02995786,-0.03884521,0.01001972,-0.01530343,-0.0428319,0.008090347,-0.002892971,TWO
-0.0367248,0.06437612,-0.02818885,-0.01245049,0.1157028,0.01279894,-0.02422792,0.1146896,0.03047398,-0.03612967,0.009206951,-0.01592562,-0.04134745,0.008116812,-0.004027188,TWO
-0.03765892,0.06250459,-0.02637866,-0.009367943,0.1160077,0.01401916,-0.02593433,0.1139541,0.03054893,-0.03236289,0.007662237,-0.01725516,-0.03839152,0.006966889,-0.005577058,TWO
-0.03883187,0.05649877,-0.02802294,0.004180416,0.1183636,0.004093766,-0.0279676,0.1151249,0.0252538,-0.03588326,0.01890054,-0.02549028,-0.03865921,0.01212138,-0.01002651,TWO
-0.04043784,0.05247968,-0.029672,0.005514584,0.1183138,0.0003675818,-0.02725939,0.1161643,0.02242631,-0.0366696,0.02200288,-0.02742192,-0.03886177,0.01422143,-0.0110954,TWO
-0.04211321,0.0497807,-0.03030992,0.004761845,0.1182455,-0.0007162094,-0.02719304,0.1165069,0.02184659,-0.03742034,0.02387851,-0.02727932,-0.0395501,0.01563358,-0.01111615,TWO
-0.04015896,0.05273917,-0.0316774,0.003296293,0.1179129,0.001195073,-0.02481265,0.1165406,0.0243772,-0.0387301,0.02429357,-0.02520123,-0.04048173,0.01662084,-0.008812189,TWO
-0.03295996,0.05539647,-0.0345962,0.01309662,0.1167679,0.0004222691,-0.01370575,0.1197971,0.02034211,-0.03396354,0.03082374,-0.02871364,-0.0385808,0.02154168,-0.01437515,TWO
-0.03356778,0.05813217,-0.02959079,0.0161241,0.1164516,0.002310574,-0.007816985,0.1192898,0.02617311,-0.03504308,0.03078526,-0.02435344,-0.03869098,0.02187976,-0.009290874,TWO
-0.0285359,0.06645006,-0.02213952,0.01554251,0.1162212,0.0115025,-0.00532946,0.1149287,0.04131469,-0.03387311,0.02288583,-0.01816374,-0.03749094,0.01663873,-0.00352791,TWO
-0.02800577,0.06554672,-0.02318871,0.01667669,0.1163013,0.01265144,-0.007469729,0.1150476,0.04139668,-0.03475171,0.02805993,-0.02099609,-0.03828406,0.01889366,-0.007285893,TWO
-0.02734893,0.06578925,-0.02318048,0.01688991,0.1161709,0.01377955,-0.007866621,0.1148336,0.04200086,-0.03439943,0.02860352,-0.0218583,-0.03821532,0.0191842,-0.008464038,TWO
-0.02763583,0.0670158,-0.02072996,0.006850645,0.1159767,0.02217188,-0.02123778,0.110279,0.04860267,-0.03372589,0.02524549,-0.02410698,-0.03869049,0.01723164,-0.01134628,TWO
-0.02719638,0.0686309,-0.01913422,0.004953504,0.1142892,0.03111559,-0.03013752,0.1053663,0.05324864,-0.03304534,0.02543005,-0.02844316,-0.0386906,0.01752058,-0.01603264,TWO
-0.02641197,0.07000378,-0.02003789,0.01005148,0.1126606,0.03716522,-0.03202145,0.1026644,0.05630893,-0.03274442,0.02703342,-0.02974311,-0.0388071,0.01852775,-0.01893628,TWO
-0.02644289,0.0699631,-0.01971143,0.01037992,0.1123238,0.03819919,-0.03228873,0.1023617,0.0568186,-0.03223716,0.02691495,-0.03016841,-0.03846936,0.01849282,-0.01947284,TWO
-0.02766468,0.07076204,-0.017492,0.01030281,0.1115221,0.04105276,-0.03249343,0.101371,0.05870289,-0.03684634,0.02971613,-0.03089359,-0.04105985,0.02066925,-0.01939029,TWO
-0.02709924,0.0718118,-0.01708019,0.01111986,0.1112957,0.04168475,-0.03272317,0.1011441,0.05847245,-0.03879052,0.03094575,-0.03015357,-0.04220854,0.02172896,-0.01827374,TWO
-0.02620473,0.07238844,-0.02031517,0.01066299,0.1128082,0.03782076,-0.03393591,0.1029775,0.05367911,-0.04088011,0.03217787,-0.03028855,-0.04328101,0.02235311,-0.01786399,TWO
-0.02537543,0.07288551,-0.02149379,0.01000337,0.1131698,0.03669184,-0.03400202,0.103655,0.05182475,-0.04167089,0.03314409,-0.02973276,-0.04380239,0.02293214,-0.01718223,TWO
-0.02421074,0.07367504,-0.02171326,0.008958824,0.113162,0.03658581,-0.034306,0.10346,0.05178255,-0.04160324,0.03339607,-0.0290876,-0.04353487,0.02255619,-0.0168702,TWO
-0.02448098,0.07337925,-0.02190408,0.008455515,0.1131833,0.03613752,-0.03368798,0.1035669,0.05231965,-0.04109643,0.03357139,-0.0288828,-0.04269896,0.02157366,-0.01719987,TWO
-0.03043289,0.06573683,-0.01933578,0.007912681,0.1140557,0.032096,-0.02938373,0.1069404,0.05081904,-0.03388579,0.03221726,-0.02985075,-0.0391478,0.02353546,-0.01969078,TWO
-0.02854607,0.06561258,-0.02140605,0.007607594,0.114952,0.02891719,-0.02886391,0.108465,0.04846111,-0.03292382,0.03196234,-0.02966556,-0.03831094,0.02254531,-0.0191972,TWO
-0.02731028,0.06508911,-0.02447319,0.007000625,0.1162153,0.02320287,-0.0278319,0.1106611,0.04453743,-0.03337621,0.03273627,-0.03026354,-0.03783051,0.02102661,-0.01909834,TWO
-0.04158297,0.05555689,-0.02721801,-0.002318069,0.1179453,0.003380805,-0.02686037,0.1155264,0.02759421,-0.03709712,0.01850984,-0.02368262,-0.03922386,0.01065111,-0.008041114,TWO
-0.04299942,0.05503505,-0.02670488,-0.005216375,0.1177542,0.002454758,-0.02804223,0.1151672,0.02681559,-0.03568415,0.01439178,-0.02073503,-0.03828466,0.008276582,-0.004707098,TWO
-0.04454932,0.05986565,-0.03004283,-0.01761868,0.1148218,-0.005603343,-0.02523637,0.1157965,0.01668978,-0.0335537,0.005211443,-0.003665268,-0.03187422,0.003097415,0.01243854,TWO
-0.04462317,0.06095979,-0.03231937,-0.01914509,0.1145027,-0.004867524,-0.02435663,0.1160875,0.01774204,-0.03466248,0.005357206,-0.001501739,-0.03176424,0.003213733,0.01439834,TWO
-0.04245496,0.06193087,-0.02860364,-0.01067216,0.116495,-0.0008103251,-0.01840926,0.1167888,0.02584282,-0.04189122,0.01404968,-0.004457563,-0.03818782,0.01100296,0.01162758,TWO
-0.04113441,0.06332615,-0.03024504,-0.01124647,0.1164519,-0.0007982552,-0.01958057,0.1165223,0.02557653,-0.04199728,0.01439339,-0.003615975,-0.03827275,0.01120305,0.01231584,TWO
-0.03937802,0.06407541,-0.03198799,-0.0117806,0.1163587,-0.0009688437,-0.02136482,0.1163684,0.02444285,-0.04178399,0.01448897,-0.00439775,-0.0386531,0.01084381,0.01139167,TWO
-0.04054668,0.06291774,-0.03042147,-0.01194521,0.1163188,-0.0007747412,-0.02224883,0.1161414,0.02464575,-0.04137642,0.01378253,-0.005044311,-0.03816014,0.009774894,0.0108552,TWO
-0.04122691,0.06228006,-0.02964693,-0.01194288,0.1163301,-0.0007833838,-0.02246663,0.1160826,0.02471399,-0.04114176,0.01347962,-0.005313307,-0.03795722,0.009318709,0.01058877,TWO
-0.04264096,0.0612635,-0.02748454,-0.01120792,0.1165039,-0.0001995265,-0.02206495,0.1159455,0.02583471,-0.04030908,0.01262298,-0.005575716,-0.03720019,0.008147061,0.01025721,TWO
-0.04194831,0.06123361,-0.02446032,-0.00793089,0.1168364,0.001002014,-0.02027451,0.1159092,0.02659312,-0.03739314,0.01171133,-0.006284475,-0.03566863,0.007006139,0.009032995,TWO
-0.04075189,0.06168512,-0.02504939,-0.007543214,0.1168097,0.001201451,-0.0206105,0.1158499,0.02592272,-0.03623485,0.01120415,-0.006639659,-0.03527617,0.006592214,0.008423626,TWO
-0.03915067,0.06255099,-0.02597862,-0.007703215,0.1166479,0.001162559,-0.02107901,0.1158333,0.02492249,-0.03463391,0.01010305,-0.006597877,-0.03461128,0.006017029,0.008103997,TWO
-0.03939069,0.06269112,-0.02717465,-0.008786507,0.1165902,-0.0006580651,-0.02137677,0.11611,0.02384973,-0.0346531,0.009853393,-0.005630732,-0.03435853,0.00593704,0.009137571,TWO
-0.04019344,0.06324077,-0.02932042,-0.009406649,0.1165734,-0.00151813,-0.01998485,0.1165271,0.02459365,-0.03730337,0.01082757,-0.004393458,-0.03494082,0.007101178,0.01118636,TWO
-0.03968885,0.06365243,-0.02981338,-0.009098649,0.1165853,-0.001040012,-0.01963145,0.1165023,0.02514762,-0.03796345,0.01134077,-0.004525572,-0.03526488,0.007583141,0.01126158,TWO
-0.03780616,0.06457239,-0.03265354,-0.00887648,0.1165093,-0.0004048347,-0.02019289,0.1162078,0.02480322,-0.04018608,0.01307648,-0.005471051,-0.03643099,0.009142756,0.01104838,TWO
-0.03756116,0.06467524,-0.03304717,-0.008825503,0.1165017,-0.0004011393,-0.02010056,0.1161842,0.02468795,-0.04034319,0.01322803,-0.005570501,-0.03646909,0.009224206,0.01102695,TWO
-0.04056315,0.06454048,-0.02866393,-0.005064905,0.1168735,-0.002780944,-0.01309027,0.1174347,0.02404702,-0.03805599,0.01402915,-0.002407819,-0.03545095,0.01015833,0.0126892,TWO
-0.04193332,0.06386313,-0.02723938,-0.005476899,0.1167907,-0.003929079,-0.0113484,0.1179392,0.02347136,-0.03650536,0.01304877,-0.001224339,-0.03463814,0.009647191,0.01352417,TWO
-0.04122723,0.06355125,-0.0278165,-0.005619593,0.1167317,-0.003887445,-0.01168783,0.1180492,0.02319753,-0.03587548,0.01250505,-0.002443165,-0.03484773,0.00931412,0.01227799,TWO
-0.03596117,0.06618226,-0.02749068,-0.004000217,0.1163799,0.002307832,-0.01467455,0.1162536,0.02569285,-0.03464512,0.012281,-0.005913734,-0.03377043,0.007864416,0.0098418,TWO
-0.03924105,0.06760612,-0.02399868,-0.005163282,0.1162139,-0.0006475449,-0.01060346,0.1166375,0.02485132,-0.03350475,0.01134595,0.001117945,-0.02998651,0.006864786,0.01649427,TWO
-0.04234385,0.06557366,-0.02144724,-0.006411403,0.116489,-0.004520744,-0.0096175,0.1176963,0.02363554,-0.03455884,0.01293764,0.003044903,-0.0308075,0.008272946,0.01736438,TWO
-0.04374135,0.06367713,-0.0202373,-0.006006055,0.116662,-0.006195694,-0.008688487,0.1183816,0.02330673,-0.03711378,0.01684433,0.002912223,-0.03264014,0.01011208,0.01626855,TWO
-0.04430669,0.06334034,-0.01890242,-0.005680278,0.116807,-0.004789829,-0.007968225,0.1182106,0.0249477,-0.03783114,0.01766798,0.003399789,-0.03306659,0.01053867,0.01650858,TWO
-0.04414266,0.06371149,-0.01842681,-0.00499659,0.1168924,-0.003698409,-0.006867871,0.1180556,0.02609468,-0.03772702,0.0178785,0.004047781,-0.03296512,0.01072645,0.0170027,TWO
-0.04117922,0.06741631,-0.01899451,-0.002127059,0.1171103,0.001800269,-0.00564386,0.1166125,0.03069672,-0.03503919,0.01952463,0.01013824,-0.03096579,0.009189844,0.02067277,TWO
-0.04200091,0.06785342,-0.01533991,-0.002990626,0.1170032,0.002537966,-0.005667649,0.1163025,0.03050241,-0.0336661,0.02009729,0.01389465,-0.02915946,0.008219898,0.0233694,TWO
-0.04348268,0.06448504,0.00134787,-0.00463824,0.1168771,0.00310114,-0.003895812,0.116187,0.03064737,-0.0323215,0.01753509,0.01637635,-0.02647374,0.00722003,0.02628908,TWO
-0.04398845,0.06248325,0.003870338,-0.005455337,0.1168586,0.002470225,-0.004787944,0.1163827,0.02975246,-0.03259449,0.01671427,0.01592442,-0.02645636,0.006815404,0.02616712,TWO
-0.04455497,0.06004959,0.005484849,-0.00565929,0.1168537,0.002308398,-0.005476125,0.1164822,0.02944377,-0.03362059,0.01618114,0.01493341,-0.02692328,0.006538898,0.02545923,TWO
-0.04389855,0.05949295,0.006108344,-0.004205808,0.1167345,0.004817903,-0.006124251,0.1153697,0.03189152,-0.03602182,0.01760578,0.01437843,-0.02777028,0.00686422,0.02467418,TWO
-0.04204981,0.06503931,-0.01150894,-0.005185351,0.1166519,0.003560483,-0.0103241,0.1156013,0.02969456,-0.03664613,0.02181175,0.01222482,-0.03114756,0.00867179,0.02106968,TWO
-0.04085722,0.06808454,-0.01598102,-0.004666343,0.1168093,0.003575921,-0.008356683,0.1156132,0.03209606,-0.03664453,0.02802175,0.01557791,-0.03142824,0.01093504,0.02228945,TWO
-0.03927828,0.06850085,-0.01934767,-0.004310675,0.1164472,0.006129205,-0.01205963,0.1152865,0.0308058,-0.04032894,0.02741075,0.01272863,-0.03464217,0.01137441,0.02023661,TWO
-0.04110755,0.06580874,-0.002728641,-0.003512733,0.1171308,0.001578569,-0.002847232,0.1172557,0.02991062,-0.03810458,0.04531062,0.02399004,-0.02964582,0.01215068,0.024903,TWO
-0.02488828,0.0665141,-0.03200886,0.000412032,0.1161405,0.01372182,-0.0201227,0.1150003,0.03037035,-0.03277085,0.02316344,-0.01298168,-0.03706226,0.01169556,-0.00282681,TWO
-0.02330627,0.05550587,-0.03469065,0.01175349,0.1139358,0.02769679,-0.02489539,0.1165355,0.02807915,-0.03540432,0.09047598,-0.02323744,-0.03599581,0.05301809,-0.03227496,TWO
-0.02244028,0.05540311,-0.03548458,0.009941563,0.1143049,0.02608287,-0.02491733,0.1169993,0.02599642,-0.03428855,0.0887841,-0.02582216,-0.03528912,0.05145115,-0.0326671,TWO
-0.0229697,0.0574668,-0.03296837,0.00857871,0.1137237,0.02713478,-0.02372239,0.1163071,0.02940488,-0.02794243,0.06844682,-0.03007841,-0.03272253,0.04321289,-0.03056389,TWO
-0.022544,0.05619147,-0.03557381,0.007771559,0.1150302,0.02060747,-0.02341975,0.1176029,0.02335635,-0.02846565,0.0679884,-0.03287315,-0.03179521,0.03776717,-0.03113654,TWO
-0.02135783,0.05594003,-0.03652492,0.007752575,0.1152685,0.01951233,-0.02337771,0.1180416,0.02134639,-0.02871592,0.07064876,-0.03376001,-0.03174162,0.03918377,-0.03236496,TWO
-0.02245993,0.05780536,-0.03370848,0.006009102,0.1149613,0.02181402,-0.0249021,0.1170157,0.02439973,-0.03322457,0.07032624,-0.0315367,-0.03591276,0.04120627,-0.02979147,TWO
-0.02637128,0.06134889,-0.02739355,0.002325118,0.1140916,0.02487141,-0.0270958,0.1139351,0.03320765,-0.03707183,0.05990431,-0.03023961,-0.03805441,0.03311616,-0.02325165,TWO
-0.03121212,0.06031066,-0.02852207,-0.0008456558,0.1152316,0.02023667,-0.02802304,0.1131706,0.03345606,-0.0308062,0.03083527,-0.02727464,-0.03646079,0.01874208,-0.01600531,TWO
-0.03063878,0.05547759,-0.03513786,0.001339652,0.1165089,0.01112291,-0.02798932,0.1157303,0.01705596,-0.02768715,0.02860731,-0.02855548,-0.03513876,0.01819342,-0.01798746,TWO
-0.02477024,0.05683112,-0.03695628,0.002934374,0.1161731,0.01337168,-0.02699019,0.1166436,0.01638058,-0.02892238,0.0426195,-0.03277752,-0.0343309,0.02422094,-0.02386689,TWO
-0.02017614,0.05716491,-0.03649145,0.004858188,0.115131,0.02018982,-0.02679136,0.1171501,0.02106294,-0.03150482,0.06903291,-0.03380823,-0.03335963,0.03678903,-0.02989501,TWO
-0.01423355,0.06058502,-0.03178367,0.01151831,0.1110669,0.03857192,-0.0255564,0.1145647,0.03593522,-0.02393495,0.08130056,-0.02585053,-0.02893126,0.05493906,-0.03241685,TWO
-0.007720649,0.06379071,-0.02941906,0.01329184,0.1103322,0.04220235,-0.02416602,0.1144823,0.03749478,-0.01740626,0.07694763,-0.03126428,-0.02369224,0.05373189,-0.03523016,TWO
-0.003578775,0.06381983,-0.02959159,0.0182459,0.1104179,0.04085049,-0.0179277,0.1160574,0.03598654,-0.004434004,0.05403641,-0.03899342,-0.01855291,0.0476298,-0.03535199,TWO
-0.00795304,0.05984461,-0.03300667,0.01413985,0.1130181,0.03310218,-0.01739989,0.1180652,0.02769184,-0.003970586,0.03877199,-0.03765821,-0.01959137,0.03654978,-0.03271645,TWO
-0.008765101,0.05970952,-0.03289437,0.01450759,0.1128651,0.03285947,-0.01620067,0.1180317,0.02840048,-0.00470461,0.03631693,-0.03574282,-0.01997127,0.03423908,-0.03122351,TWO
-0.009034447,0.05986673,-0.0321216,0.0156052,0.112516,0.03317347,-0.01618929,0.117759,0.02933604,-0.004597813,0.03415734,-0.03438389,-0.01956218,0.03139609,-0.03014636,TWO
-0.009235509,0.05968094,-0.03219414,0.01591711,0.1126195,0.03238901,-0.01679222,0.1177332,0.02886128,-0.004626006,0.03257421,-0.03375813,-0.01955684,0.02932909,-0.02955043,TWO
-0.009282544,0.0608997,-0.03125733,0.01741685,0.1128322,0.03082636,-0.01821113,0.1175442,0.02810577,-0.00612314,0.03248313,-0.03346354,-0.02005342,0.02728945,-0.02946362,TWO
-0.01068202,0.06062376,-0.0336799,0.01572099,0.1144103,0.02501979,-0.01799044,0.1185934,0.02326086,-0.01001212,0.03543171,-0.03419948,-0.02287572,0.02994657,-0.03061751,TWO
-0.01500364,0.05942765,-0.03598922,0.01576926,0.1153994,0.02130991,-0.01794671,0.118919,0.02242914,-0.01693229,0.04493269,-0.03707576,-0.02823406,0.03565598,-0.03162244,TWO
-0.01673544,0.05881619,-0.0366694,0.01522955,0.1158056,0.01955283,-0.01875516,0.1189275,0.02170956,-0.01933188,0.04659924,-0.03793746,-0.02998772,0.03587705,-0.03154474,TWO
-0.03753155,0.05231076,-0.03168032,0.007220037,0.117483,0.007308662,-0.0214503,0.1182809,0.02244365,-0.03682099,0.03795674,-0.02732319,-0.0424152,0.02673519,-0.01730326,TWO
-0.03887196,0.05532748,-0.03149503,-0.01048475,0.1169378,0.006300151,-0.03445865,0.113398,0.02597687,-0.03163162,0.010214,-0.02698094,-0.03642274,0.006998181,-0.01223767,TWO
-0.02488891,0.06925994,-0.01765126,0.004144989,0.1118545,0.03666994,-0.03492536,0.1085195,0.0374431,-0.03976075,0.05453542,-0.03205228,-0.03691413,0.02842173,-0.02485359,TWO
-0.02184309,0.07034507,-0.02085114,0.001970604,0.1115879,0.03725809,-0.03292573,0.1105313,0.02552837,-0.03440089,0.04331619,-0.0296739,-0.03465597,0.02048653,-0.02143306,TWO
-0.02513922,0.06896847,-0.02032146,0.003102899,0.1117674,0.0364874,-0.03162721,0.1113324,0.02842036,-0.03640472,0.04506126,-0.02918157,-0.03586648,0.02140042,-0.02146974,TWO
-0.02770764,0.06860217,-0.01786488,0.005287692,0.1112841,0.03775108,-0.03117832,0.1105561,0.02959904,-0.03903409,0.04833817,-0.02782226,-0.03744651,0.02413785,-0.02107871,TWO
-0.02898377,0.0686703,-0.0159395,0.00731498,0.1119078,0.03605291,-0.03470657,0.1087867,0.02176884,-0.04165245,0.0514707,-0.02897081,-0.03797277,0.02525803,-0.02139947,TWO
-0.02964922,0.06812307,-0.01659185,0.006956965,0.1127349,0.03351557,-0.03794567,0.1037848,0.003640383,-0.04250382,0.05196375,-0.03116798,-0.03805071,0.02530682,-0.02235192,TWO
-0.02885398,0.0673084,-0.01835832,0.00773517,0.1131108,0.03228602,-0.03541926,0.1008247,-0.00662753,-0.04121995,0.05578592,-0.03254631,-0.03732275,0.02790657,-0.02469257,TWO
-0.03028312,0.06651881,-0.01829419,0.008727618,0.1130188,0.0325515,-0.0350407,0.1036791,0.0001470745,-0.04254477,0.05551049,-0.0308502,-0.03819995,0.02738193,-0.02309868,TWO
-0.02839073,0.0673947,-0.02042454,0.006335147,0.1130672,0.03322902,-0.02869833,0.1097177,0.04035628,-0.04044093,0.04514197,-0.02722675,-0.03805464,0.02067718,-0.01865751,TWO
-0.02524126,0.06724191,-0.02509436,0.01249802,0.1142225,0.02990335,-0.02542387,0.1118729,0.04047978,-0.03636426,0.04099062,-0.03083593,-0.03722295,0.02163032,-0.02183953,TWO
-0.02476117,0.06507909,-0.0288476,0.01264653,0.1166575,0.0196217,-0.017941,0.113994,0.0427399,-0.03465938,0.03246418,-0.03147548,-0.03965388,0.02299616,-0.02036455,TWO
-0.02361339,0.06596482,-0.03038767,0.007862225,0.1170963,0.01802462,-0.02412555,0.1134748,0.03972715,-0.03237772,0.02481699,-0.03233111,-0.03782177,0.0169149,-0.01992229,TWO
-0.02321509,0.06554639,-0.03198758,0.005833596,0.1172068,0.01729128,-0.02601929,0.1134971,0.03866884,-0.03046665,0.02352807,-0.03357449,-0.03620577,0.01519886,-0.02113536,TWO
-0.0217093,0.06591764,-0.03266609,0.007529669,0.1170465,0.01781693,-0.02573539,0.1133917,0.03904289,-0.02986103,0.02534783,-0.03478718,-0.03562391,0.01604751,-0.02266121,TWO
-0.02225918,0.06621891,-0.03163034,0.008085221,0.1167913,0.01921958,-0.02599393,0.1124607,0.04132399,-0.03115397,0.02749059,-0.03487766,-0.03636773,0.01730031,-0.02323112,TWO
-0.02236259,0.06692913,-0.03019512,0.008618556,0.1164728,0.02088371,-0.02560185,0.1118076,0.04317111,-0.032091,0.02837512,-0.03437129,-0.03696036,0.01803511,-0.02286533,TWO
-0.02235709,0.06751499,-0.02917659,0.009022564,0.1162591,0.02180806,-0.02505238,0.1114532,0.04425243,-0.03316777,0.02881026,-0.03367463,-0.03773436,0.0186404,-0.02216041,TWO
-0.02201719,0.06790429,-0.02852803,0.009183392,0.1160664,0.0225735,-0.02473228,0.1112877,0.04478541,-0.03356893,0.0290812,-0.03331321,-0.03810463,0.01917517,-0.02175236,TWO
-0.02156286,0.06763729,-0.02882797,0.009013936,0.1161352,0.0221245,-0.02493361,0.1121846,0.04233679,-0.03204437,0.02798638,-0.03347206,-0.03733089,0.01876196,-0.02179176,TWO
-0.02890676,0.06532219,-0.02622148,0.00344196,0.1170969,0.01448682,-0.02098039,0.1131357,0.04217511,-0.03472,0.02262616,-0.02659273,-0.0390465,0.01489362,-0.01349509,TWO
-0.03026347,0.06596148,-0.02211824,-0.001874238,0.1165117,0.009661973,-0.01671129,0.1139921,0.04065213,-0.03084496,0.01279041,-0.01686352,-0.0354573,0.008690715,-0.00242871,TWO
-0.03003288,0.06653282,-0.02099186,0.0006686151,0.1166337,0.009449661,-0.01397598,0.114298,0.04052165,-0.03124771,0.01313707,-0.01510015,-0.03532803,0.009006858,-0.0005764067,TWO
-0.03055149,0.06612641,-0.02082241,0.001507893,0.1167423,0.00868088,-0.01368636,0.1145585,0.03980893,-0.03164008,0.01372778,-0.01491386,-0.03547767,0.009410173,-0.0002459288,TWO
-0.03217593,0.06487098,-0.02052212,0.0016381,0.1169764,0.007488668,-0.01522109,0.1144664,0.03945613,-0.0327338,0.01495713,-0.01510885,-0.03616959,0.01006544,-0.000210762,TWO
-0.03245363,0.06461945,-0.02030295,0.001430586,0.1167429,0.009144038,-0.01578887,0.1142382,0.03998584,-0.0330293,0.01668921,-0.01674294,-0.03674183,0.0111416,-0.002110153,TWO
-0.03362886,0.0639368,-0.01984406,-0.00100933,0.1163441,0.01147103,-0.01756795,0.1140716,0.03952095,-0.03338454,0.01688749,-0.01784354,-0.03707278,0.01124302,-0.003439486,TWO
-0.03413492,0.06353962,-0.0210177,-0.003282353,0.1162401,0.01029176,-0.0190445,0.1146862,0.03662124,-0.03275359,0.0146566,-0.01797599,-0.03659861,0.009861767,-0.003605723,TWO
-0.0341392,0.06304252,-0.02304459,-0.004374504,0.1163048,0.008478314,-0.01980111,0.1154817,0.03343993,-0.0321288,0.01278317,-0.01813418,-0.03623434,0.008843124,-0.003968477,TWO
-0.03438313,0.06283876,-0.02322412,-0.004451871,0.1163606,0.008572757,-0.0201315,0.1154279,0.0334751,-0.03215148,0.01272416,-0.01803166,-0.03625748,0.008788168,-0.003912717,TWO
-0.03569055,0.06199029,-0.02479959,-0.01082633,0.116138,0.01042292,-0.03107826,0.1121909,0.03511518,-0.03188109,0.01191068,-0.02078378,-0.03653342,0.007233262,-0.007167876,TWO
-0.03549426,0.06280026,-0.02460313,-0.01260983,0.1161975,0.009074628,-0.03493215,0.1108434,0.03433663,-0.03230406,0.01103565,-0.02048838,-0.03674635,0.006492943,-0.006807029,TWO
-0.03468534,0.06342366,-0.02542618,-0.01284592,0.1161965,0.007991672,-0.03483038,0.1112405,0.03253898,-0.03193907,0.009755552,-0.01990467,-0.03648885,0.005890876,-0.006321758,TWO
-0.03459033,0.06325886,-0.02557543,-0.01231822,0.1160662,0.007068723,-0.03283843,0.1125087,0.02960652,-0.03111773,0.008859783,-0.01932997,-0.03592265,0.00556764,-0.005865157,TWO
-0.03557453,0.06241629,-0.02492166,-0.01424118,0.1156363,0.007139593,-0.03436856,0.1121753,0.02901191,-0.03107584,0.009106338,-0.01999259,-0.03593607,0.005614668,-0.006599247,TWO
-0.03731451,0.06115618,-0.02534136,-0.01806743,0.1150123,0.007333994,-0.03831238,0.1109851,0.02848011,-0.0311189,0.008492917,-0.02083707,-0.03601629,0.004795462,-0.007560939,TWO
-0.06205041,0.03917515,-0.02805737,-0.07273041,0.0876179,0.001205653,-0.07969478,0.0857693,0.02479109,-0.03404789,-0.007887334,-0.01685604,-0.03902526,-0.01129472,-0.004400045,TWO
-0.06049483,0.0421277,-0.02904233,-0.07080761,0.08922195,0.001793563,-0.0777436,0.08731046,0.02534518,-0.03508504,-0.006859034,-0.01599517,-0.04032589,-0.01024631,-0.004073501,TWO
-0.03656492,0.05849731,-0.03009999,-0.003229558,0.1170133,-0.001862854,-0.02041693,0.1181775,0.01793605,-0.03094212,0.01007155,-0.01948643,-0.03552156,0.007298708,-0.004641384,TWO
-0.0330211,0.06144539,-0.02697924,0.004878551,0.1175432,0.0007674396,-0.01388237,0.1178947,0.02864063,-0.03230981,0.0158686,-0.01984808,-0.0364183,0.01149851,-0.004828662,TWO
-0.03215337,0.06214824,-0.02707338,0.005516127,0.1175365,0.0003999472,-0.0132722,0.1178494,0.02884722,-0.03226843,0.01580936,-0.01954475,-0.03627817,0.0114505,-0.004509151,TWO
-0.02546502,0.0663268,-0.02707002,0.01478272,0.1168264,-0.000521481,-0.001725271,0.1183607,0.03012067,-0.03180598,0.0177626,-0.01728749,-0.03569116,0.01381406,-0.002312809,TWO
-0.02344818,0.06759325,-0.02596802,0.01685647,0.1163823,-1.326203E-05,0.002932452,0.1178896,0.03247195,-0.03191067,0.01902044,-0.01652208,-0.03552436,0.01488477,-0.001483053,TWO
-0.02060322,0.06923604,-0.02387014,0.01983245,0.115596,0.002188921,0.00927709,0.1167561,0.03566813,-0.03199119,0.02037999,-0.01512033,-0.03489117,0.01604629,7.69794E-05,TWO
-0.01818947,0.07012782,-0.02340734,0.02136648,0.1149335,0.004319698,0.0132586,0.115027,0.03967944,-0.03162733,0.01844233,-0.01291499,-0.03372008,0.01502061,0.002565145,TWO
-0.01504131,0.07254544,-0.02183911,0.02475499,0.1139639,0.007816046,0.02299915,0.1100142,0.04880878,-0.0299722,0.01751325,-0.007564902,-0.03231972,0.0140858,0.007088274,TWO
-0.00929372,0.0710015,0.0112471,0.04898891,0.1054741,0.011381,0.05095915,0.1045807,0.03459492,-0.02544875,0.02655309,0.01399586,-0.02042501,0.02090979,0.02795744,TWO
-0.01089196,0.06415612,0.02319974,0.04946166,0.1043027,0.01663974,0.04842112,0.1036113,0.0383777,-0.02399693,0.02478379,0.016702,-0.01749281,0.01810065,0.03042653,TWO
-0.03412639,0.06327534,-0.02119598,-0.01176623,0.1158196,0.007763118,-0.02918974,0.1136935,0.03092179,-0.03385552,0.01249683,-0.01741612,-0.03743364,0.007913858,-0.003603578,TWO
-0.03557609,0.06093058,-0.02837121,-0.0142658,0.116189,0.005959809,-0.03700633,0.1121708,0.02852631,-0.03251254,0.01101217,-0.02333537,-0.0370599,0.006510019,-0.009880483,TWO
-0.03660236,0.05926356,-0.03094554,-0.01189937,0.1170886,0.006604135,-0.03943004,0.1113044,0.02952385,-0.03272718,0.01206595,-0.02717033,-0.03739031,0.007138908,-0.01386639,TWO
-0.03777265,0.0574683,-0.03201383,-0.01057066,0.1175227,0.007709861,-0.04168604,0.1105502,0.0294221,-0.0328834,0.01349297,-0.03017175,-0.03758525,0.008023053,-0.01689804,TWO
-0.04085607,0.05141583,-0.03621429,-0.01522653,0.1174088,0.002731591,-0.05114874,0.1080209,0.01815996,-0.0325377,0.01260304,-0.03614873,-0.03662483,0.006338984,-0.02190042,TWO
-0.03830511,0.04970369,-0.04067555,-0.01581775,0.1172768,-0.00138256,-0.05273603,0.1082754,0.01123595,-0.0340968,0.01654977,-0.0399524,-0.03830605,0.009264231,-0.02561074,TWO
-0.0349056,0.04866505,-0.04350975,-0.01426484,0.1174477,-0.001126468,-0.05095934,0.1099722,0.009108782,-0.03645144,0.02510536,-0.04407838,-0.04046877,0.01497751,-0.03015944,TWO
-0.0330543,0.04580748,-0.04633862,-0.01113083,0.1178504,-0.00481984,-0.04896641,0.111466,0.004604369,-0.027359,0.02039522,-0.04201114,-0.0351653,0.012326,-0.03104639,TWO
-0.04173189,0.04538926,-0.04043517,-0.0173227,0.1166479,-0.005422503,-0.05035152,0.109964,0.01151922,-0.0341334,0.0163416,-0.03576201,-0.03863786,0.008331418,-0.02150893,TWO
-0.04957135,0.04521418,-0.03152642,-0.02540735,0.1141505,-0.006152183,-0.04810528,0.1095616,0.01536584,-0.0340482,0.007665724,-0.02305484,-0.03759065,0.00294441,-0.007458389,TWO
-0.05290129,0.05115232,-0.01858309,-0.02927724,0.1120299,-0.003152698,-0.03472336,0.1133689,0.02000847,-0.03199217,0.002918452,-0.00606066,-0.0329135,0.0004910529,0.00980252,TWO
-0.05303805,0.05361363,-0.009434521,-0.02963789,0.1117719,-0.001326501,-0.02578962,0.1158989,0.02234727,-0.03034897,0.003929406,0.002567828,-0.02920547,0.001433939,0.0186044,TWO
-0.02772041,0.0719445,-0.009052694,-0.001651183,0.1167711,0.003113776,0.007354453,0.1165981,0.03176692,-0.02798145,0.007207334,0.01166767,-0.02405869,0.00698334,0.02636808,TWO
-0.02883187,0.071008,-0.008731425,-0.00315918,0.116754,4.336238E-05,0.004731283,0.1170163,0.02981025,-0.02868655,0.007928997,0.01131323,-0.02538089,0.007990599,0.02553493,TWO
-0.03109045,0.06889561,-0.00535208,-0.003954574,0.1167457,-0.002007395,0.003061615,0.1174382,0.02827883,-0.02989773,0.008740544,0.01108849,-0.02635507,0.008543342,0.02468669,TWO
-0.03594804,0.0643903,-0.01989168,0.0008771345,0.1171669,0.001374125,-0.007601984,0.1176298,0.03024936,-0.03630397,0.017533,-0.005617231,-0.03692929,0.01193973,0.007033587,TWO
-0.03440718,0.0638881,-0.0231981,9.912997E-05,0.1169834,0.005324095,-0.01234086,0.116962,0.03145349,-0.0355315,0.01608962,-0.01296136,-0.03736679,0.01130679,0.001078159,TWO
-0.03237746,0.06247669,-0.02643698,0.00262437,0.1171723,0.008027613,-0.01820126,0.1164074,0.03064093,-0.03245562,0.01578048,-0.02095422,-0.03653666,0.0114758,-0.006353885,TWO
-0.03012352,0.06291997,-0.02717131,0.009264141,0.1172032,0.01385307,-0.02097964,0.1146817,0.0364897,-0.03276673,0.02170029,-0.02717835,-0.03708713,0.01447409,-0.01297769,TWO
-0.02433009,0.06394449,-0.03043666,0.01634813,0.1156843,0.02411869,-0.02296008,0.1125596,0.04363394,-0.03215231,0.03439671,-0.0341509,-0.03614742,0.02074841,-0.02271569,TWO
-0.01439403,0.06236094,-0.03465256,0.01531303,0.1156,0.02518213,-0.02528424,0.1164517,0.03009114,-0.02469143,0.05495846,-0.04283538,-0.03083791,0.03636289,-0.03718394,TWO
-0.01546224,0.0609791,-0.03456613,0.01386284,0.1157989,0.02386504,-0.02411091,0.1176338,0.0259276,-0.02386484,0.05862796,-0.04162768,-0.03148296,0.04136485,-0.03717774,TWO
-0.01781009,0.06224141,-0.03227362,0.01368919,0.1156885,0.02503663,-0.02271346,0.1170217,0.03027052,-0.02817749,0.05597323,-0.0407902,-0.03429203,0.03715289,-0.03399917,TWO
-0.01955998,0.06382909,-0.02955711,0.01463828,0.1147935,0.02807662,-0.01984727,0.1156265,0.03744793,-0.03102732,0.05494699,-0.03731889,-0.03559568,0.03500825,-0.03088322,TWO
-0.0341494,0.06469473,-0.01988161,0.001592644,0.116879,0.01645854,-0.01829103,0.111446,0.04705667,-0.03615457,0.01862848,-0.02011874,-0.03806988,0.01078856,-0.005023003,TWO
-0.03389861,0.0648534,-0.02009934,-0.003302358,0.1164559,0.01437759,-0.01991532,0.1114479,0.04570234,-0.0330088,0.01313844,-0.01800549,-0.03633209,0.007779896,-0.002711654,TWO
-0.03223401,0.06589702,-0.01729444,-0.006578825,0.1152225,0.01542377,-0.02124806,0.1105326,0.04581624,-0.03010568,0.009762824,-0.01481238,-0.03475386,0.006149888,-0.0007796288,TWO
-0.03182171,0.06560937,-0.01701856,-0.006485343,0.115286,0.01377177,-0.02224572,0.1113028,0.04256797,-0.0299449,0.01077315,-0.01536268,-0.03456768,0.006868005,-0.001584053,TWO
-0.03231855,0.06520566,-0.01698875,-0.006306477,0.1152276,0.01376921,-0.02221896,0.1119964,0.04012546,-0.03019562,0.01120448,-0.01563993,-0.0344912,0.007235348,-0.001921058,TWO
-0.03641762,0.06301984,-0.02074385,-0.006620355,0.1159927,0.01080632,-0.02084504,0.1144345,0.03452131,-0.03393082,0.01113054,-0.01619714,-0.03689487,0.007522523,-0.002309054,TWO
-0.03410384,0.063732,-0.0201239,-0.004244603,0.1160547,0.012739,-0.02061567,0.1143248,0.03502131,-0.03273869,0.01234359,-0.01738447,-0.03628989,0.008411139,-0.00329265,TWO
-0.03347773,0.06345356,-0.01984674,-0.003193326,0.1159969,0.01341733,-0.02103794,0.1142834,0.03484958,-0.03179301,0.01341417,-0.01883435,-0.03591944,0.009229422,-0.00488469,TWO
-0.03370773,0.0634177,-0.02102154,-0.002503373,0.1161579,0.01415399,-0.02281301,0.1136524,0.03620124,-0.03217191,0.0139229,-0.02067667,-0.03643101,0.009714544,-0.006856292,TWO
-0.03347772,0.06349373,-0.02129269,-0.002237789,0.116181,0.01443803,-0.02288917,0.113631,0.03638345,-0.03212588,0.01405561,-0.02100599,-0.03649896,0.009841591,-0.007256567,TWO
-0.03129347,0.06439373,-0.02242598,0.0008406416,0.1164776,0.0160498,-0.02240908,0.1131023,0.03999758,-0.03328979,0.01830563,-0.02373379,-0.0373612,0.01195407,-0.009925425,TWO
-0.02806239,0.06732029,-0.020594,0.01080814,0.1154288,0.02363747,-0.01451607,0.1099583,0.0523231,-0.03697148,0.03063545,-0.02308235,-0.04070843,0.02092499,-0.01157302,TWO
-0.02910434,0.06752297,-0.01939893,0.007406391,0.1160174,0.01966369,-0.0133379,0.1105908,0.05076802,-0.03685501,0.02605215,-0.01989472,-0.0404832,0.01819131,-0.007059872,TWO
-0.02958193,0.06788903,-0.01781291,0.003254756,0.1160689,0.0166364,-0.01202185,0.1111265,0.04922295,-0.03458799,0.0194588,-0.01588041,-0.03846326,0.01378575,-0.00190708,TWO
-0.02990653,0.06770787,-0.0171749,0.001698449,0.1158436,0.01419017,-0.009101517,0.1129179,0.04513216,-0.0321675,0.01400805,-0.01219672,-0.03610978,0.0106301,0.00204429,TWO
-0.02622911,0.06838688,-0.01698849,0.00469096,0.1156425,0.01484236,-0.005758971,0.1141098,0.04311934,-0.03155707,0.01479051,-0.01387668,-0.03482491,0.01030174,0.000325501,TWO
-0.02721928,0.06746364,-0.01862001,0.002530679,0.1158374,0.01378739,-0.007976949,0.1147861,0.04116988,-0.03169688,0.0147813,-0.01559138,-0.0350711,0.01015091,-0.001379073,TWO
-0.02922158,0.06576493,-0.02051014,-0.001270719,0.1159447,0.01067108,-0.01196783,0.1148363,0.04029858,-0.03269942,0.01666933,-0.01832545,-0.03593027,0.01112619,-0.003682226,TWO
-0.02977243,0.06657085,-0.01837951,-0.001412481,0.1159886,0.01315287,-0.01224994,0.113202,0.0446099,-0.03382453,0.01674405,-0.01654124,-0.03649689,0.01067704,-0.001968324,TWO
-0.02872339,0.06723002,-0.01800025,0.0001133382,0.1161703,0.01304764,-0.0119169,0.112931,0.04524598,-0.03456153,0.0179272,-0.01645941,-0.03696544,0.0115656,-0.001841128,TWO
-0.02637622,0.0678328,-0.02169824,-0.0008102506,0.1164238,0.01084235,-0.01319209,0.1139887,0.04249164,-0.03236786,0.01566419,-0.01822364,-0.03614362,0.01022103,-0.003905594,TWO
-0.02882277,0.06548864,-0.02470595,0.001045324,0.1171474,0.01160738,-0.02147655,0.1137387,0.03932273,-0.03303193,0.01770201,-0.02408701,-0.03749206,0.01156262,-0.01002041,TWO
-0.02950007,0.06498241,-0.02545699,0.00191021,0.1173228,0.01227859,-0.02325405,0.1134559,0.03896838,-0.03324963,0.01843575,-0.02535066,-0.03781208,0.01194555,-0.01144236,TWO
-0.03048176,0.06522188,-0.02429566,0.004357196,0.1174963,0.01023015,-0.01963793,0.1139262,0.03931049,-0.0345585,0.01897338,-0.02337343,-0.03839489,0.01246551,-0.009162426,TWO
-0.03387398,0.06613228,-0.01538691,0.004877627,0.1165893,0.00384447,-0.0003029406,0.1167336,0.03506482,-0.03483465,0.01339254,-0.006574243,-0.03484038,0.009945571,0.008481503,TWO
-0.02421914,0.07095033,-0.01268959,0.01407504,0.1160515,0.009037226,0.005826145,0.1129757,0.04449269,-0.03320214,0.01775739,-0.00301975,-0.03265403,0.01353237,0.01171014,TWO
-0.02639195,0.06997582,-0.01191097,0.01186077,0.1163041,0.009002119,0.003940806,0.1132911,0.04398316,-0.03395078,0.01746088,-0.003338575,-0.03325766,0.01324418,0.01143125,TWO
-0.03355808,0.06429753,-0.02123958,-0.00298164,0.1161315,0.01106429,-0.0162779,0.1154636,0.03478736,-0.03363855,0.0143179,-0.01641271,-0.03658591,0.01002526,-0.002337694,TWO
-0.03437307,0.06266823,-0.02254793,-0.00429859,0.1161452,0.01097661,-0.01904655,0.1157185,0.03219429,-0.0325376,0.01383024,-0.01927307,-0.03620008,0.009645343,-0.005457282,TWO
-0.03432624,0.06240255,-0.02283105,-0.004041031,0.1161321,0.01183644,-0.01965784,0.1156049,0.03212321,-0.03196518,0.01380518,-0.02031988,-0.03598312,0.009642124,-0.006681055,TWO
-0.03773844,0.05860031,-0.02692851,-0.008403145,0.1168831,0.01416641,-0.03512329,0.1111521,0.03534862,-0.03489304,0.0142048,-0.02675912,-0.03954913,0.009949178,-0.01325569,TWO
-0.0338682,0.06199011,-0.0270988,-0.008127242,0.1167062,0.01661575,-0.03594156,0.1101396,0.03747168,-0.03896352,0.01957494,-0.02864814,-0.04215463,0.01322353,-0.01456356,TWO
-0.03402315,0.06199846,-0.02704376,-0.007502772,0.1168612,0.0159013,-0.03468676,0.1106471,0.03733459,-0.03989856,0.0198243,-0.02834249,-0.04265415,0.01342231,-0.01394007,TWO
-0.03415325,0.06192234,-0.0269559,-0.007048316,0.1169232,0.01564616,-0.03385165,0.110923,0.03745693,-0.0399959,0.01978749,-0.02811772,-0.04273082,0.01349297,-0.01362297,TWO
-0.03555634,0.06105274,-0.0241009,-0.002529092,0.1169051,0.0151484,-0.0266002,0.112712,0.0381014,-0.034271,0.01489207,-0.02472618,-0.03855966,0.01046056,-0.01058233,TWO
-0.02387226,0.0651623,-0.02860782,0.02199443,0.1154323,0.01326793,-0.003706172,0.1161006,0.04015207,-0.033273,0.03167713,-0.02687103,-0.03779677,0.02078563,-0.01421493,TWO
-0.02386802,0.06474736,-0.02901614,0.02294686,0.1150969,0.01450431,-0.003520936,0.1160276,0.04046211,-0.03275102,0.03309834,-0.0275867,-0.03747321,0.02162981,-0.01529801,TWO
-0.01024891,0.0649693,-0.03154799,0.0358374,0.1108156,0.0207822,0.004844502,0.1182427,0.03306451,-0.01956631,0.0496656,-0.03271773,-0.02883211,0.03581536,-0.02708349,TWO
-0.00966087,0.06444761,-0.03223461,0.03845,0.1102147,0.01874971,0.008024573,0.1186847,0.03052622,-0.01773039,0.04680774,-0.0326477,-0.02775702,0.03517428,-0.02638024,TWO
-0.009739459,0.06298739,-0.03333557,0.04196247,0.109108,0.01584798,0.01361816,0.1190408,0.02617326,-0.01433586,0.04181075,-0.03190547,-0.02568725,0.03484929,-0.024764,TWO
-0.0135272,0.06235558,-0.03361902,0.03607637,0.1111369,0.01239404,0.009409204,0.1199472,0.02362689,-0.01692592,0.04108658,-0.03064945,-0.02800311,0.03347456,-0.02176586,TWO
-0.01481809,0.06132999,-0.03517336,0.03806077,0.1109679,0.01006654,0.008718982,0.1200776,0.02334026,-0.01857892,0.042261,-0.03377405,-0.02885592,0.03439257,-0.02336761,TWO
-0.02101481,0.06336606,-0.02889323,0.0333312,0.1120338,0.01289576,0.00750269,0.1182346,0.03194898,-0.02583268,0.04080093,-0.02715185,-0.0336636,0.03116158,-0.01639348,TWO
-0.03589465,0.06190088,-0.02182883,0.004040793,0.1156669,0.02240762,-0.02030293,0.1105116,0.04898602,-0.03791393,0.02617422,-0.0209713,-0.04072215,0.01590541,-0.00848186,TWO
-0.03838614,0.06257558,-0.01983503,-0.01458783,0.1126513,0.03189501,-0.04218838,0.09986591,0.05619061,-0.03730986,0.01901376,-0.02466917,-0.03970893,0.008872598,-0.01219344,TWO
-0.04714517,0.05633247,-0.01712739,-0.03278352,0.1077043,0.03438345,-0.06161616,0.08885995,0.05468079,-0.03360499,0.01051599,-0.02677265,-0.03652753,0.0008321702,-0.01366189,TWO
-0.04827979,0.05562776,-0.01646629,-0.03494089,0.1065747,0.03559041,-0.06382822,0.08707228,0.05444938,-0.0331447,0.009176075,-0.02661604,-0.03607691,-0.0003715754,-0.01368147,TWO
-0.05203147,0.05286077,-0.01351506,-0.04193562,0.1018246,0.0408695,-0.07411568,0.07921457,0.0492796,-0.03363803,0.008960158,-0.02770215,-0.03595502,-0.002428114,-0.01555675,TWO
-0.05311486,0.05222192,-0.01367313,-0.04932843,0.09819272,0.03856355,-0.08123516,0.07542127,0.02460203,-0.03783173,0.01547655,-0.03188232,-0.03682245,0.0003267825,-0.02057365,TWO
-0.05272976,0.05126184,-0.01981729,-0.04872315,0.1021883,0.02833343,-0.08048551,0.07870096,0.01901275,-0.03862197,0.01300502,-0.03313601,-0.03734934,-0.0009149611,-0.02021065,TWO
-0.04009592,0.04920685,-0.04058161,-0.01612883,0.1172172,-0.001256287,-0.0521342,0.1078212,0.01477158,-0.02984097,0.01117632,-0.03256345,-0.03486075,0.003759116,-0.01775885,TWO
-0.04111242,0.04819196,-0.0403083,-0.01604921,0.1169163,-0.004701883,-0.05318612,0.1069121,0.01124123,-0.02856108,0.01018006,-0.0309428,-0.03387181,0.0028736,-0.01603445,TWO
-0.03752468,0.04832989,-0.04133242,-0.008089006,0.1167061,-0.01071119,-0.04360444,0.1117997,0.004392385,-0.02435284,0.01135382,-0.0295766,-0.0321659,0.004696637,-0.01607573,TWO
-0.02917369,0.06454819,-0.01765108,0.02919374,0.1133707,0.00664717,0.01578741,0.117368,0.03254551,-0.03341892,0.03462023,-0.01412481,-0.03626841,0.02724794,0.0009627342,TWO
-0.01815252,0.071394,-0.01107886,0.03895883,0.1096495,0.008238345,0.03852883,0.1102463,0.03787279,-0.02908345,0.02617219,-0.004830062,-0.02949789,0.02138025,0.01050705,TWO
-0.01647849,0.07343221,-0.01481885,0.02786718,0.1122669,0.01684517,0.0220791,0.1100952,0.04894608,-0.03127871,0.02706033,-0.006358802,-0.03291765,0.02002317,0.007695019,TWO
-0.02417394,0.0716987,-0.01219088,0.01340526,0.1137891,0.02443713,0.003583506,0.1084057,0.05681112,-0.03456046,0.02261379,-0.007887304,-0.03633113,0.01553637,0.005815685,TWO
-0.03030624,0.06878495,-0.01237249,-0.0009245425,0.1131668,0.03015932,-0.01521716,0.1060125,0.0589568,-0.03529812,0.01727009,-0.01300386,-0.03795172,0.01054472,0.0004113913,TWO
-0.03903769,0.06271148,-0.01170078,-0.01886627,0.110245,0.03519884,-0.0439052,0.09796569,0.05607376,-0.03412377,0.01306039,-0.02050945,-0.03830417,0.005584359,-0.007771015,TWO
-0.04685503,0.04812402,-0.03312075,-0.02531014,0.1150386,0.01066121,-0.06153917,0.1005588,0.0163922,-0.03047248,0.007788926,-0.03136832,-0.03481767,3.924966E-05,-0.01744166,TWO
-0.04704794,0.0486671,-0.03319237,-0.02873654,0.1140662,0.009664893,-0.06309289,0.09941608,0.01574302,-0.03150693,0.007471263,-0.03087685,-0.03505062,-0.0001215637,-0.01651981,TWO
-0.04591279,0.04923743,-0.03610951,-0.03320872,0.1128146,0.004580796,-0.06795653,0.09594801,0.01237103,-0.03485809,0.0099563,-0.03348953,-0.03650022,0.001375616,-0.01779041,TWO
-0.04661711,0.04705906,-0.0359261,-0.03077792,0.1136172,0.003448844,-0.06563795,0.09818912,0.01241204,-0.03286961,0.008977354,-0.03283048,-0.03555129,0.0008458197,-0.01742908,TWO
-0.04345477,0.04978159,-0.03718901,-0.02316042,0.1156602,0.003584296,-0.05793524,0.1036881,0.01603228,-0.03387972,0.01069331,-0.03271043,-0.03673779,0.003182709,-0.01704139,TWO
-0.03641479,0.05466199,-0.03775808,-0.01327553,0.1171527,0.006520241,-0.04769366,0.1093197,0.01912555,-0.03335195,0.01631925,-0.03481925,-0.03726937,0.008310318,-0.02002978,TWO
-0.03561278,0.05448467,-0.03833365,-0.01166467,0.1173259,0.005362123,-0.04515827,0.1108163,0.01841,-0.03377385,0.01776126,-0.03523356,-0.03782719,0.009685546,-0.02053756,TWO
-0.03454982,0.05478725,-0.03829804,-0.008691907,0.1174638,0.004870176,-0.04000577,0.1131229,0.01883861,-0.03395466,0.01987159,-0.03461432,-0.03835942,0.01153472,-0.02023724,TWO
-0.0428514,0.05986232,-0.01910537,-0.008837678,0.115981,0.004684836,-0.01614075,0.1169186,0.02646124,-0.03305209,0.008264035,-0.007151395,-0.03426704,0.005181193,0.008175045,TWO
-0.0415227,0.06186175,-0.02019334,-0.009783708,0.1157467,0.004245579,-0.01577293,0.1167823,0.02631146,-0.03175441,0.006834626,-0.005279273,-0.03314733,0.004071623,0.009866953,TWO
-0.03981277,0.06337389,-0.02244467,-0.009680875,0.1158562,0.003604174,-0.01626061,0.1166719,0.02610368,-0.03131936,0.006332278,-0.005341321,-0.03310597,0.00357914,0.00977391,TWO
-0.03899047,0.06290218,-0.02559137,-0.006832846,0.1166698,4.467368E-05,-0.01727678,0.1172124,0.02314517,-0.03231921,0.007529974,-0.007320255,-0.03341269,0.004252434,0.008376062,TWO
-0.04687652,0.05838174,-0.0156652,-0.00570073,0.1170868,-0.004394054,-0.01205136,0.1186693,0.02243817,-0.03368162,0.008539736,-0.002493739,-0.03229488,0.006195873,0.01324448,TWO
-0.04899996,0.05586216,-0.002499014,-0.0005317777,0.1176799,-0.000960499,-0.005284078,0.1184295,0.02814722,-0.03676308,0.01158631,0.001068294,-0.03473641,0.0103865,0.01620623,TWO
-0.04709275,0.06043255,-0.01208034,0.0003034323,0.1175948,0.006602377,-0.004543766,0.1172538,0.03455022,-0.03765409,0.01315528,4.979968E-05,-0.03744821,0.009610832,0.01423231,TWO
-0.04753874,0.06187975,-0.01660049,-0.001839042,0.1171165,0.008419901,-0.0009756908,0.1178321,0.03435397,-0.03837126,0.01588163,0.002321541,-0.03871134,0.01094306,0.01528463,TWO
-0.04956092,0.0622066,-0.01424748,-0.003279954,0.1168884,0.01036945,-0.0001750886,0.1173415,0.03560916,-0.03809961,0.01573351,0.006126255,-0.03749227,0.01069355,0.01862282,TWO
-0.04596647,0.07054949,-0.02064416,-0.006746128,0.1110011,0.03137675,-0.0009200498,0.1105651,0.05250245,-0.03591535,0.01955199,0.02069068,-0.03767115,0.02073953,0.03653568,TWO
-0.04978814,0.06843174,-0.01234835,-0.007719062,0.1092658,0.03561088,-0.0001953766,0.1094639,0.05480093,-0.03276057,0.01796845,0.02632594,-0.03216835,0.01538783,0.03931639,TWO
-0.05032204,0.0703966,-0.01900023,-0.01177465,0.1073097,0.03955811,-0.001707293,0.1081663,0.05664793,-0.03491377,0.01588616,0.03192738,-0.02840125,0.01124954,0.04223084,TWO
-0.04218987,0.06889954,-0.01355538,-0.01037133,0.113719,0.02404657,-0.007096544,0.1110176,0.04984084,-0.05625819,0.04157245,0.02606228,-0.04501691,0.01982927,0.02884969,TWO
-0.04541231,0.0688864,-0.005007446,-0.01693293,0.1114428,0.02937436,-0.003393933,0.1118951,0.0497036,-0.04510254,0.05060977,0.05096704,-0.03744101,0.01998299,0.0444667,TWO
-0.03991843,0.07098618,-0.007272333,-0.01505088,0.1115103,0.02931914,-0.00398688,0.1119528,0.04980764,-0.04457276,0.05529827,0.04630467,-0.03846891,0.02384913,0.04096386,TWO
-0.04521117,0.06607077,4.059076E-05,-0.02152104,0.1097398,0.03020537,-0.004108593,0.1135739,0.04616076,-0.04047436,0.05421546,0.05243954,-0.02787863,0.02822813,0.04976332,TWO
-0.03103156,0.06630632,-0.0159241,-0.01553319,0.1130511,0.01593974,-0.01739852,0.1118555,0.04592842,-0.05043878,0.0847657,0.03547189,-0.04880597,0.05992225,0.04892442,TWO
-0.03053829,0.0489094,-0.03946155,0.005295105,0.1165399,0.01087937,-0.02167857,0.1195872,0.01583591,-0.02644894,0.04048699,-0.03632525,-0.03646114,0.0332917,-0.02915677,TWO
-0.02999166,0.05019826,-0.03798679,0.00516808,0.116592,0.01134086,-0.02051326,0.1195557,0.01781788,-0.02414703,0.03304783,-0.0307093,-0.03731026,0.03382412,-0.02794948,TWO
-0.02879085,0.05089468,-0.03804016,0.005766392,0.1165338,0.01181924,-0.01960883,0.1196958,0.01792571,-0.0239067,0.03462136,-0.03295073,-0.03665202,0.03446743,-0.02863711,TWO
-0.02772178,0.05130616,-0.0381012,0.00664673,0.1164383,0.01254162,-0.01872122,0.1198364,0.01790571,-0.02366783,0.03762057,-0.0351986,-0.03598323,0.03614721,-0.02973506,TWO
-0.02779869,0.05123308,-0.03805411,0.006729461,0.1164218,0.01272589,-0.01862792,0.1198479,0.01793906,-0.02394523,0.03902584,-0.03590682,-0.03599121,0.03674689,-0.03001177,TWO
-0.03138997,0.05101585,-0.03615373,0.004929364,0.1165225,0.01092011,-0.01914845,0.1195958,0.01863354,-0.02757368,0.03842938,-0.03468981,-0.03740778,0.03213674,-0.02704051,TWO
-0.03185052,0.0510568,-0.0358986,0.004665725,0.1165221,0.01095203,-0.019451,0.1193414,0.0197697,-0.02860627,0.03754282,-0.03388253,-0.03859243,0.0325093,-0.02688971,TWO
-0.0343098,0.0509524,-0.03402451,0.003463127,0.1165381,0.009451121,-0.01899542,0.1192531,0.02083233,-0.03048656,0.03614756,-0.03126004,-0.04004586,0.03095058,-0.02429137,TWO
-0.0398614,0.05464947,-0.02841601,-0.003904268,0.1171533,0.005028903,-0.02182539,0.1172189,0.02588099,-0.03496716,0.01911724,-0.02329299,-0.03891841,0.01312494,-0.008235335,TWO
-0.04046876,0.05605936,-0.02641147,-0.006300732,0.1169033,0.005608559,-0.02151523,0.1169402,0.02605647,-0.03246545,0.01111892,-0.01940739,-0.03625353,0.00776422,-0.004017889,TWO
-0.04004335,0.05815962,-0.02328253,-0.005090602,0.1166572,0.009196877,-0.01933838,0.1164301,0.02956605,-0.03197034,0.01132995,-0.01675576,-0.03624992,0.007472545,-0.002485365,TWO
-0.0416991,0.05601007,-0.02494898,-0.009003751,0.1164804,0.007466853,-0.0235319,0.1163274,0.02718025,-0.0321734,0.01120374,-0.01788795,-0.03685676,0.007038116,-0.003849208,TWO
-0.04330307,0.05424008,-0.0261265,-0.0137505,0.1160203,0.006879747,-0.02897403,0.1153347,0.02566332,-0.03238365,0.01029184,-0.01892251,-0.0371379,0.005850554,-0.004906923,TWO
-0.04456703,0.05268416,-0.02746868,-0.01817706,0.1154792,0.006433994,-0.03433321,0.1140119,0.02434441,-0.03245284,0.009241104,-0.02014899,-0.03726847,0.004502147,-0.006233275,TWO
-0.04459003,0.04657346,-0.04713014,-0.04524096,0.1046045,-0.02065992,-0.06533179,0.09659639,-0.009889007,-0.02639259,-0.005115181,-0.0172618,-0.03263136,-0.006943107,-0.002623439,TWO
-0.0433118,0.04707828,-0.04799002,-0.04421089,0.1050617,-0.02092138,-0.06498351,0.09700811,-0.01080465,-0.02583036,-0.0055044,-0.01728174,-0.03233501,-0.007251441,-0.003562063,TWO
-0.04261277,0.04806477,-0.04543197,-0.03579858,0.10898,-0.02017903,-0.0590706,0.1020332,-0.006863147,-0.02715319,-0.002500236,-0.01896164,-0.03288256,-0.004937291,-0.004876822,TWO
-0.03690218,0.04986963,-0.04252645,-0.01546563,0.1153743,-0.01361924,-0.04260391,0.1123188,0.0007459223,-0.02549934,0.005841732,-0.02579767,-0.03313839,0.00207606,-0.01225924,TWO
-0.02636818,0.04747722,-0.04520911,0.007751867,0.1170899,-0.004604578,-0.02025597,0.1204206,0.002637118,-0.01813354,0.0232034,-0.03807187,-0.02995439,0.01729047,-0.02722654,TWO
-0.02984602,0.04906777,-0.04061165,0.006623998,0.1163787,-0.00249204,-0.01613837,0.1209109,0.00386098,-0.02402856,0.032206,-0.03441706,-0.03418239,0.02476439,-0.02276725,TWO
-0.03441203,0.05029353,-0.03641325,0.005662173,0.1163564,-0.002831221,-0.01456811,0.1210421,0.00748086,-0.02901111,0.03122628,-0.03037232,-0.03697317,0.02311137,-0.01833048,TWO
-0.04164586,0.05288392,-0.02543694,0.001626074,0.116645,0.001740992,-0.01385023,0.1197798,0.02009061,-0.03546157,0.0264439,-0.02090368,-0.03973428,0.01885313,-0.006724536,TWO
-0.04305247,0.05461726,-0.02138692,-0.0007754266,0.1166165,0.004312128,-0.01375973,0.118801,0.02461284,-0.03579675,0.02165422,-0.01670414,-0.03895317,0.01502913,-0.001955271,TWO
-0.03849406,0.0667651,-0.01049083,-0.0130859,0.1131006,0.02141163,-0.01013026,0.1127176,0.04478914,-0.03188466,0.007580549,-0.005000114,-0.03399314,0.004424781,0.008914828,TWO
-0.03152771,0.06826988,-0.01623809,0.007599935,0.1157398,0.01551557,0.00335256,0.1169669,0.03426909,-0.03269804,0.01368627,-0.006458223,-0.03569631,0.0109224,0.007936537,TWO
-0.01849028,0.07356101,-0.01166499,0.02557269,0.1127535,0.01783577,0.02472377,0.1131697,0.03960252,-0.03034198,0.02015865,-0.00320071,-0.0320919,0.01527607,0.01046038,TWO
-0.01609211,0.07333171,-0.01369268,0.02742228,0.1123338,0.01736397,0.02547221,0.112668,0.04103997,-0.02949859,0.02108297,-0.006584287,-0.03216025,0.01634926,0.00706768,TWO
-0.03973491,0.06072247,-0.01684263,-0.01016607,0.1140624,0.02491799,-0.02508542,0.1092767,0.04930133,-0.03782955,0.02016544,-0.0196282,-0.04070263,0.01256752,-0.005986124,TWO
-0.05180205,0.05051818,-0.01971847,-0.03266688,0.1106244,0.01815265,-0.0447901,0.1055762,0.03990102,-0.03338062,0.003849238,-0.0173251,-0.03810117,-6.702542E-05,-0.003499687,TWO
-0.04606849,0.05466837,-0.03141698,-0.02737024,0.1130242,-0.0009019673,-0.04055373,0.1109506,0.0175823,-0.03307796,0.003301889,-0.01447117,-0.03649798,0.0009256601,-0.0005381405,TWO
-0.03375306,0.06648952,-0.01448885,-0.002115101,0.1147204,0.02001387,-0.007525347,0.1147386,0.04069489,-0.03279825,0.01160148,-0.01067206,-0.03603649,0.008314848,0.003356278,TWO
-0.03307624,0.06725925,-0.01282185,-0.0009514689,0.1145654,0.02128613,-0.005798489,0.1141165,0.04297337,-0.03320544,0.01220378,-0.00977087,-0.03612723,0.008808643,0.004216164,TWO
-0.03073227,0.06901234,-0.01211578,0.0003917813,0.1145642,0.02225238,-0.004506633,0.1126257,0.04739314,-0.03412952,0.01346749,-0.009466231,-0.03684472,0.009943604,0.004224658,TWO
-0.04739827,0.0639779,-0.02227283,-0.02056403,0.1142448,0.01430357,-0.02123879,0.1137894,0.03755748,-0.05323424,0.02768308,0.007979572,-0.04781222,0.01553333,0.01732525,TWO
-0.04302175,0.06666815,-0.02132067,-0.01657888,0.114564,0.0172866,-0.02101626,0.1124868,0.04099992,-0.05650778,0.03471288,0.007942468,-0.04832877,0.01663151,0.0150035,TWO
-0.03572866,0.06903318,-0.0189825,-0.005917251,0.1155933,0.01887599,-0.02295313,0.1113773,0.03990528,-0.05663516,0.04602823,0.002707303,-0.04745927,0.0206385,0.008768022,TWO
-0.03585971,0.06718838,-0.01570421,-0.001342833,0.115721,0.01828557,-0.02525237,0.1113643,0.03235471,-0.05186387,0.04108796,-0.006543219,-0.04525933,0.02035928,0.003899932,TWO
-0.04848028,0.050367,0.00732103,-0.006399449,0.1144339,0.01872063,-0.0265323,0.1091599,0.03390867,-0.03512536,0.01740339,-0.0007100999,-0.03810007,0.009608179,0.008830965,TWO
-0.03970678,0.06152233,-0.001519948,0.001665492,0.1140963,0.02504873,-0.01066967,0.1088038,0.0507772,-0.02794655,0.01132387,-0.007902205,-0.03170855,0.005614579,0.007240951,TWO
-0.03510036,0.06569082,-0.008119076,0.005476445,0.1142078,0.02201834,-0.008830756,0.1119247,0.03997132,-0.02787685,0.01342878,-0.009666413,-0.03177857,0.006987274,0.00660947,TWO
-0.02952135,0.07027045,-0.01711354,0.0082765,0.1136033,0.02411762,-0.003795922,0.1140432,0.03671962,-0.02958383,0.01241189,-0.007943958,-0.03420285,0.007880688,0.00644502,TWO
-0.02887964,0.06862077,-0.0189572,0.008068405,0.1138091,0.02453494,-0.006434567,0.1143738,0.03630751,-0.02845262,0.0112187,-0.01004609,-0.03364083,0.007354319,0.003992021,TWO
-0.03224337,0.06525654,-0.01840618,0.009813689,0.1139282,0.02542439,-0.006109372,0.1133087,0.04239276,-0.02829475,0.01357049,-0.01193449,-0.03338322,0.009219736,0.001955688,TWO
-0.03201241,0.0652518,-0.01909521,0.01008554,0.1140783,0.02448085,-0.004791424,0.1132989,0.04311433,-0.02804907,0.01455322,-0.01221466,-0.03330513,0.009944528,0.002155751,TWO
-0.03032603,0.06854784,-0.01905051,0.007383443,0.1143936,0.02009779,-0.002603658,0.1141839,0.0382888,-0.02904214,0.01423743,-0.009082288,-0.03306487,0.009172738,0.005761415,TWO
-0.02956408,0.0699378,-0.02041534,0.006675139,0.1144335,0.01933813,-0.00218612,0.1142981,0.03747898,-0.02933316,0.01371145,-0.008001328,-0.03275739,0.008558601,0.007010311,TWO
-0.02318267,0.07697439,-0.02111632,0.004305929,0.1122238,0.02965161,-0.004768539,0.1091543,0.04987457,-0.03040919,0.01377183,-0.006743997,-0.03208092,0.006904215,0.008843273,TWO
-0.03252449,0.07583758,-0.0191443,-0.0003917143,0.1131185,0.02946505,-0.008755475,0.1069637,0.05485684,-0.03262849,0.01328582,0.002033859,-0.03126696,0.00407961,0.01535574,TWO
-0.02466737,0.08145049,-0.03426096,-0.002463683,0.1130694,0.03130963,-0.01223583,0.1037992,0.06010798,-0.03445677,0.0241695,0.01679221,-0.03319784,0.003173798,0.01833647,TWO
-0.0237786,0.08137301,-0.03465438,-0.002255887,0.1133447,0.03021747,-0.01188137,0.104441,0.05924517,-0.03474381,0.02624989,0.01722264,-0.03386475,0.003908396,0.01772663,TWO
-0.03143929,0.07240504,-0.01591784,0.0005015135,0.1149493,0.0234192,-0.01006294,0.1098142,0.05039632,-0.04468959,0.06321341,0.02831244,-0.03737508,0.01050848,0.01335928,TWO
-0.03043973,0.07242775,-0.0183537,0.004024822,0.1151636,0.02132457,-0.009324767,0.1113372,0.04605454,-0.03335584,0.08957508,0.04833418,-0.0383179,0.01384041,0.0115543,TWO
-0.02935603,0.07260585,-0.01812097,0.007553883,0.1145904,0.02146336,-0.004219793,0.1128183,0.04336163,-0.02710972,0.09174544,0.04891995,-0.03831315,0.015412,0.009536028,TWO
-0.0290476,0.07273844,-0.01715952,0.009488739,0.1142265,0.02160394,-0.0008717775,0.1131256,0.04283354,-0.02818062,0.08748084,0.04198918,-0.03781962,0.01587439,0.009802788,TWO
-0.03044026,0.07186413,-0.01534519,0.01062036,0.1140429,0.02021328,0.004198216,0.1138865,0.04102156,-0.03313899,0.07200345,0.02356467,-0.03693374,0.01376247,0.01063201,TWO
-0.02799806,0.06967786,-0.01292822,0.01568326,0.1118762,0.02663621,0.008108705,0.1115599,0.04741582,-0.03486793,0.04800057,0.003131837,-0.03529184,0.01244539,0.006871015,TWO
-0.03222945,0.06635219,-0.0127517,0.01864629,0.1120916,0.02877113,0.005594105,0.1115719,0.04676262,-0.0256832,0.01355642,-0.009167284,-0.03024145,0.008841425,0.007035136,TWO
-0.03193048,0.06660351,-0.01333645,0.01774066,0.1117854,0.03055394,0.004554972,0.1111805,0.04789424,-0.0258424,0.01459455,-0.009756535,-0.0303255,0.009090871,0.006271124,TWO
-0.03124628,0.06620198,-0.01470283,0.01537059,0.111017,0.03412223,0.001203634,0.1102571,0.05046985,-0.02588367,0.01779902,-0.01184705,-0.03138735,0.01045424,0.003209978,TWO
-0.03302721,0.06361437,-0.01728868,0.007861529,0.1114481,0.03436083,-0.008941203,0.1103491,0.04967868,-0.02345773,0.01750013,-0.01460454,-0.0329047,0.01111829,-0.002780735,TWO
-0.03017874,0.06756073,-0.02112761,-0.002409391,0.1127403,0.02850637,-0.01508771,0.112083,0.04191998,-0.02467558,0.01301831,-0.0156239,-0.03252384,0.006863058,-0.002258748,TWO
-0.02952482,0.06808829,-0.02141872,-0.004734769,0.1124419,0.02861732,-0.0157591,0.111888,0.04238147,-0.02552078,0.01368311,-0.01605242,-0.03307551,0.006762296,-0.002836913,TWO
-0.03008439,0.06792653,-0.02122205,-0.005807862,0.1123496,0.02853343,-0.01613165,0.1117643,0.04257369,-0.02614211,0.01388288,-0.0160186,-0.03339007,0.006582797,-0.002684176,TWO
-0.02998775,0.06795707,-0.02113435,-0.006202959,0.112301,0.02854493,-0.01646188,0.1116678,0.04271695,-0.02618228,0.01397127,-0.01621574,-0.03345736,0.006592453,-0.002872854,TWO
-0.02988888,0.0661456,-0.02215707,-0.004008617,0.1128808,0.027531,-0.01450377,0.1126832,0.04131982,-0.0252166,0.01381487,-0.01733509,-0.03330583,0.007335067,-0.005042881,TWO
-0.03062993,0.06613937,-0.01757076,0.003242254,0.1118457,0.03238758,-0.01051428,0.1109582,0.04693305,-0.02426938,0.01482263,-0.01526722,-0.03233325,0.008805752,-0.002662063,TWO
-0.03135885,0.06564912,-0.01541761,0.007767603,0.1114589,0.03384829,-0.008334681,0.1100272,0.04984429,-0.02406503,0.01613376,-0.01403117,-0.03236942,0.01007631,-0.001375169,TWO
-0.03168599,0.06475431,-0.01488522,0.01123497,0.1110808,0.0348745,-0.005948052,0.1095616,0.05170694,-0.02409464,0.01764885,-0.01363823,-0.03251926,0.01133028,-0.0008505285,TWO
-0.03296971,0.06303802,-0.01437894,0.01787002,0.1105036,0.03528073,-0.002982453,0.1086852,0.05559382,-0.02621005,0.02737623,-0.0159474,-0.03383043,0.01904383,-0.003307939,TWO
-0.03263803,0.06324622,-0.01456624,0.01788371,0.1105463,0.03516597,-0.003070235,0.108779,0.05531406,-0.0260883,0.02718964,-0.01598546,-0.03379098,0.0189746,-0.003351659,TWO
-0.03232796,0.06317762,-0.01543796,0.01774991,0.1107408,0.03459918,-0.00358171,0.1093018,0.05410165,-0.0256588,0.0268096,-0.01648533,-0.03363717,0.01888433,-0.003871769,TWO
-0.03140789,0.06230158,-0.01803064,0.01671952,0.1109434,0.03406301,-0.006044701,0.1106234,0.05091298,-0.02425002,0.0270212,-0.01860335,-0.03314845,0.01926345,-0.006376296,TWO
-0.0100173,0.0646109,-0.02808824,0.007516563,0.1075005,0.04859656,-0.02451091,0.1106673,0.04582691,-0.009142436,0.04071832,-0.02422637,-0.02064198,0.03344411,-0.02649361,TWO
-0.01138349,0.06372502,-0.02919888,0.007557079,0.1090964,0.0440844,-0.02449081,0.1120219,0.04176316,-0.007790543,0.03729522,-0.02810863,-0.02133553,0.02932262,-0.02598944,TWO
-0.0141031,0.06348038,-0.02766326,0.006079607,0.1085943,0.04495826,-0.02452796,0.1113276,0.04349586,-0.009327404,0.03894529,-0.02818593,-0.02237602,0.02978525,-0.02563712,TWO
-0.01875056,0.0621081,-0.02714381,0.005762592,0.1093439,0.04242915,-0.02396227,0.1115159,0.04324034,-0.01318671,0.04109403,-0.02860257,-0.02504649,0.02919847,-0.02471071,TWO
-0.01867129,0.06259316,-0.02664647,0.007323101,0.1096763,0.04092169,-0.02147196,0.1120193,0.04357111,-0.01434211,0.04255998,-0.02778715,-0.0256567,0.02999595,-0.02427208,TWO
-0.02153142,0.06298518,-0.02447546,0.008026786,0.1094684,0.0408318,-0.01952228,0.1111354,0.04695293,-0.01828664,0.04238036,-0.02488589,-0.02862254,0.02885455,-0.02105868,TWO
-0.03811598,0.06034368,-0.0167051,0.001835153,0.1123211,0.03356856,-0.02081586,0.1085021,0.05096146,-0.02824403,0.02188098,-0.0144023,-0.03568336,0.01211673,-0.003807545,TWO
-0.03787138,0.0653857,-0.01882693,-0.005221233,0.1146978,0.01783195,-0.01708406,0.1122323,0.04000878,-0.02850442,0.009688705,-0.008417875,-0.03171082,0.004116833,0.006997406,TWO
-0.03384533,0.06716615,-0.01934657,0.0004708543,0.1149605,0.01849857,-0.01443376,0.1133727,0.03567633,-0.02888765,0.0123857,-0.01143497,-0.03334253,0.00707683,0.003821164,TWO
-0.03653202,0.06536034,-0.01843473,-0.001133002,0.1149782,0.0183517,-0.01590112,0.1131838,0.03595629,-0.02910643,0.01250592,-0.01146591,-0.03352817,0.006864578,0.003958613,TWO
-0.03592024,0.06529635,-0.01735225,-0.0001121983,0.1146073,0.02102014,-0.01577494,0.112461,0.03852692,-0.02885763,0.01400846,-0.01211914,-0.03383683,0.008062363,0.002934337,TWO
-0.03580845,0.06540442,-0.01708841,0.0001059696,0.114634,0.02078575,-0.01552875,0.1125527,0.03825474,-0.02892708,0.01395348,-0.01193655,-0.03383132,0.008127332,0.003153652,TWO
-0.03498645,0.06675029,-0.01791707,0.001135811,0.1149846,0.01832697,-0.0135862,0.1133492,0.03595316,-0.02927671,0.01287967,-0.01053572,-0.03342659,0.007499337,0.004710376,TWO
-0.0357038,0.06659439,-0.01696965,0.001680307,0.1150657,0.01789114,-0.01268098,0.1132637,0.03636646,-0.02987485,0.01295885,-0.009328932,-0.03321833,0.007496238,0.005949944,TWO
-0.03728585,0.06669447,-0.01581776,0.001290642,0.1151313,0.01705843,-0.01104704,0.1132056,0.03704539,-0.03070603,0.0121147,-0.006363124,-0.03256992,0.006766558,0.008873314,TWO
-0.03888001,0.0665361,-0.01430759,0.0007727072,0.1152488,0.01639435,-0.009820089,0.1131477,0.03808919,-0.03151709,0.01188153,-0.003688425,-0.03193425,0.006341547,0.01138622,TWO
-0.03178038,0.07328719,-0.02139068,0.004501805,0.1162021,0.0155876,-0.002535738,0.1128594,0.04439643,-0.03381291,0.02203867,0.009061158,-0.03379606,0.01031885,0.01781949,TWO
-0.0325609,0.07401064,-0.0241861,0.006365545,0.1164738,0.01426026,0.0004447848,0.1127647,0.04513642,-0.03286474,0.0233492,0.0112671,-0.0332404,0.01119107,0.01916844,TWO
-0.03836714,0.06654868,-0.005205303,0.005951129,0.1164688,0.01335782,0.000716202,0.112527,0.0456554,-0.03258385,0.02753165,0.01322266,-0.0321013,0.01089296,0.01900753,TWO
-0.03285174,0.06637883,-0.02511096,-0.006902572,0.114498,0.01864088,-0.02448557,0.1119903,0.03376985,-0.02657606,0.01094249,-0.01445946,-0.03316891,0.004388213,-0.001401663,TWO
-0.03393697,0.06453261,-0.02324325,-0.004777163,0.1143149,0.02174169,-0.02384293,0.1115034,0.03620923,-0.02601218,0.01158857,-0.01601964,-0.03310151,0.00565058,-0.002205372,TWO
-0.03398239,0.06296748,-0.02260619,-0.002377674,0.1142045,0.0243485,-0.02315523,0.1113943,0.03790942,-0.02461689,0.01262215,-0.01779008,-0.0330305,0.007208437,-0.003724158,TWO
-0.03226224,0.06117374,-0.02391455,0.001420788,0.113937,0.02696916,-0.02251418,0.1117007,0.03957999,-0.02307129,0.01643348,-0.02056551,-0.03300545,0.01133418,-0.007626921,TWO