-0.01031048,0.0958136,0.003207773,-0.03976569,0.02016306,-0.007922024,-0.03872696,0.007616937,-0.00670597,-0.03123609,-0.005047321,-0.003040671,-0.02902962,-0.01895881,0.009196222,THUMB
-0.01156911,0.09506866,0.003181875,-0.04131391,0.01688966,-0.005235732,-0.03953801,0.004112691,-0.004299104,-0.03110166,-0.007695526,-0.0004763007,-0.0275392,-0.01948172,0.01242962,THUMB
0.001473386,0.1020526,0.008406669,-0.03571199,0.02175373,-0.004009068,-0.03753312,0.008710921,-0.004627287,-0.03074143,-0.004545897,-0.002435207,-0.02759088,-0.01551694,0.00704667,THUMB
0.004245214,0.1027423,0.01984078,-0.03438783,0.0253588,-0.0004041195,-0.03666076,0.01263857,-0.002832949,-0.03074756,-0.001620144,-0.002893299,-0.02816984,-0.01469836,0.004062802,THUMB
0.001438625,0.09602475,0.03458127,-0.0333193,0.02638748,-0.001250654,-0.03536045,0.01449561,-0.004147291,-0.03109594,-0.0003832579,-0.003874749,-0.02971839,-0.01504382,0.001402974,THUMB
0.002079584,0.09675661,0.03355584,-0.0329198,0.02628389,-0.001510143,-0.03510365,0.01523119,-0.004589677,-0.03142051,-0.000135541,-0.004123628,-0.03035662,-0.01450706,0.001261562,THUMB
0.001428023,0.1017168,0.02685207,-0.03256267,0.02469116,-0.000823766,-0.03520891,0.01530018,-0.004022598,-0.0319339,-0.0004282296,-0.003878176,-0.03073744,-0.01469612,0.001139373,THUMB
0.001403093,0.102485,0.02571535,-0.03256347,0.02454683,-0.0004356802,-0.03523649,0.01505682,-0.003568739,-0.03179804,-0.0007534027,-0.003585398,-0.03052689,-0.01521167,0.001207799,THUMB
0.0003953129,0.1025599,0.02426159,-0.03358373,0.02326629,-0.00135988,-0.03595065,0.01387832,-0.003994733,-0.03196779,-0.001874745,-0.003463387,-0.03008102,-0.01606065,0.001846164,THUMB
-0.0001509935,0.1027572,0.02182582,-0.03387179,0.02309722,-0.002027124,-0.03610652,0.01334664,-0.004299372,-0.03191517,-0.002309859,-0.003335565,-0.03002667,-0.01642606,0.002425104,THUMB
-0.001211785,0.1025474,0.02070719,-0.03395079,0.02264401,-0.002718598,-0.03612524,0.0126788,-0.004798681,-0.03177956,-0.00282827,-0.003828079,-0.03004083,-0.01702338,0.002183378,THUMB
-0.006719988,0.09924996,0.0224885,-0.03534401,0.02160338,-0.003211021,-0.03689868,0.01067576,-0.004936367,-0.031688,-0.004427046,-0.003416985,-0.02924808,-0.01853749,0.003195971,THUMB
-0.004497595,0.09933913,0.02280465,-0.03492591,0.02223557,-0.003302008,-0.03669014,0.01137468,-0.005118877,-0.03181061,-0.003768921,-0.003738523,-0.02973216,-0.01785183,0.00280726,THUMB
-0.006190382,0.1005765,0.0171127,-0.03529362,0.02030376,-0.003537208,-0.03749928,0.009174466,-0.005022794,-0.03244977,-0.005616903,-0.003497064,-0.03019344,-0.01891205,0.00383094,THUMB
0.008896805,0.1027668,-0.0002463162,-0.0323162,0.02288544,-0.005401552,-0.03459058,0.01385471,-0.007868767,-0.03127819,-0.0006838441,-0.005202621,-0.03202028,-0.01312539,0.003751636,THUMB
0.01577037,0.100123,-0.02652293,-0.03236333,0.02441117,-0.009456336,-0.03485189,0.01518315,-0.01056248,-0.03180658,0.0007331371,-0.005155981,-0.03313272,-0.00959751,0.005910248,THUMB
0.01729762,0.09633654,-0.03287148,-0.03126393,0.02479684,-0.01226187,-0.03506322,0.0158782,-0.01189095,-0.03268889,0.002059877,-0.005055785,-0.03416804,-0.007070541,0.006992877,THUMB
0.005954355,0.0999364,-0.004712909,-0.03085214,0.02212325,-0.00879392,-0.03724609,0.01396143,-0.005773693,-0.03496353,0.001576841,0.002007335,-0.03125165,-0.008303136,0.0203478,THUMB
0.01617598,0.08936352,-0.0420039,-0.03360476,0.02005365,-0.01452559,-0.03819557,0.01274529,-0.01175433,-0.03676726,0.004938215,0.001385897,-0.04015555,0.01907656,0.06020939,THUMB
0.01607584,0.09176239,-0.03280154,-0.03455289,0.02118173,-0.01371875,-0.0381676,0.01326835,-0.01169378,-0.03823081,0.006260514,0.001469553,-0.03812351,0.01690644,0.08191121,THUMB
0.01043583,0.09650457,-0.01956496,-0.03429046,0.02260226,-0.01385251,-0.03664342,0.01353106,-0.01177299,-0.03540262,0.003684849,-0.0002856553,-0.04541177,0.005532086,0.0326696,THUMB
0.007101342,0.0990006,-0.02126107,-0.0334481,0.02331361,-0.01299912,-0.03597869,0.01368165,-0.01076868,-0.03301863,0.001981914,-0.001740634,-0.03027454,-0.007837296,0.01204491,THUMB
0.007218204,0.1002991,-0.02317715,-0.03207424,0.02473339,-0.01147681,-0.03498302,0.01478124,-0.009567499,-0.03151691,0.001764506,-0.002300501,-0.03005595,-0.01290959,0.007788956,THUMB
0.007699572,0.1010495,-0.02267832,-0.03103741,0.02598593,-0.009732783,-0.03434654,0.01531878,-0.007984966,-0.0308587,0.001466215,-0.002139419,-0.02949806,-0.01330823,0.007162631,THUMB
0.008889563,0.1014495,-0.02141979,-0.03003152,0.02686206,-0.00914216,-0.0337299,0.0156948,-0.007590145,-0.03065815,0.001216203,-0.00244835,-0.03023172,-0.01239562,0.007211745,THUMB
0.01255549,0.1019696,-0.01410079,-0.02888515,0.02866498,-0.00820896,-0.03296227,0.01670179,-0.007486016,-0.03084219,0.001404285,-0.003167242,-0.03143751,-0.009366333,0.007527024,THUMB
0.01159965,0.1030298,-0.0118365,-0.0284312,0.02816364,-0.006716311,-0.03282063,0.01650888,-0.006595492,-0.03106645,0.001429498,-0.002917349,-0.03147784,-0.009150892,0.007202983,THUMB
-0.01934672,0.1042925,0.01985219,-0.03401296,0.02365273,-0.006163001,-0.03529124,0.00940612,-0.008062273,-0.02843498,-0.005191803,-0.008509487,-0.02612924,-0.02051321,-0.003806084,THUMB
-0.01727789,0.1033523,0.02191985,-0.03230732,0.02548417,-0.007060081,-0.03378895,0.0111295,-0.009755343,-0.02790719,-0.00372979,-0.01000264,-0.02694939,-0.0190511,-0.005459338,THUMB
-0.02549283,0.09672377,0.01886871,-0.03015066,0.02523082,-0.01252142,-0.03088481,0.01190096,-0.01566839,-0.02656903,-0.003082931,-0.01351294,-0.02779762,-0.01678935,-0.007095337,THUMB
-0.02663423,0.0954687,0.01922181,-0.03017433,0.02473608,-0.01278946,-0.03074846,0.01197496,-0.01601237,-0.02658367,-0.002997488,-0.01363322,-0.02794853,-0.01653001,-0.00700289,THUMB
-0.01193308,0.09715703,0.02225354,-0.03151746,0.02497509,-0.009203047,-0.0331603,0.01240048,-0.01143125,-0.02940722,-0.003547728,-0.009071738,-0.0291531,-0.01743895,-0.001652151,THUMB
0.03129037,0.09956455,-0.002007395,-0.02570675,0.031315,-0.008304536,-0.03163282,0.02018607,-0.008664459,-0.031716,0.005051851,-0.00534448,-0.03358053,-0.007122427,0.003475904,THUMB
0.03434965,0.09789309,-0.00383836,-0.02603284,0.03210703,-0.007074416,-0.03261089,0.02147695,-0.007262081,-0.03270966,0.006906211,-0.003973991,-0.03408412,-0.005068064,0.004717201,THUMB
0.03265283,0.09752408,-0.004496783,-0.02728467,0.03206721,-0.006135792,-0.03392301,0.02129149,-0.005952179,-0.03343578,0.006890982,-0.002599627,-0.03409508,-0.005197942,0.006189108,THUMB
0.030765,0.09737891,-0.002681911,-0.02907255,0.03212532,-0.005289406,-0.03524469,0.02130303,-0.005144447,-0.03438108,0.006865382,-0.001857072,-0.03433847,-0.005592614,0.006707639,THUMB
0.03094983,0.09713188,-0.0009377897,-0.02964524,0.03232116,-0.005199313,-0.03561298,0.02183542,-0.005335838,-0.03482858,0.007350981,-0.002113432,-0.03472218,-0.005392343,0.006238878,THUMB
0.03120885,0.0988887,-0.006021887,-0.02747401,0.0326905,-0.005772531,-0.0348203,0.02371353,-0.006242365,-0.03460856,0.009401113,-0.002767414,-0.03511191,-0.002906233,0.005842477,THUMB
0.02499565,0.1000246,-0.0004516244,-0.02922921,0.03182355,-0.005743146,-0.03536182,0.02198276,-0.006566405,-0.03462385,0.007530183,-0.00324142,-0.03453226,-0.005209893,0.005005389,THUMB
0.0235205,0.1001011,0.003182858,-0.02940525,0.03149703,-0.006276071,-0.03502189,0.02132994,-0.007495403,-0.03415898,0.006737739,-0.004373401,-0.03421014,-0.006199151,0.003683478,THUMB
0.02350587,0.09855804,0.01026651,-0.02909517,0.03044751,-0.007507652,-0.03457861,0.01991239,-0.009322137,-0.03327386,0.005332738,-0.006716818,-0.03372667,-0.00767079,0.001136035,THUMB
0.02498985,0.09841898,0.008431047,-0.02923442,0.02964965,-0.00721857,-0.03509616,0.01913479,-0.008748382,-0.03370471,0.004654169,-0.006149292,-0.03410631,-0.008118749,0.001804471,THUMB
0.003773581,0.1035204,0.01254204,-0.03299448,0.02645895,-0.004876345,-0.0351382,0.01463157,-0.006728739,-0.03133471,-0.0006898642,-0.004920155,-0.03004221,-0.01456574,0.002203763,THUMB
-0.00140579,0.1025036,0.02080795,-0.03218811,0.02698934,-0.006379128,-0.03391532,0.01436955,-0.009159774,-0.02994412,-0.0003680885,-0.007806182,-0.02931961,-0.01488411,-0.001560897,THUMB
-0.0132013,0.09604847,0.03080699,-0.0311194,0.02768177,-0.008262306,-0.03264842,0.0153645,-0.01253673,-0.02887081,0.00105688,-0.01177382,-0.02897752,-0.01340997,-0.005950242,THUMB
-0.01290226,0.09569201,0.03075972,-0.0313432,0.02714011,-0.00813657,-0.03294571,0.01537034,-0.01233953,-0.02922045,0.0008296371,-0.0116055,-0.02928956,-0.01353064,-0.005654275,THUMB
-0.01312342,0.09541026,0.03028664,-0.03197854,0.02620777,-0.008357525,-0.0334555,0.015113,-0.01237708,-0.02964237,0.000536859,-0.01137999,-0.0295065,-0.01361576,-0.005179942,THUMB
-0.01277849,0.09470037,0.031432,-0.03284357,0.02500516,-0.007574022,-0.03397495,0.01435995,-0.01150972,-0.02978718,-0.0005187988,-0.01065242,-0.02912605,-0.01476863,-0.004673332,THUMB
-0.01067683,0.09729543,0.02632546,-0.03309273,0.02438706,-0.007921249,-0.03449715,0.01439685,-0.01137453,-0.0306179,-0.0004881322,-0.009866089,-0.02990689,-0.01427722,-0.00340423,THUMB
-0.01291264,0.09621677,0.02782857,-0.03386303,0.02381808,-0.00681904,-0.03552352,0.01325843,-0.01015499,-0.03106236,-0.001457244,-0.008777857,-0.02994726,-0.01574591,-0.002620906,THUMB
-0.01907571,0.09487444,0.03192148,-0.03233239,0.023855,-0.00588128,-0.03425113,0.01409528,-0.009740829,-0.02988096,-0.0008148551,-0.009381324,-0.0290128,-0.01539171,-0.004157037,THUMB
-0.0172026,0.09630036,0.02987349,-0.0319549,0.0235897,-0.004628778,-0.0341978,0.01409319,-0.008292347,-0.0300764,-0.001037717,-0.008230627,-0.02915477,-0.01523197,-0.0028027,THUMB
-0.01414091,0.09843558,0.02618638,-0.03236643,0.02366287,-0.004006892,-0.0347963,0.01387253,-0.006997019,-0.03051816,-0.001362234,-0.006559402,-0.02927058,-0.01539677,-0.0005940795,THUMB
-0.05004699,0.08406818,0.03044635,-0.05249824,0.01228303,0.0423522,-0.03754153,-9.948015E-05,-0.006277144,-0.02748446,-0.01312289,-0.007050127,-0.02151616,-0.02748886,-0.002636164,THUMB
-0.04926612,0.07991245,0.03362399,-0.05127885,0.01366666,0.03494883,-0.03824137,-0.0002908111,-0.005419314,-0.02850049,-0.01265094,-0.006358951,-0.0226742,-0.0268828,-0.001763999,THUMB
-0.04133881,0.08568689,0.03323546,-0.04648805,0.01547071,0.02075842,-0.03834224,0.002154946,-0.00441134,-0.02951594,-0.0107781,-0.005697012,-0.02468671,-0.02519354,-0.001391083,THUMB
-0.03317009,0.09717351,0.02353713,-0.03807765,0.009909213,0.0006278157,-0.03793824,0.002764642,-0.0029957,-0.02964468,-0.01034278,-0.004034519,-0.0252316,-0.02458087,0.0003540814,THUMB
-0.03157711,0.09916049,0.02136785,-0.03566372,0.01103881,-0.003058046,-0.03783252,0.003220022,-0.004166842,-0.02943748,-0.01013535,-0.004967242,-0.02528544,-0.02450943,-0.0003807545,THUMB
-0.02240171,0.09817892,0.02905813,-0.0341285,0.01865029,-0.004346728,-0.03719731,0.009389251,-0.006262392,-0.03099271,-0.005107492,-0.007252604,-0.02862589,-0.01961231,-0.003003091,THUMB
0.006323807,0.1002344,0.02815902,-0.0302164,0.02646387,-0.003147423,-0.03482008,0.01765418,-0.00687319,-0.03272843,0.003067732,-0.007337779,-0.03293502,-0.01080123,-0.002494395,THUMB
0.04338837,0.09515285,0.01247269,-0.02676468,0.03561479,-0.004304379,-0.03445513,0.02739474,-0.007489413,-0.03541967,0.01287195,-0.006215364,-0.0363517,-0.0004888773,6.881356E-05,THUMB
0.04542549,0.0945912,0.01247177,-0.02615348,0.0353691,-0.004708052,-0.0337043,0.02759808,-0.008044779,-0.03486012,0.01321894,-0.006676972,-0.03645862,0.0001071393,-0.0003386438,THUMB
0.04651581,0.09440526,0.0115653,-0.02595284,0.0354473,-0.005475283,-0.03337065,0.02786648,-0.008895934,-0.03459748,0.01345205,-0.007332325,-0.03659106,0.0006095767,-0.0008718073,THUMB
0.02265972,0.1027455,-0.006349444,-0.03245898,0.02642122,-0.01641378,-0.03657436,0.01673734,-0.01811069,-0.03432617,0.00259608,-0.01333421,-0.03474306,-0.008577108,-0.004225403,THUMB
0.008241236,0.10421,-0.006600618,-0.03457445,0.02179834,-0.0166406,-0.03720906,0.01120502,-0.01765767,-0.03355359,-0.002477139,-0.01247865,-0.0327346,-0.01390845,-0.003304869,THUMB
-0.01998366,0.09844944,0.00677228,-0.03720721,0.01493612,-0.01746026,-0.03636132,0.003566682,-0.01807624,-0.03025198,-0.009964019,-0.0123992,-0.02795992,-0.02226785,-0.003823847,THUMB
-0.02316032,0.09535494,0.01377475,-0.03747087,0.0146243,-0.01728883,-0.0356297,0.002739191,-0.0179967,-0.02910284,-0.01077074,-0.01251286,-0.02644193,-0.02352282,-0.004550278,THUMB
-0.02279172,0.09311336,0.019752,-0.03717481,0.0158346,-0.01684192,-0.03495986,0.003664196,-0.01775974,-0.02860022,-0.01017484,-0.01257262,-0.02598319,-0.02335605,-0.005092978,THUMB
-0.02001942,0.0879381,0.02743948,-0.03520427,0.01787838,-0.0127489,-0.03426012,0.006056786,-0.01398432,-0.02829549,-0.009575844,-0.009512752,-0.02649147,-0.02327877,-0.002507538,THUMB
-0.01626723,0.08831283,0.02971578,-0.03477959,0.01965684,-0.01104313,-0.03469884,0.008173764,-0.01262423,-0.02947776,-0.007367402,-0.008399516,-0.02764876,-0.02143899,-0.001800299,THUMB
-0.01705317,0.08770475,0.03309721,-0.03478161,0.02061725,-0.008445442,-0.03455573,0.008251309,-0.01047564,-0.02966754,-0.005848229,-0.007307678,-0.02702593,-0.02105898,-0.0006607771,THUMB
-0.01987732,0.08927527,0.02919757,-0.03583071,0.01756325,-0.007709146,-0.03484559,0.005072266,-0.008795053,-0.02986924,-0.007994294,-0.004881859,-0.02545179,-0.02262318,0.002682179,THUMB
-0.01428377,0.09003115,0.01652959,-0.03890487,0.008318454,0.0005522072,-0.03710598,-0.002741903,0.002259105,-0.02809845,-0.01333362,0.006407589,-0.02018741,-0.02515256,0.01577693,THUMB
-0.01638776,0.08774942,0.01371849,-0.03806956,0.003257662,0.003292531,-0.03513928,-0.007008016,0.004767209,-0.02405038,-0.01599443,0.007847071,-0.01665701,-0.02527952,0.02054089,THUMB
-0.00998807,0.08275986,0.01387721,-0.03693485,0.001192212,0.005049407,-0.03403411,-0.008375973,0.006234348,-0.02217168,-0.01659662,0.008481115,-0.01628944,-0.02342457,0.02519518,THUMB
-0.003949918,0.082059,0.01461464,-0.03850895,0.00575003,0.003667384,-0.03526318,-0.005836248,0.005965024,-0.02379848,-0.01494133,0.007978827,-0.01827507,-0.02203166,0.02390352,THUMB
0.01716746,0.09135962,0.01570949,-0.03386422,0.0235123,0.003450513,-0.03627778,0.009172022,0.005762935,-0.02924851,-0.005171776,0.006255597,-0.02635885,-0.01689512,0.01573837,THUMB
0.01435798,0.09859693,0.009689301,-0.02973526,0.02814683,0.003935218,-0.03478403,0.01526469,0.006448925,-0.0303738,-0.0004687011,0.007240564,-0.02831676,-0.01398432,0.01522866,THUMB
0.01163305,0.09998229,0.006654531,-0.02955811,0.02739719,0.00430125,-0.03474843,0.01584569,0.007146001,-0.03054329,0.0002586842,0.008365005,-0.0278582,-0.01351568,0.01637152,THUMB
0.009545416,0.1005078,0.005507201,-0.02956308,0.02638587,0.005375057,-0.03449215,0.0159708,0.008052409,-0.03032584,0.0006740987,0.009542257,-0.02702592,-0.01325738,0.0174017,THUMB
0.007582635,0.09972191,0.006327242,-0.02975029,0.02502733,0.006111056,-0.03367013,0.01670611,0.007564515,-0.0298273,0.001829177,0.01013613,-0.02626998,-0.01213729,0.01819849,THUMB
0.007301703,0.1018311,0.001562893,-0.03023012,0.02406999,0.006261528,-0.03368239,0.015894,0.00733462,-0.02948987,0.001210541,0.01006737,-0.02558462,-0.01285294,0.01807776,THUMB
0.01206669,0.1019859,0.007386833,-0.02950419,0.02615827,0.004447073,-0.0339177,0.01641047,0.006650418,-0.03016897,0.001304805,0.008268237,-0.02718925,-0.01349455,0.01521957,THUMB
0.01498632,0.1020268,0.007358283,-0.02835031,0.02794719,0.004202902,-0.03368559,0.01783457,0.006317228,-0.03056891,0.002571821,0.007821411,-0.02831324,-0.0122129,0.01471752,THUMB
0.01589666,0.09965041,0.0003109574,-0.0248459,0.03048992,0.001170635,-0.03284474,0.01981118,0.005313993,-0.03068961,0.004266709,0.008214355,-0.0294412,-0.008250564,0.01733121,THUMB
0.006221071,0.1022159,0.003434449,-0.03056054,0.02722907,0.002693772,-0.03401881,0.01566476,0.003998607,-0.02957211,0.0007622838,0.006362617,-0.02726836,-0.01338327,0.01489961,THUMB
-0.00471738,0.1046456,-0.007421523,-0.03664838,0.02231979,0.01633909,-0.0358463,0.007493347,0.009284794,-0.02840953,-0.006533533,0.01000828,-0.02287824,-0.01885092,0.01732066,THUMB
-0.02849144,0.1047781,-0.005751729,-0.04072395,0.04072872,0.104396,-0.03826457,-0.0008590817,-0.004627734,-0.02731881,-0.01302633,-0.003000855,-0.02157159,-0.02456912,0.004571617,THUMB
-0.03916642,0.1014246,-0.01388493,-0.04940766,0.0424763,0.09943601,-0.03764418,-0.004104137,-0.00608331,-0.02641681,-0.01559913,-0.003166646,-0.02021165,-0.02773282,0.005246341,THUMB
-0.02863337,0.09971246,-0.03192872,-0.08056863,0.03115568,0.02910328,-0.03974743,0.0005426705,-0.004128486,-0.03055276,-0.01148936,0.001049787,-0.02508883,-0.02216038,0.01181799,THUMB
0.01049043,0.1024055,-0.01227981,-0.01307707,0.05000949,0.04635757,-0.03761568,0.01699895,0.004306018,-0.03349026,0.001575738,0.006803274,-0.03039357,-0.01037872,0.0166266,THUMB
0.0176865,0.0981636,0.006634593,-0.01373158,0.04931813,0.04780859,-0.03413939,0.01988998,0.0007736981,-0.03233537,0.00470686,0.003205836,-0.03209864,-0.007751346,0.0122242,THUMB
0.01574814,0.09844217,0.004016519,-0.01108813,0.05230594,0.04498148,-0.03164075,0.02035648,-0.002555043,-0.03158747,0.006229192,0.000959456,-0.03237581,-0.004420578,0.01099783,THUMB
-0.02566186,0.09629685,0.01073995,-0.04093032,0.01542005,-0.007676721,-0.04952141,0.00454089,-0.004847229,-0.04377544,-0.008031517,0.0005230904,-0.03851785,-0.01790926,0.01546261,THUMB
-0.02946645,0.09859303,0.008321881,-0.03692822,0.01606721,-0.008741319,-0.0419977,0.003284395,-0.008509874,-0.03485787,-0.009756207,-0.00519219,-0.03047662,-0.02027035,0.001634538,THUMB
-0.03915564,0.09672961,-0.0187785,-0.03321195,0.01232493,-0.01503727,-0.03445433,0.0009840429,-0.01400256,-0.025856,-0.01144645,-0.007972866,-0.0206051,-0.0244301,0.0005158782,THUMB
-0.02507495,0.1040854,0.006626755,-0.03339197,0.01956367,-0.009911388,-0.03328576,0.008657426,-0.01166123,-0.0259154,-0.006730169,-0.009512097,-0.0235994,-0.0222418,-0.003505528,THUMB
-0.01676299,0.1006992,-0.02939522,-0.03298502,0.01881784,-0.01654249,-0.03624556,0.008775085,-0.01594275,-0.03187338,-0.00559184,-0.009352982,-0.03188497,-0.01650274,0.002717912,THUMB
0.004512943,0.09850052,-0.01894891,-0.03989638,0.01735687,-0.02761361,-0.03768429,0.006237417,-0.02608585,-0.03498244,-0.005412191,-0.01602501,-0.03274927,-0.01626733,-0.004160702,THUMB
0.01328862,0.0957154,-0.002191037,-0.03904766,0.01921073,-0.02168521,-0.03960033,0.009064764,-0.02200228,-0.0380006,-0.001694947,-0.01321793,-0.03574667,-0.01039481,-0.0008017421,THUMB
0.001963362,0.09953862,-0.007312208,-0.03131495,0.02288711,-0.005069673,-0.03949569,0.01333097,-0.001372874,-0.03614154,-4.48823E-05,0.003781855,-0.03205896,-0.009913236,0.01658678,THUMB
-0.0008908361,0.1005317,-0.00759837,-0.03059518,0.02204219,-0.00284788,-0.03848935,0.01271424,0.00199914,-0.03409097,-0.001072139,0.006151259,-0.02976865,-0.01152134,0.01818573,THUMB
-0.006161816,0.1034002,-0.004085124,-0.0297949,0.01804155,0.004481733,-0.03542623,0.01163685,0.008814991,-0.02920119,-0.003561795,0.01015019,-0.02360527,-0.01596004,0.01943922,THUMB
-0.006275788,0.106348,0.005063176,-0.0309945,0.01962376,0.01036268,-0.03418005,0.009811461,0.01118886,-0.02674621,-0.005675673,0.009838104,-0.0210993,-0.02018231,0.01489794,THUMB
-0.004813619,0.1063467,0.005120039,-0.02990324,0.02526152,0.02168977,-0.03423091,0.01012379,0.0102995,-0.0271439,-0.005277634,0.009103119,-0.02197403,-0.01967776,0.0144189,THUMB
-0.006329224,0.1059,0.004721701,-0.02868515,0.03110081,0.03893918,-0.03453414,0.009895205,0.008980513,-0.02750055,-0.005301476,0.008230805,-0.02262519,-0.01931006,0.01404464,THUMB
-0.01199766,0.1019608,0.007051855,-0.02873711,0.03754163,0.04873595,-0.036704,0.008596182,0.004610747,-0.02949849,-0.005938709,0.005473465,-0.02506886,-0.01901418,0.01312158,THUMB
-0.01385773,0.09223422,-0.000446707,-0.03640691,0.01038539,-0.009809613,-0.04505715,0.01153147,-0.007649869,-0.03936633,-0.001680315,0.0008692145,-0.03794815,-0.006646395,0.02607679,THUMB
-0.005824864,0.09390765,0.001111507,-0.03393277,0.01594397,-0.01144013,-0.04417303,0.01492512,-0.009862423,-0.04325274,0.003293753,0.00117898,-0.046765,-0.00347966,0.04873955,THUMB
-0.02058378,0.08798534,0.01929998,-0.03805247,0.01667792,-0.01555273,-0.04182341,0.005210847,-0.01586151,-0.04305357,-0.005968302,-0.001249611,-0.04966854,-0.03943124,0.08033192,THUMB
-0.01943531,0.08759835,0.02449989,-0.03601707,0.01918739,-0.01317388,-0.03737031,0.007532716,-0.01505771,-0.03435395,-0.005035162,-0.007274419,-0.03643343,-0.01641101,0.005402118,THUMB
-0.0208257,0.09063542,0.01728028,-0.03488462,0.01791739,-0.01405555,-0.03564237,0.006742269,-0.01571894,-0.03122559,-0.005807459,-0.008744806,-0.03055371,-0.0193595,0.0003292263,THUMB
-0.01756298,0.09591019,0.009080768,-0.03432837,0.01741782,-0.01479131,-0.03464094,0.005889416,-0.01610976,-0.02953285,-0.00629577,-0.009533495,-0.02863613,-0.02195117,-0.001186788,THUMB
0.008615457,0.0954594,-0.001609921,-0.03654782,0.01938337,-0.01611871,-0.0415761,0.009006143,-0.01490551,-0.03977698,-0.0009915531,-0.005782247,-0.0369914,-0.006190747,0.0194965,THUMB
0.002089657,0.09724957,-0.004677653,-0.03528561,0.02060926,-0.01172984,-0.04067157,0.01163471,-0.01048473,-0.03800117,0.0008248091,-0.003311753,-0.03622049,-0.004614741,0.0260106,THUMB
-0.001705728,0.09900165,-0.008809507,-0.03413142,0.02029631,-0.01094088,-0.03985701,0.01145086,-0.009135872,-0.03711078,-0.0002175272,-0.002359062,-0.03472198,-0.006219476,0.02736017,THUMB
-0.01134559,0.09919506,-0.01204705,-0.03396361,0.01980978,-0.009144187,-0.04051638,0.01285893,-0.006560892,-0.03598169,-0.001357585,0.0006670058,-0.03362273,-0.007903159,0.023747,THUMB
-0.01529179,0.09958544,-0.01845828,-0.0353713,0.01671916,-0.005596578,-0.04006614,0.01114878,-0.002600431,-0.03391297,-0.003662109,0.003268719,-0.0295585,-0.01111865,0.01832891,THUMB
-0.02584596,0.1043724,-0.01514643,-0.03641646,0.03321898,0.04805231,-0.0404328,0.003012419,0.005179405,-0.03025073,-0.009665549,0.005622566,-0.02236925,-0.02048749,0.01208043,THUMB
-0.02964334,0.1042367,-0.01403487,-0.03905689,0.02941149,0.05022413,-0.04065257,0.00118041,0.004535913,-0.03039782,-0.01120424,0.004433393,-0.02231615,-0.0219605,0.01042771,THUMB
-0.03292494,0.1034581,-0.0113256,-0.04186047,0.0262922,0.04940975,-0.0402369,6.312132E-05,0.003780723,-0.03070378,-0.01224387,0.003693461,-0.02249097,-0.02337009,0.009348392,THUMB
-0.03420879,0.1029029,-0.007914186,-0.0459235,0.02181172,0.04315037,-0.04028127,3.755093E-06,0.003300905,-0.03126591,-0.01274073,0.003236234,-0.02344412,-0.0239687,0.008602917,THUMB
-0.05013344,0.0765965,-0.0008833408,-0.02922971,0.01130068,-0.009498119,-0.03407118,0.004595101,-0.007918864,-0.02780461,-0.008303106,-0.001878679,-0.02596449,-0.01989347,0.008630157,THUMB
-0.04161834,0.09201097,-0.007003546,-0.03385179,0.01483941,-0.005368233,-0.03434545,0.001748294,-0.004331291,-0.02708904,-0.0105384,0.0006914735,-0.02385285,-0.02195358,0.01079601,THUMB
-0.02900197,0.1007841,-0.01590222,-0.04190891,0.01259688,-0.003227472,-0.04119373,-0.0004649162,-0.001356781,-0.03192797,-0.01255244,0.00243324,-0.02650907,-0.02216047,0.01195031,THUMB
0.01007881,0.1021848,-0.01197493,-0.02405789,0.04959148,0.04398841,-0.04117017,0.01719618,0.003087759,-0.03664526,0.001468122,0.005892932,-0.03332439,-0.009563804,0.01580471,THUMB
0.003428221,0.09906316,0.008713067,-0.02124236,0.04803789,0.04559559,-0.03423283,0.01729858,-0.002446413,-0.03168938,0.002118468,0.0001392365,-0.03158142,-0.0112133,0.008806348,THUMB
0.001991466,0.1005484,0.005425274,-0.02255321,0.04728216,0.0457232,-0.03512262,0.01680517,-0.002912462,-0.03223191,0.001460493,-0.0005244017,-0.03163003,-0.01178604,0.008252978,THUMB
-0.05298839,0.07911026,-0.04510105,-0.03578249,0.03878808,0.04181898,-0.0352267,-0.007009506,0.01486522,-0.02029933,-0.01436859,0.01690114,-0.008142553,-0.01769996,0.02522498,THUMB
-0.05045285,0.08290416,-0.0451113,-0.03707497,0.04164106,0.03883529,-0.03606188,-0.006833375,0.01278055,-0.0228507,-0.01570171,0.01536238,-0.01226374,-0.02099878,0.02548254,THUMB
-0.05169329,0.08151788,-0.04641205,-0.03765661,0.04202116,0.03803647,-0.03604481,-0.006797194,0.01279002,-0.02283951,-0.01557827,0.01561183,-0.01226443,-0.02068669,0.02582628,THUMB
-0.05129986,0.08145452,-0.04698497,-0.03779808,0.04232246,0.037615,-0.03616168,-0.006612659,0.0125404,-0.02304709,-0.01544356,0.01552016,-0.0125531,-0.02057195,0.02580482,THUMB
-0.05279447,0.07956767,-0.0473451,-0.0381054,0.04369414,0.03603774,-0.03625076,-0.006626427,0.01268822,-0.02328842,-0.01514089,0.01622117,-0.01249581,-0.01986039,0.02656859,THUMB
-0.04504383,0.08467001,-0.04630607,-0.03746402,0.0451166,0.03510457,-0.03761297,-0.004861832,0.009914815,-0.02550872,-0.01427221,0.01397073,-0.01551765,-0.02013594,0.02465969,THUMB
0.008109897,0.1016365,0.006679296,-0.02779379,0.04665929,0.04321575,-0.03510915,0.01904827,-0.007207751,-0.03286877,0.003153205,-0.004376948,-0.03228302,-0.00982213,0.003734887,THUMB
0.01021237,0.104155,-0.01656589,-0.03314776,0.01820022,-0.0135878,-0.03583664,0.0123688,-0.01491216,-0.03205661,-0.001596749,-0.01022854,-0.03190524,-0.01202878,-0.0004749298,THUMB
0.007339768,0.1039703,-0.02276653,-0.03793444,0.02468821,-0.01434317,-0.03651012,0.01076651,-0.01759815,-0.03104586,-0.003505468,-0.01165026,-0.03096224,-0.01194203,-0.002084792,THUMB
0.005423717,0.1032395,-0.02019516,-0.04156119,0.0252178,-0.0163728,-0.03670216,0.01074186,-0.01993343,-0.03099931,-0.002823085,-0.01377752,-0.03019124,-0.01124135,-0.003035456,THUMB
0.007505402,0.1027801,-0.01951084,-0.04550751,0.02763128,-0.0177671,-0.03567353,0.01098561,-0.02255809,-0.03018905,-0.002728224,-0.01581666,-0.02980848,-0.01106095,-0.004853368,THUMB
0.009764902,0.1038962,-0.01159421,-0.0557668,0.03299615,-0.01935533,-0.03642329,0.01427758,-0.02515233,-0.03056593,-0.0009818971,-0.01905173,-0.03039631,-0.01002356,-0.008721024,THUMB
0.003933176,0.10545,-0.01757431,-0.03674413,0.02206787,-0.01470751,-0.04073125,0.01072419,-0.01449373,-0.03469376,-0.003920823,-0.01089993,-0.03244345,-0.0148814,-0.001438111,THUMB
0.002884358,0.105303,-0.01601267,-0.03592823,0.02253047,-0.01206756,-0.04051045,0.01115057,-0.01166922,-0.03485364,-0.003371119,-0.008606285,-0.03256357,-0.0148097,0.0005719364,THUMB
-0.004122064,0.1046561,-0.01053798,-0.03473749,0.02199289,-0.008063495,-0.03941913,0.01008201,-0.0072909,-0.03414764,-0.004128486,-0.004685879,-0.03131653,-0.01564336,0.004147053,THUMB
-0.008476153,0.1031337,-0.004295737,-0.03330675,0.02150899,-0.007984817,-0.03693391,0.008757234,-0.007281959,-0.03212662,-0.005052596,-0.004190683,-0.0299603,-0.01695716,0.00485149,THUMB
-0.006926969,0.103612,-0.008217841,-0.03378941,0.02124435,-0.01061788,-0.03658593,0.008474529,-0.01002848,-0.03178951,-0.005184501,-0.006317884,-0.03045869,-0.01733136,0.002969831,THUMB
0.0007284433,0.1045643,-0.01528686,-0.03589226,0.02122992,-0.01686329,-0.03622566,0.009299129,-0.01632553,-0.03127808,-0.004917324,-0.01178297,-0.03127523,-0.01694942,-0.00252682,THUMB
0.009546451,0.1045048,-0.0159367,-0.03699929,0.02389067,-0.02319089,-0.03570031,0.01202089,-0.02337626,-0.03100985,-0.002943248,-0.01790154,-0.03199895,-0.01396739,-0.008957416,THUMB
-0.009815821,0.1055367,0.002315402,-0.02708332,0.02998486,-0.0364854,-0.03235138,0.02244702,-0.04402038,-0.02754629,0.005342335,-0.03895912,-0.02753439,-0.008970052,-0.03100136,THUMB
-0.007365552,0.1057185,0.007184744,-0.02895508,0.03101143,-0.03677204,-0.03504597,0.023781,-0.04403073,-0.03028604,0.006433755,-0.03985098,-0.02937996,-0.008476794,-0.03170604,THUMB
-0.004239615,0.1055526,0.0161078,-0.03088764,0.03173608,-0.03868005,-0.03655573,0.02450413,-0.04530886,-0.03096528,0.006934106,-0.04147789,-0.03001491,-0.007783055,-0.03381622,THUMB
-0.004918846,0.1051507,0.01889595,-0.03192395,0.03148705,-0.0386816,-0.03735785,0.0241417,-0.04499096,-0.03175748,0.006844848,-0.04145423,-0.03047453,-0.007807702,-0.0337505,THUMB
-0.004257903,0.1051984,0.01937041,-0.03154366,0.03157374,-0.03832981,-0.03684069,0.02419302,-0.04462138,-0.03143056,0.006966621,-0.04118058,-0.03032777,-0.007638514,-0.03357375,THUMB
0.0007282142,0.1063598,0.001029193,-0.02519374,0.02941051,-0.03942552,-0.03026612,0.02187788,-0.04566786,-0.02814725,0.005612105,-0.04078251,-0.02915061,-0.007816643,-0.03150046,THUMB
-0.001235072,0.1053533,-0.005905867,-0.0226609,0.02973118,-0.03883308,-0.02742669,0.02234429,-0.04536432,-0.02589914,0.006228864,-0.04037136,-0.02800098,-0.006865263,-0.03117967,THUMB
-0.0008596331,0.1026961,-0.01623553,-0.02049049,0.03233892,-0.04375416,-0.0255535,0.0268966,-0.05069673,-0.0232682,0.00958994,-0.04577535,-0.02614576,-0.003648072,-0.03525466,THUMB
0.005126838,0.1030405,-0.01104176,-0.02395868,0.04040661,-0.04829687,-0.02984031,0.03607973,-0.05432332,-0.02526728,0.01605883,-0.05000421,-0.02783851,0.001789808,-0.03907171,THUMB
0.007323835,0.1030732,-0.006881952,-0.02951484,0.0470981,-0.05068958,-0.03447744,0.04195276,-0.05626392,-0.02738887,0.01995018,-0.05286747,-0.02969486,0.005096853,-0.04167536,THUMB
0.006318908,0.1018307,0.000772804,-0.0367657,0.06105652,-0.04881376,-0.04296257,0.05645818,-0.05625325,-0.03428297,0.03303185,-0.05836397,-0.0346138,0.0148246,-0.04787946,THUMB
0.001264259,0.101339,0.0001199245,-0.04044166,0.0626131,-0.04644266,-0.04639033,0.05779579,-0.05380321,-0.0381928,0.03505099,-0.05741441,-0.03685255,0.01605052,-0.04749602,THUMB
-0.0005562156,0.1057501,0.007448196,-0.01539638,0.02903429,-0.02837554,-0.01829069,0.01865771,-0.03265297,-0.01596912,0.002856135,-0.02902293,-0.02017102,-0.0101966,-0.02560434,THUMB
0.005742244,0.1062579,0.01073521,-0.01837777,0.02908888,-0.03181645,-0.02041868,0.01992062,-0.03638673,-0.0174128,0.003286242,-0.03120548,-0.02142511,-0.00948298,-0.02687448,THUMB
0.002884783,0.1063432,0.008660436,-0.01956573,0.0293355,-0.03291982,-0.02182728,0.0204021,-0.03787726,-0.01844393,0.00368005,-0.03286687,-0.02210494,-0.009145796,-0.02803102,THUMB
0.0006190836,0.1061618,0.006278396,-0.02013121,0.02965876,-0.03330106,-0.02290584,0.02096811,-0.03867248,-0.01963996,0.00433588,-0.03417146,-0.02296417,-0.00860393,-0.02886611,THUMB
-0.0001417324,0.106115,0.005340964,-0.02088265,0.02962741,-0.03341317,-0.02379514,0.02095816,-0.03872272,-0.02041598,0.004383802,-0.03432521,-0.02346325,-0.00861609,-0.02879864,THUMB
-0.000466153,0.1061329,0.005380809,-0.02083337,0.02934152,-0.03327331,-0.02368429,0.02068001,-0.03865889,-0.02025236,0.004178375,-0.03423154,-0.02327885,-0.008793205,-0.02871287,THUMB
0.003183693,0.1063049,-0.001294374,-0.01846173,0.02668631,-0.03517297,-0.02105106,0.017791,-0.03944841,-0.01846229,0.001920342,-0.03385016,-0.02241367,-0.01017728,-0.02781391,THUMB
0.005627364,0.1045623,-0.01171142,-0.01257812,0.02305174,-0.03223383,-0.01346791,0.01261464,-0.03498039,-0.01236508,-0.002024651,-0.02780476,-0.01874333,-0.01376867,-0.02177262,THUMB
0.004581816,0.1044644,-0.01158038,-0.01280199,0.02334115,-0.03140727,-0.01362942,0.01273993,-0.0343141,-0.0124409,-0.001821905,-0.02718264,-0.01877148,-0.01381257,-0.02089709,THUMB
0.004051827,0.1044927,-0.007905781,-0.01302018,0.02445737,-0.03002188,-0.01370547,0.01319239,-0.03324369,-0.01244982,-0.00142166,-0.02638522,-0.01873312,-0.01336977,-0.01981848,THUMB
0.005444936,0.1045619,-0.005656958,-0.0126541,0.02482149,-0.02961078,-0.01319444,0.01368126,-0.03291884,-0.01213213,-0.001023442,-0.02618381,-0.01863794,-0.01301903,-0.0198575,THUMB
0.01310517,0.1035386,-0.007296562,-0.01372701,0.02319002,-0.03296635,-0.01387028,0.01287472,-0.03551579,-0.01268175,-0.002465069,-0.02697781,-0.01984619,-0.01372692,-0.02010298,THUMB
0.001840755,0.1036682,-0.008662701,-0.01825813,0.02427086,-0.0324448,-0.01744969,0.01326025,-0.03421006,-0.01451966,-0.001735687,-0.02595946,-0.02016102,-0.01373538,-0.0184215,THUMB
-0.003509432,0.1044163,-0.001444519,-0.02248447,0.02483612,-0.0309152,-0.0220857,0.01479986,-0.03403205,-0.01733614,-0.0005857646,-0.02684748,-0.02144732,-0.01352647,-0.01984295,THUMB
-0.001735732,0.1044626,-0.002179027,-0.02499679,0.02435064,-0.0321894,-0.02508222,0.01469219,-0.03518349,-0.01960992,-0.001172841,-0.02798623,-0.02317557,-0.01380795,-0.02058613,THUMB
0.0025893,0.1043398,-0.004924595,-0.02997009,0.0259423,-0.03602621,-0.03089256,0.01704991,-0.04027843,-0.02465556,0.0004091263,-0.03345609,-0.02757995,-0.01112583,-0.02434525,THUMB
-0.01102018,0.104025,-0.009410828,-0.07857452,0.02778167,-0.03181681,-0.05177016,0.01224104,-0.04555249,-0.03202254,-0.005735725,-0.04078937,-0.03137216,-0.01500931,-0.02691483,THUMB
-0.00992924,0.1057033,-0.002279997,-0.08408368,0.02839917,-0.0287509,-0.05435529,0.01447976,-0.04560947,-0.03202437,-0.003347903,-0.04171848,-0.03147368,-0.01303548,-0.02846771,THUMB
-0.005979851,0.1038275,0.01138419,-0.07792205,0.04124746,-0.03293824,-0.06479575,0.03078878,-0.04875293,-0.04426622,0.01123148,-0.05125189,-0.04046781,-0.002379298,-0.03771842,THUMB
-0.01137152,0.1023373,0.0008928776,-0.07945745,0.04028723,-0.03973067,-0.07411075,0.02918503,-0.05338007,-0.05173521,0.008897722,-0.0562222,-0.04143777,-0.005446374,-0.04076815,THUMB
-0.02760482,0.1015568,-0.004491419,-0.03384691,0.01628029,-0.03150564,-0.03427328,0.007071316,-0.03512833,-0.02525513,-0.0065476,-0.02833319,-0.02395286,-0.01872322,-0.01956779,THUMB
0.007836372,0.1060371,-0.0129385,-0.02866764,0.02205157,-0.04197806,-0.03736739,0.01445624,-0.04655397,-0.02998902,-0.002160102,-0.03805137,-0.03001924,-0.01419571,-0.02649489,THUMB
-0.009493712,0.1065068,-0.005839944,-0.02569015,0.02037448,-0.03871781,-0.03105359,0.01045862,-0.04446524,-0.02442758,-0.004257768,-0.03686017,-0.02440638,-0.01690596,-0.02742285,THUMB
-0.04749015,0.09442517,-0.005013973,-0.03158547,0.01418051,-0.03961319,-0.03056481,0.003819525,-0.04422948,-0.02258435,-0.009278417,-0.03781906,-0.01865925,-0.02232459,-0.0287517,THUMB
-0.0469906,0.0933508,0.0164752,-0.03176308,0.01692003,-0.03952312,-0.03084582,0.007951498,-0.04556686,-0.02319422,-0.005408973,-0.04112512,-0.0186621,-0.01864418,-0.03308564,THUMB
-0.04592147,0.09382018,0.01731211,-0.03122925,0.01717404,-0.03954244,-0.03044281,0.008311361,-0.04569739,-0.02291439,-0.005027592,-0.04135886,-0.01860838,-0.01822519,-0.03339168,THUMB
-0.04251172,0.09554607,0.01839724,-0.03148913,0.01783669,-0.03950879,-0.03148952,0.00925684,-0.04599783,-0.02361518,-0.004297554,-0.04172492,-0.01953916,-0.01742274,-0.03402379,THUMB
-0.04179289,0.09594691,0.017452,-0.0316958,0.01771885,-0.03986728,-0.0319559,0.009112656,-0.0463258,-0.02413609,-0.004538924,-0.04195935,-0.02005978,-0.01760381,-0.03409371,THUMB
-0.02583633,0.1007238,-0.01362839,-0.03164694,0.0187934,-0.04083097,-0.03529349,0.009756565,-0.0455305,-0.03041591,-0.004776716,-0.03976968,-0.02840355,-0.01706058,-0.02880168,THUMB
-0.0139014,0.1015314,-0.02044988,-0.03123124,0.02665681,-0.04026857,-0.03404911,0.01801339,-0.04526499,-0.02857067,0.001572967,-0.03990206,-0.02907962,-0.01072201,-0.02892083,THUMB
0.002250776,0.1023483,-0.01597652,-0.03939623,0.02870327,-0.02648917,-0.03647979,0.01700127,-0.02690303,-0.02927473,0.0008265376,-0.02015784,-0.03037328,-0.00996989,-0.009758681,THUMB
0.004620999,0.1051913,-0.01383549,-0.03994267,0.02860728,-0.02177459,-0.04673585,0.02049261,-0.02424619,-0.0381749,0.002994627,-0.01962003,-0.03667772,-0.009002209,-0.01052171,THUMB
0.003592968,0.1052135,-0.0140858,-0.03940542,0.02788591,-0.02229488,-0.04468358,0.0190751,-0.0244447,-0.03643654,0.001966923,-0.0196209,-0.03535773,-0.009918809,-0.01073,THUMB
-0.006529562,0.1036424,-0.02084821,-0.04555114,0.01760915,-0.04316351,-0.04469211,0.007583499,-0.04738864,-0.03143843,-0.008251518,-0.0391092,-0.03036734,-0.01725471,-0.02599451,THUMB
-0.009624831,0.1048031,-0.01748264,-0.04278187,0.01658645,-0.04200828,-0.04395909,0.007104754,-0.04603422,-0.03019172,-0.008276373,-0.03776878,-0.02874691,-0.01808631,-0.02560306,THUMB
-0.0119553,0.1056992,-0.01337886,-0.04047412,0.01671663,-0.04025716,-0.04289233,0.007288098,-0.04460156,-0.02938755,-0.007849514,-0.03675008,-0.02767344,-0.01845783,-0.02550837,THUMB
-0.02131587,0.1054941,0.0006470978,-0.03066426,0.01981935,-0.03664449,-0.03259505,0.01015139,-0.04278648,-0.02365604,-0.004236519,-0.03699601,-0.02253157,-0.01730096,-0.02881631,THUMB
-0.02993869,0.1023939,-0.01001856,-0.02923272,0.01646659,-0.03856167,-0.03065503,0.006107092,-0.04382238,-0.02251634,-0.007530034,-0.03687099,-0.02095986,-0.02028072,-0.02790913,THUMB
-0.03558292,0.09828866,-0.02082303,-0.02876724,0.01282403,-0.03930524,-0.02957026,0.001640886,-0.04312679,-0.02178258,-0.01116154,-0.03499708,-0.01976428,-0.02336988,-0.02500418,THUMB
-0.04444546,0.096293,-0.004831672,-0.03180084,0.01428083,-0.03596717,-0.03134974,0.003238618,-0.04011965,-0.0229808,-0.009697616,-0.0335272,-0.01933312,-0.02268577,-0.02508053,THUMB
-0.04421359,0.09648645,0.005366147,-0.03333592,0.01583213,-0.03524482,-0.03301721,0.005388826,-0.04002821,-0.02459912,-0.007939816,-0.03440773,-0.02035676,-0.0212239,-0.02666107,THUMB
-0.03927021,0.09803626,0.01366729,-0.03330837,0.01702833,-0.036789,-0.03360468,0.007441759,-0.04207581,-0.02624573,-0.006219804,-0.03718314,-0.02200657,-0.01938918,-0.02925393,THUMB
-0.03481728,0.0999791,0.01691777,-0.03337229,0.01642147,-0.03678221,-0.03412323,0.00762561,-0.04277119,-0.02685058,-0.005731344,-0.03870988,-0.02285288,-0.01855013,-0.03072646,THUMB
-0.02851425,0.09512633,-0.03678581,-0.03848552,0.01159289,-0.0310728,-0.03860425,0.001027137,-0.03130773,-0.03203908,-0.01194447,-0.02471927,-0.02907056,-0.02150461,-0.01223153,THUMB
0.003966622,0.1027583,-0.01750606,-0.04276893,0.02045977,-0.01285216,-0.04252132,0.009964347,-0.01326776,-0.03547549,-0.004222184,-0.007562339,-0.03348321,-0.01585862,0.00252521,THUMB
0.009093538,0.09940669,-0.008044124,-0.03385974,0.02091184,0.0006619692,-0.03734095,0.01410601,0.005017042,-0.03142802,-0.001276642,0.008229613,-0.02798495,-0.01335379,0.01767969,THUMB
0.009190649,0.102574,-0.003341258,-0.02845745,0.01770121,0.008931577,-0.0331498,0.0150038,0.0102846,-0.0270512,-0.0002359748,0.01096535,-0.02287404,-0.01467615,0.01850337,THUMB
0.01634815,0.09997407,0.02062806,-0.02652952,0.02801567,0.006819069,-0.03110856,0.02031511,0.006517768,-0.02919272,0.004734665,0.005984932,-0.02837953,-0.01066887,0.01167655,THUMB
0.01493537,0.1002905,0.02095082,-0.02670957,0.02962968,0.006423801,-0.03145421,0.02021959,0.006018281,-0.02991094,0.00469178,0.005552739,-0.0289811,-0.01032376,0.01121488,THUMB
0.01308195,0.1012848,0.02031875,-0.0273267,0.03132316,0.006952524,-0.03222033,0.01961252,0.006076068,-0.03093079,0.004166603,0.005568087,-0.02958776,-0.01039174,0.01101619,THUMB
0.01351438,0.1027066,0.01896077,-0.02894969,0.0323298,0.009629041,-0.03313231,0.01855007,0.006589919,-0.03196311,0.003184855,0.00556168,-0.03050102,-0.01101074,0.01052803,THUMB
0.01202177,0.1033537,0.01794684,-0.03018969,0.03124174,0.01052055,-0.03398563,0.01749822,0.006979436,-0.03235269,0.002175599,0.005852997,-0.03047661,-0.01197997,0.01075345,THUMB
0.01505619,0.1030374,0.0168668,-0.02967207,0.02900976,0.003808945,-0.03454127,0.01904839,0.002334923,-0.03347874,0.003532588,0.002124161,-0.03215301,-0.01053458,0.007331073,THUMB
0.01446596,0.103734,0.009392589,-0.03115781,0.02719787,-0.001761913,-0.03726059,0.01775214,-0.00363636,-0.0356617,0.003283858,-0.002551436,-0.0345565,-0.01000798,0.003477663,THUMB
0.01378867,0.1036837,0.006044745,-0.03205303,0.02541327,-0.002886564,-0.03785649,0.01629373,-0.005067766,-0.03583627,0.002022535,-0.003390998,-0.03459946,-0.01109979,0.003145397,THUMB
0.01808701,0.1028326,0.004286587,-0.03196483,0.02549559,-0.004360557,-0.03733933,0.01650652,-0.006925434,-0.03521884,0.002122968,-0.004945517,-0.03475232,-0.01113081,0.002023011,THUMB
0.02149986,0.103242,-0.009077162,-0.03258613,0.02487704,-0.009438217,-0.0363321,0.0162383,-0.01227462,-0.03347243,0.001409978,-0.00901103,-0.03449544,-0.01125422,-0.0005473495,THUMB
0.02147943,0.1034128,-0.01313341,-0.03287991,0.02472755,-0.01161122,-0.03614379,0.01581016,-0.01420319,-0.03302128,0.0008984804,-0.0104658,-0.0343421,-0.01145208,-0.001588821,THUMB
0.01267675,0.09784928,-0.03910786,-0.04164254,0.01679441,-0.02989882,-0.03335497,0.004154146,-0.02945983,-0.02790938,-0.007726431,-0.01980668,-0.0285381,-0.01177451,-0.007783771,THUMB
0.01093344,0.09714368,-0.0400469,-0.0425404,0.01897484,-0.02809817,-0.03431661,0.005789757,-0.02824861,-0.02858478,-0.00626418,-0.01860833,-0.02884848,-0.01020634,-0.006404102,THUMB
-0.01737489,0.1045938,-0.002043813,-0.03875425,0.02319017,-0.01279131,-0.03656209,0.009763658,-0.01583284,-0.0293493,-0.003864914,-0.01316455,-0.02643956,-0.01226497,-0.002865821,THUMB
-0.01473399,0.1007921,0.02143276,-0.03379401,0.02339447,-0.013816,-0.03440545,0.01053721,-0.01711428,-0.02975141,-0.004152685,-0.01516578,-0.02811289,-0.01803064,-0.008928031,THUMB
-0.01875227,0.09597734,0.02756068,-0.03417615,0.02147704,-0.01321059,-0.03486258,0.008490652,-0.0170508,-0.03024106,-0.005455017,-0.01562592,-0.02856246,-0.01894626,-0.009748489,THUMB
-0.01779072,0.100971,0.0147008,-0.03197477,0.01881588,-0.01346105,-0.03319716,0.006669462,-0.01680607,-0.02850031,-0.006602556,-0.01454362,-0.0279502,-0.02043587,-0.007646739,THUMB
-0.01475593,0.09466612,-0.04992455,-0.03473166,0.01337788,-0.01791421,-0.0364878,0.002108604,-0.0151158,-0.03010111,-0.009696186,-0.006978571,-0.02940034,-0.01845005,0.006042272,THUMB
-0.009577136,0.09446868,-0.04825506,-0.03843756,0.01391533,-0.01827425,-0.03882204,0.00222376,-0.01579335,-0.0318385,-0.009575337,-0.007508218,-0.03122035,-0.01747274,0.005923629,THUMB
0.02222971,0.09894127,0.002106667,-0.04050459,0.0338276,-0.01350415,-0.03418978,0.01895839,-0.0185664,-0.02980849,0.003815442,-0.01325047,-0.02931933,-0.004480124,-0.002757788,THUMB
0.02465874,0.1007057,0.005656362,-0.03601747,0.03457004,-0.008932114,-0.03247126,0.02043948,-0.01562285,-0.02884242,0.004941791,-0.01211655,-0.02854194,-0.004043162,-0.002404004,THUMB
0.02252416,0.1042822,0.01742831,-0.0295559,0.02993506,-0.004172385,-0.03471894,0.02069318,-0.008805871,-0.0335529,0.006243885,-0.008547336,-0.03387095,-0.007744908,-0.003300279,THUMB
0.02403484,0.1050826,0.005577415,-0.03008913,0.02819222,-0.004468203,-0.0337705,0.01972929,-0.008527845,-0.03212108,0.004410386,-0.007967472,-0.03404532,-0.009057671,-0.001840353,THUMB
0.00372497,0.1046223,-0.01152804,-0.03295369,0.02521819,-0.01349759,-0.03301253,0.01188138,-0.01682928,-0.02913864,-0.002633005,-0.01242152,-0.03099086,-0.014837,-0.003105223,THUMB
-0.004219301,0.1024176,-0.02095765,-0.03578119,0.0228115,-0.01566601,-0.0339496,0.008689284,-0.01776478,-0.02926065,-0.005053908,-0.01172975,-0.03035037,-0.01631224,-0.001105785,THUMB
-0.0165387,0.09760472,-0.03720686,-0.0345903,0.01934889,-0.01674101,-0.03552274,0.005880117,-0.01546338,-0.02983732,-0.007020742,-0.00796622,-0.02877255,-0.01605743,0.003938913,THUMB
-0.02450657,0.09667626,0.03371635,-0.03335675,0.02447709,-0.008160353,-0.03511971,0.01215231,-0.01222706,-0.02812617,-0.001768529,-0.01344284,-0.02598957,-0.01661626,-0.01000586,THUMB
-0.0348607,0.0922558,0.03307882,-0.03279656,0.02324653,-0.01120323,-0.032323,0.01089227,-0.01589695,-0.02571834,-0.002850443,-0.01596189,-0.02395358,-0.01797879,-0.01226994,THUMB
-0.03754146,0.09139332,0.03107509,-0.03243857,0.02310669,-0.01246038,-0.03156682,0.01075628,-0.01717374,-0.02518386,-0.002984434,-0.01679704,-0.02364219,-0.01825088,-0.01296067,THUMB
-0.04172647,0.08885825,0.02987686,-0.03192827,0.02144113,-0.01428246,-0.03063019,0.01057622,-0.01908588,-0.02443057,-0.003727674,-0.0184035,-0.02308214,-0.01883805,-0.01435483,THUMB
-0.04179708,0.08827806,0.02965504,-0.03165008,0.01997894,-0.01509127,-0.03040005,0.009976834,-0.02017343,-0.02435087,-0.004044354,-0.01936907,-0.0232297,-0.01870412,-0.01509395,THUMB
-0.04184963,0.08824387,0.02924943,-0.03162804,0.01938835,-0.01518887,-0.03041304,0.009459376,-0.02031681,-0.02432322,-0.004437178,-0.01946142,-0.0231864,-0.01890481,-0.01503295,THUMB
-0.04112177,0.08862692,0.02919069,-0.0316744,0.01940599,-0.01483279,-0.03066534,0.009397179,-0.02003041,-0.02461445,-0.004481882,-0.01924515,-0.0235185,-0.01888922,-0.01477399,THUMB
-0.03832839,0.09111962,0.02797347,-0.03207643,0.01950788,-0.01356494,-0.03173017,0.008924991,-0.01904124,-0.02567659,-0.00480327,-0.01877153,-0.02473277,-0.01904899,-0.01451415,THUMB
-0.03787645,0.09247351,0.0250721,-0.03277244,0.01898912,-0.01348576,-0.03267437,0.007975131,-0.01869008,-0.02652761,-0.005683333,-0.01831725,-0.02550281,-0.01987451,-0.01383844,THUMB
-0.03604028,0.09345052,0.02386162,-0.03382167,0.01880664,-0.0129714,-0.03375375,0.007303745,-0.01787388,-0.02756095,-0.006079525,-0.01742315,-0.02640978,-0.02067488,-0.01285896,THUMB
-0.008789822,0.1027953,-0.0277735,-0.03600189,0.01879388,-0.01286992,-0.03661784,0.007269889,-0.01387829,-0.03071681,-0.006410122,-0.008405119,-0.0301298,-0.01760346,0.002463669,THUMB
0.01254156,0.1020846,-0.02373332,-0.03866015,0.02635109,-0.01575071,-0.03724311,0.01302728,-0.01833144,-0.031891,-0.001778841,-0.0125376,-0.03233802,-0.01124802,-0.001532108,THUMB
0.02682031,0.1026409,0.008145899,-0.03278292,0.03392226,-0.004276395,-0.03596602,0.02349755,-0.008922309,-0.03309487,0.007530063,-0.008155257,-0.03352795,-0.005713522,-0.001340389,THUMB
0.0249732,0.1028028,0.0130915,-0.03012745,0.03333637,-0.00432694,-0.03636348,0.02402589,-0.00795272,-0.03438053,0.008478045,-0.007397771,-0.03454609,-0.005423456,-0.001581758,THUMB
0.02200024,0.1013704,0.01928896,-0.03027861,0.02888885,-0.002797484,-0.03617093,0.02193546,-0.007109195,-0.0353965,0.007058412,-0.007381141,-0.03601018,-0.007077634,-0.002624661,THUMB
0.003104061,0.1008767,-0.01353818,-0.03796862,0.01685604,-0.01815814,-0.03766774,0.007245243,-0.02016053,-0.03281066,-0.005555451,-0.01302657,-0.03357109,-0.01483294,-0.001454502,THUMB
0.01452082,0.09729886,0.01772729,-0.02940434,0.02661124,-0.01755881,-0.03437699,0.01659536,-0.01979601,-0.03364604,0.003164798,-0.01564652,-0.03408383,-0.00898844,-0.007036686,THUMB
0.002124594,0.1041746,-0.0134885,-0.02673762,0.02619812,-0.02198401,-0.03265426,0.01523101,-0.02320346,-0.03064948,0.001420826,-0.01784995,-0.03222527,-0.01088715,-0.008631676,THUMB
-0.01218972,0.1041378,0.007372528,-0.03052517,0.02856359,-0.01708165,-0.03427102,0.01698136,-0.02017593,-0.03006058,0.001752377,-0.01764271,-0.03024489,-0.01321027,-0.01161763,THUMB
-0.03076434,0.08658707,0.03621611,-0.03123283,0.02369872,-0.01857862,-0.02855457,0.01147544,-0.02376291,-0.0229237,-0.002396047,-0.02147961,-0.02228535,-0.01831985,-0.01674801,THUMB
-0.02858655,0.09486356,0.03015694,-0.02890526,0.02296731,-0.01985559,-0.0260144,0.01168114,-0.0250231,-0.02066118,-0.002914459,-0.02348524,-0.02060109,-0.01843289,-0.01927111,THUMB
-0.02209852,0.09590039,0.02716199,-0.02845626,0.02003711,-0.02050966,-0.02689058,0.008117467,-0.02552095,-0.02224287,-0.005146742,-0.02349401,-0.02293151,-0.01942849,-0.01830339,THUMB
-0.01551794,0.09379995,0.02924058,-0.02888312,0.02093706,-0.02156755,-0.02828944,0.008824289,-0.02604458,-0.02399841,-0.004811645,-0.02331877,-0.02500205,-0.01907882,-0.01735947,THUMB
-0.004045452,0.09877613,0.02197707,-0.03086244,0.02416685,-0.0203535,-0.03293909,0.0142861,-0.02449781,-0.02926479,-0.0005770326,-0.02162778,-0.03035523,-0.01497397,-0.01561412,THUMB
-0.001909835,0.1038687,-0.0006979108,-0.0300146,0.02317965,-0.0223605,-0.03311136,0.01403025,-0.02533689,-0.02973069,-0.001082003,-0.02070835,-0.03151884,-0.01473564,-0.01305121,THUMB
0.01719221,0.1054124,-0.003564596,-0.02945931,0.02715802,-0.0220288,-0.03467405,0.0185847,-0.02535024,-0.03189572,0.002810627,-0.02100879,-0.03337229,-0.01018819,-0.01379681,THUMB
0.02830005,0.09520757,0.007718533,-0.03688322,0.02971911,-0.03018239,-0.04002563,0.02160633,-0.03268132,-0.03745564,0.007080674,-0.02309641,-0.03747863,-0.001274049,-0.01147339,THUMB
0.02611434,0.0958299,0.00866425,-0.0381111,0.02931449,-0.03224695,-0.03902803,0.02004993,-0.03304315,-0.03431511,0.004714131,-0.02552617,-0.03500167,-0.002251655,-0.01350576,THUMB
0.02225514,0.1048737,0.002262503,-0.04077933,0.03545174,-0.01218718,-0.03596783,0.02186048,-0.02042925,-0.03054389,0.005411327,-0.01822418,-0.03158285,-0.006372631,-0.009231746,THUMB
0.01406872,0.1061565,0.004436016,-0.03877521,0.03348848,-0.01444077,-0.03744856,0.02193263,-0.02043203,-0.0322511,0.005529076,-0.0184707,-0.03244492,-0.007347912,-0.01028499,THUMB
0.01309513,0.1066237,0.005966842,-0.03667225,0.03183252,-0.01524848,-0.03845397,0.02196488,-0.01959458,-0.03367438,0.005977571,-0.01766077,-0.03361624,-0.007031411,-0.01093358,THUMB
0.01881242,0.1058076,0.005953133,-0.03641257,0.03246111,-0.01532012,-0.0394178,0.02347338,-0.01879853,-0.0353036,0.007053465,-0.01686639,-0.03537469,-0.005546898,-0.01100853,THUMB
0.01961164,0.1057189,0.00300473,-0.03837973,0.03397962,-0.01727995,-0.04152817,0.02565363,-0.02098665,-0.03713727,0.008343816,-0.01921582,-0.03665797,-0.004075795,-0.01262489,THUMB
0.01369786,0.1049471,-0.01426154,-0.04122372,0.03095326,-0.02704087,-0.03589525,0.01617813,-0.03285444,-0.02902188,-0.0007914305,-0.02638966,-0.03100329,-0.01049381,-0.01712707,THUMB
0.01469369,0.1057845,0.003049076,-0.03561286,0.03124297,-0.03525656,-0.0360263,0.02151218,-0.03955948,-0.02610074,0.002230346,-0.03313047,-0.02786746,-0.008317769,-0.02419201,THUMB
0.002429998,0.1075425,0.001849324,-0.02790682,0.02717564,-0.03506383,-0.03440449,0.01894996,-0.04160079,-0.02726908,0.002175391,-0.03570184,-0.02793174,-0.01098058,-0.0276095,THUMB
-0.0006490522,0.1072867,0.006896138,-0.02882661,0.02938747,-0.03491336,-0.03569195,0.02177453,-0.04182285,-0.0304521,0.005039632,-0.03771472,-0.03017844,-0.00914669,-0.02998823,THUMB
-0.01789927,0.1023749,0.01633477,-0.03018499,0.03028786,-0.03855258,-0.03363429,0.022214,-0.04473206,-0.02979409,0.005639642,-0.04228446,-0.02809921,-0.009540975,-0.03513801,THUMB
-0.02229198,0.1010162,0.02210245,-0.03158638,0.02773863,-0.03660229,-0.03339453,0.01932222,-0.0431231,-0.02832486,0.003310293,-0.0403434,-0.02559279,-0.01164997,-0.03332129,THUMB
-0.02195208,0.1007857,0.027753,-0.03024418,0.02817813,-0.03350997,-0.03028041,0.01965186,-0.03999764,-0.0231692,0.003645569,-0.03688908,-0.02140692,-0.01115617,-0.03142381,THUMB
-0.01419527,0.1038716,0.02288979,-0.03108861,0.02780545,-0.03697413,-0.03337367,0.01963255,-0.04274341,-0.02594799,0.002875239,-0.03823462,-0.02338637,-0.01162046,-0.0311203,THUMB
-0.005930733,0.105515,0.01596943,-0.03466636,0.02611634,-0.03543749,-0.03818229,0.0182009,-0.04064158,-0.03208024,0.001754433,-0.03627861,-0.02951976,-0.01223862,-0.02853736,THUMB
-0.002978485,0.106955,0.00711602,-0.03461576,0.02553689,-0.03240278,-0.03848928,0.01744205,-0.03747645,-0.03332486,0.001254827,-0.0334599,-0.03152092,-0.01256302,-0.02586222,THUMB
-0.00736177,0.1068803,-0.003934324,-0.03528888,0.02222759,-0.02692854,-0.03982224,0.01349771,-0.03166795,-0.03406069,-0.001729637,-0.02751994,-0.03234003,-0.01467195,-0.01910925,THUMB
0.007664323,0.1057375,0.005886346,-0.03775106,0.02878267,-0.01800621,-0.04106856,0.01952487,-0.02118343,-0.0355001,0.004246175,-0.0183832,-0.03384655,-0.008892745,-0.01085407,THUMB
0.009392843,0.1059629,0.007047534,-0.03726374,0.0283435,-0.01567605,-0.0419609,0.0194892,-0.01821086,-0.03608841,0.003775269,-0.0160386,-0.03452104,-0.009388655,-0.01005238,THUMB
0.01292563,0.1061647,-0.002243668,-0.03965592,0.02840927,-0.01822868,-0.04192495,0.01941067,-0.02154034,-0.0369956,0.003050596,-0.0181452,-0.0357795,-0.009379387,-0.01125014,THUMB
0.01131231,0.1061839,-0.006431848,-0.04053283,0.02750406,-0.01852062,-0.04133016,0.01751366,-0.02219483,-0.03608139,0.001507998,-0.01842839,-0.03499772,-0.01084453,-0.01055938,THUMB
0.002770741,0.1046005,-0.0107758,-0.04096886,0.02204159,-0.03050768,-0.03268242,0.009558767,-0.03159028,-0.02823889,-0.005015582,-0.02480036,-0.02905172,-0.01389289,-0.01544595,THUMB
-0.02300972,0.1007248,0.006499588,-0.03231442,0.01940179,-0.02724856,-0.0338247,0.008350402,-0.03036284,-0.02785845,-0.005700558,-0.02507406,-0.02568451,-0.01949692,-0.01708204,THUMB
-0.02675302,0.09779054,0.01421222,-0.0318194,0.01842505,-0.0264897,-0.03110492,0.006290942,-0.02940473,-0.02501534,-0.007040918,-0.02438527,-0.02282918,-0.0210627,-0.01688415,THUMB
-0.0356538,0.08773091,0.03060555,-0.02981898,0.02002755,-0.02600992,-0.02669831,0.007975608,-0.02952006,-0.02126779,-0.005574852,-0.02587211,-0.01891654,-0.02026635,-0.02028602,THUMB
-0.03712903,0.09057802,0.03231779,-0.02920806,0.0187076,-0.02425733,-0.02538799,0.008437902,-0.0286057,-0.01850677,-0.005200058,-0.02646923,-0.01649418,-0.01985499,-0.02188092,THUMB
-0.03863443,0.09216812,0.02912799,-0.02977337,0.01768562,-0.02418035,-0.02572555,0.00696215,-0.02882257,-0.01819425,-0.006140918,-0.02670464,-0.01630573,-0.02061474,-0.02211019,THUMB
-0.03877331,0.09223813,0.02614325,-0.03046699,0.01710209,-0.02435851,-0.02676266,0.006036103,-0.02889487,-0.01906834,-0.006947339,-0.0265227,-0.0175392,-0.02139995,-0.02155161,THUMB
-0.03580493,0.09184504,0.02700388,-0.03108426,0.01735732,-0.02456248,-0.02750917,0.006156355,-0.02872199,-0.01987827,-0.006776422,-0.02620533,-0.01871738,-0.02159297,-0.02111033,THUMB
-0.02989498,0.09370217,0.02685156,-0.03058869,0.01765171,-0.02505621,-0.02755902,0.006845742,-0.02895802,-0.02062452,-0.006328106,-0.02616936,-0.02013461,-0.02094483,-0.0209507,THUMB
-0.02388753,0.09286639,0.01864609,-0.03587505,0.01578757,-0.01982933,-0.03506524,0.003266513,-0.02183104,-0.02830179,-0.009756356,-0.01785052,-0.02677806,-0.02305961,-0.009846836,THUMB
-0.04982356,0.08514869,-0.03603137,-0.04419918,0.003464997,0.001656473,-0.04353146,-0.00645411,0.0082286,-0.03054352,-0.01622832,0.01343358,-0.02043743,-0.02277213,0.02371818,THUMB
-0.05157778,0.07136244,-0.05008513,-0.0505094,0.02876663,0.02337039,-0.03533508,-0.01331574,0.01033676,-0.02073254,-0.01888072,0.01515943,-0.01018465,-0.02008027,0.02687019,THUMB
-0.03199531,0.0892624,-0.04539686,-0.03802717,0.08409172,0.07499808,-0.04040243,-0.003944337,0.0008335114,-0.02798641,-0.01429856,0.006314754,-0.0210542,-0.02167034,0.01789194,THUMB
0.01692367,0.09965873,-0.02697676,-0.0748311,0.06304854,-0.01821017,-0.03147585,0.01195946,-0.03299192,-0.02802692,-0.003528684,-0.02504882,-0.03058515,-0.01069474,-0.01464373,THUMB
0.02064859,0.1001212,-0.0182668,-0.06239751,0.05086687,-0.03121603,-0.0301163,0.01757243,-0.03616565,-0.02770651,0.002032667,-0.02823776,-0.030898,-0.005438,-0.01755902,THUMB
0.01677664,0.1015838,-0.01545385,-0.0392165,0.03075358,-0.0390932,-0.03369533,0.01906824,-0.03613478,-0.03016458,0.003712475,-0.02849066,-0.03243973,-0.004806757,-0.01752126,THUMB
0.01417782,0.105123,-0.00950101,-0.03160948,0.02519447,-0.02690864,-0.03819411,0.01729184,-0.02980804,-0.03488201,0.002561599,-0.02417818,-0.03489545,-0.008614361,-0.01419798,THUMB
0.01464512,0.1053221,-0.009256929,-0.03192801,0.02520809,-0.02735031,-0.03712267,0.01681662,-0.03021112,-0.03434685,0.002293378,-0.02469277,-0.03455208,-0.008649141,-0.01478669,THUMB
0.0141844,0.1057746,-0.007749736,-0.03152794,0.02523243,-0.02778402,-0.03475685,0.01603028,-0.03072777,-0.03274815,0.001747817,-0.02551216,-0.0333405,-0.008920699,-0.01564533,THUMB
0.004306287,0.1053938,-0.01745552,-0.03127339,0.02469403,-0.02936736,-0.03081245,0.01171556,-0.03080162,-0.02921202,-0.002382606,-0.02458709,-0.03041748,-0.01225507,-0.01425353,THUMB
-0.004049975,0.1033124,-0.02626374,-0.03600726,0.02205506,-0.03008923,-0.03235067,0.008906126,-0.02948365,-0.0291241,-0.004925162,-0.02247193,-0.02965379,-0.01535758,-0.01145872,THUMB
-0.007674981,0.1022737,-0.02922583,-0.03930943,0.02053726,-0.02937785,-0.03383048,0.007756144,-0.02836898,-0.02926932,-0.0058164,-0.02122459,-0.02910573,-0.01660439,-0.009705037,THUMB
-0.01516071,0.1051986,-0.01635677,-0.03496319,0.02102739,-0.02273288,-0.03622367,0.01019922,-0.02218783,-0.02935793,-0.004210413,-0.01761413,-0.02708962,-0.01376379,-0.007077336,THUMB
-0.007966436,0.106963,0.005200565,-0.03262956,0.02545828,-0.02017236,-0.03567066,0.0149824,-0.02278733,-0.03041908,-9.894371E-05,-0.01949286,-0.02878264,-0.01307184,-0.01180637,THUMB
-0.005049881,0.1049169,0.02223134,-0.03333545,0.02766296,-0.01724434,-0.03631546,0.01790303,-0.02241904,-0.03245171,0.003024578,-0.02059466,-0.03066343,-0.01129854,-0.01503491,THUMB
0.004778747,0.1073708,0.01213482,-0.03715,0.02535069,-0.02223852,-0.04152602,0.01644853,-0.02650911,-0.03765251,0.001778483,-0.02367425,-0.03518776,-0.01185456,-0.01763368,THUMB
0.0106931,0.1073436,0.006908923,-0.03327822,0.02580822,-0.02728438,-0.03763981,0.01636612,-0.03129473,-0.03383331,0.001514614,-0.02731812,-0.03322214,-0.0109612,-0.01968175,THUMB
0.006745514,0.1066202,0.0003142953,-0.03137691,0.02349153,-0.02948767,-0.03534765,0.01320422,-0.03273863,-0.03144176,-0.001191825,-0.02745059,-0.03192288,-0.01291016,-0.01858822,THUMB
-0.001940578,0.1048948,-0.01846018,-0.0319967,0.01929978,-0.03128046,-0.03430549,0.008257776,-0.03222087,-0.03018137,-0.005244613,-0.02489886,-0.03056378,-0.01619065,-0.01394352,THUMB
-0.005847692,0.102388,-0.02658954,-0.03935766,0.02071846,-0.02464324,-0.03646456,0.008276463,-0.02432123,-0.03047363,-0.005276501,-0.0166119,-0.02965228,-0.01564929,-0.004946589,THUMB
0.01835109,0.1048411,0.004380405,-0.03771087,0.03103578,-0.006997168,-0.03479289,0.01807904,-0.01424086,-0.030616,0.002147675,-0.01200825,-0.03113496,-0.01068312,-0.004411936,THUMB
0.01922709,0.105274,0.006778836,-0.03460473,0.02750099,-0.01001889,-0.04077898,0.01869643,-0.01310307,-0.03811637,0.004296303,-0.01078779,-0.03650928,-0.008708239,-0.004567385,THUMB
0.01160894,0.1065975,-0.004510999,-0.03566241,0.02514505,-0.008203208,-0.03907041,0.01681274,-0.01107073,-0.03538299,0.001492262,-0.008724689,-0.03532287,-0.01215637,-0.001896799,THUMB
-0.000578858,0.1064199,-0.01173389,-0.03537744,0.02158743,-0.01121491,-0.03583884,0.01102686,-0.01435292,-0.03085241,-0.003606975,-0.01068223,-0.0311322,-0.01650739,-0.002344728,THUMB
-0.014619,0.1025414,-0.02572542,-0.03780218,0.01512671,-0.01381111,-0.03593185,0.003625333,-0.01621723,-0.02929017,-0.009102941,-0.009771585,-0.02870957,-0.02035379,0.0003312826,THUMB
-0.09016526,0.03225562,-0.004366696,-0.03963659,-0.01652402,-0.01264483,-0.03170129,-0.0245809,-0.01155308,-0.01613644,-0.02877939,-0.005870312,-0.007107165,-0.03391299,0.006387442,THUMB
-0.09234552,0.02349213,-0.003737181,-0.03491228,-0.01537275,-0.01265118,-0.02753792,-0.02561045,-0.0108335,-0.01286407,-0.02880254,-0.00638485,-0.004294859,-0.03488514,0.004765987,THUMB
-0.09207942,0.02779689,-0.003493488,-0.03531984,-0.01434872,-0.01206183,-0.02859456,-0.02447471,-0.01071063,-0.01402972,-0.02826926,-0.006447971,-0.005411651,-0.03478265,0.004440457,THUMB
-0.08349303,0.04372251,-0.002970695,-0.04398023,-0.007101238,-0.001242936,-0.03541042,-0.01907355,-0.003691494,-0.02079777,-0.02452552,0.001973152,-0.01100219,-0.03045952,0.01363975,THUMB
-0.07514764,0.04780024,-0.002592564,-0.06278635,0.001617849,0.00723958,-0.03753319,-0.01388603,-0.002980947,-0.02435572,-0.02044106,0.004899383,-0.01637691,-0.02634352,0.01789433,THUMB
-0.06882117,0.05410963,-0.0025298,-0.06935072,0.01181006,0.008709252,-0.0383114,-0.008321166,-0.005055904,-0.02707021,-0.01657063,0.003977418,-0.02089428,-0.02404428,0.0175035,THUMB
-0.03464445,0.0902549,-0.002265036,-0.04160723,0.001740158,0.004285812,-0.03518566,-0.009415805,0.007567763,-0.02237307,-0.01748657,0.009593666,-0.01202302,-0.02219456,0.01959288,THUMB
-0.02868169,0.09235191,-0.003948689,-0.04083578,0.004755616,0.002471805,-0.03562487,-0.007451832,0.005015969,-0.02365631,-0.01602495,0.008034885,-0.01483095,-0.01990825,0.01829672,THUMB
0.004367359,0.09708124,0.03284955,-0.03484596,0.02331835,0.003265858,-0.03683919,0.0135501,-0.001196265,-0.03071954,-0.0009445548,-0.002843738,-0.02668211,-0.01294392,0.003763676,THUMB
-0.00601732,0.09838021,0.03114492,-0.03345258,0.02421397,-0.0001409054,-0.03612738,0.01569235,-0.003550529,-0.03126704,0.0008720756,-0.004247427,-0.02895273,-0.01363564,0.0007045865,THUMB
-0.01058979,0.1022395,0.02094674,-0.03408548,0.0224697,-0.00166142,-0.03755272,0.01349628,-0.004204035,-0.03323353,-0.00144583,-0.00411284,-0.03062541,-0.01533246,0.0009807944,THUMB
0.007526986,0.1067347,0.002910316,-0.03291691,0.02561522,-0.002228379,-0.03704633,0.01612359,-0.004391193,-0.03471049,0.001582921,-0.003407955,-0.03402933,-0.01252985,0.003163397,THUMB
0.01694193,0.1019983,-0.001523972,-0.0335117,0.02677536,-0.01270491,-0.03757358,0.016128,-0.01427966,-0.03475104,0.001644433,-0.01008427,-0.03478413,-0.011563,-0.001830459,THUMB
0.01960906,0.1003411,-0.001401305,-0.03401643,0.02636927,-0.01553559,-0.03811508,0.0157828,-0.01711759,-0.03556184,0.001717865,-0.01209223,-0.03563606,-0.01102978,-0.003492832,THUMB
0.01899797,0.09644717,-0.0256561,-0.0389589,0.01991576,-0.02526528,-0.03934525,0.008660495,-0.02350131,-0.03689018,-0.004137427,-0.01428622,-0.03651036,-0.01210588,-0.002309084,THUMB
0.0142674,0.09994841,-0.0282084,-0.03182072,0.02765468,-0.01814628,-0.034665,0.01544413,-0.01700008,-0.03100521,0.001508862,-0.01038477,-0.02981319,-0.00563848,0.001361668,THUMB
0.01536101,0.09881556,0.04330754,-0.03191192,0.03353691,-0.006510556,-0.03620408,0.02567607,-0.01406938,-0.03415869,0.01099023,-0.01652113,-0.03367327,-0.00435406,-0.01385221,THUMB
0.009921286,0.1050479,-0.001227915,-0.03543408,0.03334749,-0.0113529,-0.03073133,0.01820433,-0.01730403,-0.02658962,0.0006295443,-0.01376584,-0.03117378,-0.01407397,-0.005886793,THUMB
0.02503005,0.09723854,-0.01747033,-0.04616456,0.03781161,-0.01919731,-0.03342059,0.0170019,-0.02246833,-0.02982844,-0.0001252294,-0.01683265,-0.03366571,-0.01172304,-0.002166033,THUMB
0.02803827,0.09536809,-0.01073956,-0.04905163,0.03507245,-0.01749909,-0.0395039,0.01931095,-0.0191302,-0.03508293,0.003868997,-0.01200581,-0.0347638,-0.007477403,0.001123786,THUMB
-0.004391924,0.1012487,0.02628928,-0.03010514,0.02408105,0.0003480315,-0.03503432,0.01416099,-0.002753258,-0.03218887,-0.0004693866,-0.003778696,-0.0316156,-0.01500785,0.0006548166,THUMB
-0.005096488,0.1055978,0.0185048,-0.03228566,0.02237654,0.00198257,-0.03637945,0.01204687,-0.0006816387,-0.03232583,-0.002366722,-0.001899481,-0.03079819,-0.01717174,0.002674222,THUMB
-0.02069855,0.106872,-0.006308109,-0.03573915,0.02156246,0.001634121,-0.03850285,0.004973352,0.003690243,-0.0298064,-0.008902907,0.004070759,-0.02462744,-0.02221066,0.01116109,THUMB
-0.02304328,0.1052949,-0.01501417,-0.03697352,0.01965386,-0.0004186332,-0.03905095,0.003485084,0.003554225,-0.02936276,-0.0100162,0.004867911,-0.02362134,-0.02250612,0.01289403,THUMB
-0.02414192,0.1011412,-0.03156757,-0.03905675,0.01601619,-0.003482997,-0.03977155,0.001565158,0.004316926,-0.02890036,-0.01109511,0.007091999,-0.02213008,-0.02178335,0.01660502,THUMB
-0.02208916,0.1002771,-0.03601593,-0.03927109,0.01449102,-0.003367752,-0.04001914,0.001799226,0.005027175,-0.02900425,-0.01081514,0.008051276,-0.0221594,-0.02107334,0.01797026,THUMB
-0.01984514,0.09780228,-0.04342109,-0.04098625,0.01453799,-0.002692789,-0.04029007,0.002368152,0.008243561,-0.02994363,-0.01006889,0.01169926,-0.02279209,-0.01804453,0.02138579,THUMB
-0.02005589,0.09690371,-0.03850973,-0.04326373,0.01347381,0.002041519,-0.03996284,0.002609074,0.01227343,-0.02929662,-0.009961009,0.01560235,-0.02162964,-0.01647562,0.02437145,THUMB
-0.012352,0.1009693,-0.03066105,-0.04484759,0.01386386,0.01174092,-0.03912318,0.003384233,0.01646787,-0.0277265,-0.009865701,0.01630795,-0.02011404,-0.01622772,0.02443868,THUMB
-0.01170863,0.0985961,-0.03096598,-0.04404994,0.01398021,0.01191425,-0.03869963,0.0009555817,0.01451766,-0.02743834,-0.01026833,0.01644361,-0.01980283,-0.01650429,0.02714205,THUMB
-0.01127328,0.09733263,-0.03584442,-0.0440484,0.01482713,0.01199317,-0.03835662,0.002060413,0.01360619,-0.02710696,-0.009144366,0.01675701,-0.02094325,-0.01462334,0.02910078,THUMB
0.006623328,0.09758025,0.02995139,-0.04404299,0.02205217,0.04173064,-0.03632864,0.008191645,0.0004970431,-0.02891244,-0.006111681,-0.0006463528,-0.02626557,-0.01973426,0.004888058,THUMB
-0.009378536,0.1083972,-0.01476374,-0.06576342,0.05126697,0.08504671,-0.03597789,0.007070571,-0.01737186,-0.02949364,-0.007347524,-0.01350921,-0.02833543,-0.02033451,-0.004992902,THUMB
-0.005092628,0.1084565,-0.002373189,-0.07678864,0.0424585,0.07805595,-0.03509009,0.0107953,-0.02032903,-0.02978871,-0.003954321,-0.01696941,-0.02931327,-0.0172129,-0.009389937,THUMB
-0.008497985,0.1062225,0.00408709,-0.09009786,0.03325301,0.005206585,-0.03458257,0.01083753,-0.02279341,-0.02976918,-0.003547728,-0.01917413,-0.02956435,-0.01689041,-0.01156697,THUMB
-0.008338908,0.09887806,0.02667439,-0.03737864,0.02418414,-0.02640349,-0.03650442,0.01323643,-0.02475557,-0.03220654,-0.001334041,-0.02190641,-0.03070951,-0.01559511,-0.01565155,THUMB
-0.009021292,0.1028633,0.02420136,-0.03653431,0.02403116,-0.02339077,-0.0412505,0.01502028,-0.02924386,-0.03654497,0.0002312362,-0.02731255,-0.03254803,-0.01405084,-0.02161831,THUMB
-0.004169576,0.1055771,0.02010098,-0.03716731,0.02331114,-0.02524692,-0.04087347,0.01458839,-0.03014463,-0.03670543,-1.269579E-05,-0.02789298,-0.03333405,-0.01379082,-0.02191648,THUMB
-0.002025418,0.1062015,0.01963198,-0.03711238,0.02423844,-0.02584708,-0.04070859,0.01554766,-0.03078511,-0.03704146,0.0008862019,-0.02847022,-0.03383834,-0.01290861,-0.02237701,THUMB
-0.00202631,0.1078184,0.002330512,-0.03586874,0.02358562,-0.0289984,-0.04079524,0.01433083,-0.03323168,-0.03760371,-0.0001985431,-0.02905428,-0.0351132,-0.01332405,-0.02059212,THUMB
-0.006160041,0.1055684,-0.003123254,-0.03399902,0.0258368,-0.03245637,-0.03949063,0.01678029,-0.03698742,-0.03648661,0.001688272,-0.03208223,-0.03524011,-0.01148862,-0.02268732,THUMB
-0.006521031,0.1044366,0.02280143,-0.04017294,0.02856988,-0.02495626,-0.04435223,0.02022409,-0.03025997,-0.03942257,0.004598081,-0.02871624,-0.03560362,-0.009884357,-0.02253851,THUMB
-0.007836379,0.1038328,0.02395752,-0.0407726,0.02788737,-0.02529356,-0.04463807,0.01958728,-0.03033897,-0.0389284,0.003851742,-0.02884626,-0.03491289,-0.01055431,-0.02276236,THUMB
-0.01112105,0.1026461,0.02487537,-0.04305325,0.02744204,-0.02406669,-0.04676146,0.01911914,-0.02898982,-0.04045502,0.003126383,-0.02771929,-0.03580822,-0.01126021,-0.02205729,THUMB
-0.01089066,0.1042798,0.01748899,-0.04166203,0.02507296,-0.02333462,-0.0459678,0.01656029,-0.02815107,-0.04042931,0.001080841,-0.02608168,-0.03581894,-0.01276284,-0.01992261,THUMB
-0.003402781,0.1063493,0.009622991,-0.03781528,0.02476105,-0.02537134,-0.0420261,0.01641831,-0.03010857,-0.03799361,0.001482666,-0.02695969,-0.0343565,-0.01214004,-0.0194748,THUMB
-0.00828157,0.1060828,-0.01572451,-0.03514522,0.01695913,-0.02679163,-0.03530637,0.007347763,-0.02860767,-0.03080564,-0.006780535,-0.02265832,-0.03013462,-0.01870203,-0.01327217,THUMB
-0.01064496,0.1025501,-0.02350008,-0.04175062,0.01634341,-0.02748066,-0.03240036,0.004108846,-0.02690065,-0.02600439,-0.01012352,-0.02033606,-0.02629434,-0.02078605,-0.009951502,THUMB
-0.00941303,0.100109,-0.02152327,-0.04517221,0.02336371,-0.03134826,-0.03089042,0.00718379,-0.02999076,-0.02415881,-0.004938781,-0.02590272,-0.02493359,-0.0133245,-0.01370278,THUMB
-0.009240068,0.1040642,-0.004496247,-0.03626646,0.0252324,-0.0302324,-0.03243542,0.01382241,-0.03370631,-0.02771038,-0.000729531,-0.02840289,-0.02749924,-0.01079321,-0.01734555,THUMB
-0.006653326,0.1033183,0.01881364,-0.03513966,0.02927512,-0.02440536,-0.03678105,0.01921064,-0.03008771,-0.03251228,0.003914773,-0.0272657,-0.03088395,-0.009385765,-0.01963487,THUMB
-0.01509419,0.1001922,0.02946156,-0.03687605,0.02603146,-0.02262661,-0.04280712,0.01738092,-0.02906457,-0.03802614,0.002203643,-0.02737114,-0.03402758,-0.01199454,-0.02210528,THUMB
-0.01894197,0.09878954,0.03099644,-0.03744089,0.02501044,-0.02249372,-0.0428992,0.01653323,-0.02910963,-0.03811423,0.001445174,-0.02770197,-0.03378242,-0.01262903,-0.02278444,THUMB
-0.01807876,0.10155,0.02170801,-0.03776147,0.02111891,-0.02499649,-0.04157975,0.01259208,-0.0305098,-0.03672175,-0.002080441,-0.02818125,-0.03250833,-0.01567405,-0.02196756,THUMB
-0.01003982,0.105124,0.01755056,-0.03699337,0.02025807,-0.02500522,-0.03933659,0.01170707,-0.02976426,-0.03503066,-0.00277257,-0.02717814,-0.03162219,-0.01636961,-0.02112409,THUMB
-0.01139373,0.1016618,-0.02421492,-0.03141049,0.01943448,-0.03347972,-0.03499725,0.01006904,-0.03565291,-0.03220407,-0.004089504,-0.02932772,-0.03230431,-0.01554495,-0.01859871,THUMB
-0.02282984,0.09298334,-0.03618699,-0.03603,0.02190366,-0.03534073,-0.04023531,0.01192656,-0.0370281,-0.03404921,-0.002714038,-0.03023383,-0.03262171,-0.01264286,-0.01740667,THUMB
-0.006136298,0.1054284,-0.002043098,-0.03421334,0.02569148,-0.031104,-0.03674894,0.01466846,-0.03518376,-0.03165008,-1.79112E-05,-0.02994928,-0.03044312,-0.01109639,-0.01901683,THUMB
-0.003375817,0.1051479,0.01093364,-0.03515978,0.0271945,-0.02845663,-0.03778101,0.01674989,-0.03317618,-0.03285461,0.001764446,-0.02908558,-0.03119486,-0.01057076,-0.01965553,THUMB
-0.01041797,0.1019503,0.02333924,-0.03717062,0.02464595,-0.02542469,-0.0409244,0.01536545,-0.03049016,-0.03621754,0.0009044111,-0.02758718,-0.03319127,-0.01257259,-0.02071637,THUMB
-0.01070883,0.1035563,0.01412046,-0.03996372,0.02250522,-0.02527878,-0.04414179,0.01390034,-0.02932847,-0.03973598,-0.0008707941,-0.02605483,-0.03592812,-0.01399264,-0.01882878,THUMB
-0.00691345,0.105227,0.007697791,-0.03959699,0.02227271,-0.02608228,-0.04367416,0.01385292,-0.02972814,-0.03968782,-0.0008970797,-0.02609724,-0.03608344,-0.01378396,-0.01825473,THUMB
-0.002313808,0.1058233,-0.0128819,-0.0367975,0.01743969,-0.02777407,-0.03992676,0.008131981,-0.0299547,-0.03543647,-0.005654216,-0.02418044,-0.03382824,-0.01688629,-0.01431331,THUMB
-0.003607407,0.102063,-0.03069842,-0.03781748,0.01447463,-0.02890754,-0.03534181,0.003474414,-0.02847824,-0.03084162,-0.009586245,-0.02084947,-0.03062159,-0.0188705,-0.009653956,THUMB
-0.008649372,0.09488872,-0.03963977,-0.05416785,0.01865965,-0.03333002,-0.03560886,-0.0003645718,-0.03328013,-0.02572616,-0.01279521,-0.02300709,-0.02530148,-0.01615623,-0.009598136,THUMB
-0.005759306,0.105927,-0.003752381,-0.03344411,0.02244714,-0.02485275,-0.03960266,0.01096749,-0.0270941,-0.03477092,-0.002349317,-0.02193615,-0.03243602,-0.01459163,-0.01271605,THUMB
-0.005346037,0.1060404,-0.003529847,-0.0379504,0.01927251,-0.02139211,-0.04274126,0.009349823,-0.02312204,-0.03790934,-0.004177064,-0.01860046,-0.03484539,-0.01638457,-0.01002356,THUMB
-0.00552319,0.0928942,-0.04637593,-0.04913756,0.01492348,-0.03251243,-0.04391713,0.00266245,-0.03123209,-0.03450901,-0.01114383,-0.02150732,-0.03227282,-0.0165191,-0.008295387,THUMB
-0.005995564,0.0903978,-0.04834154,-0.05136405,0.01727614,-0.03370699,-0.04782215,0.004249513,-0.0334363,-0.037496,-0.0100387,-0.02326623,-0.03390734,-0.01388827,-0.009195179,THUMB
-0.01316658,0.0950892,-0.03391495,-0.04936394,0.02211511,-0.02732983,-0.04404011,0.008258969,-0.03038684,-0.03498937,-0.005162269,-0.0235258,-0.03226018,-0.00941661,-0.009303957,THUMB
-0.001236163,0.105231,-0.00542587,-0.03264917,0.02169368,-0.02606329,-0.03723983,0.01175132,-0.02828929,-0.0328101,-0.001838207,-0.02252311,-0.03203467,-0.01327211,-0.01294988,THUMB
-0.002265319,0.1052609,-0.005025625,-0.03466515,0.01915199,-0.02585298,-0.03881545,0.009500265,-0.02743244,-0.03396995,-0.003950149,-0.02160156,-0.03254298,-0.01540911,-0.01236406,THUMB
0.002527229,0.1048478,-0.01390672,-0.03435151,0.01725549,-0.02679637,-0.03810646,0.007780641,-0.02800715,-0.03361753,-0.005497724,-0.02143133,-0.03276159,-0.01617011,-0.01153606,THUMB
0.005305931,0.1034767,-0.0217351,-0.03302376,0.01766652,-0.02768987,-0.03641644,0.007542938,-0.02855611,-0.03279465,-0.005853474,-0.0213879,-0.03252976,-0.01582813,-0.01048544,THUMB
0.004561655,0.1019866,-0.02820486,-0.03318974,0.01730278,-0.02860123,-0.03427406,0.006440163,-0.02895361,-0.03090276,-0.007012278,-0.02123475,-0.03108967,-0.01583976,-0.009681284,THUMB
-0.001442753,0.09972483,-0.03475645,-0.03789175,0.01917157,-0.02961367,-0.03543538,0.006023139,-0.03032276,-0.03077495,-0.007344872,-0.02188656,-0.03020053,-0.01455936,-0.009583861,THUMB
-0.003400564,0.0992901,-0.03511649,-0.03915028,0.01990891,-0.03040513,-0.03565333,0.006316572,-0.03128436,-0.0305859,-0.007075489,-0.02271223,-0.02986752,-0.01399091,-0.01017395,THUMB
-0.0042997,0.1036996,-0.01424003,-0.03444008,0.02314451,-0.0290913,-0.03474765,0.01047558,-0.03112596,-0.03033098,-0.002902657,-0.02426863,-0.03005553,-0.01156688,-0.01259649,THUMB
-0.005070511,0.10305,0.008817673,-0.03438431,0.02532992,-0.02394837,-0.03831318,0.01432231,-0.02722102,-0.03321083,-0.0002046227,-0.0226661,-0.0318794,-0.01251039,-0.01387709,THUMB
-0.01172376,0.09787309,0.02760521,-0.03642112,0.02302599,-0.01901886,-0.0405666,0.01253581,-0.02356303,-0.03530413,-0.001162112,-0.0213429,-0.0321589,-0.0148294,-0.01475877,THUMB
-0.01265057,0.09760252,0.02848142,-0.03759842,0.02136245,-0.01910082,-0.04078036,0.01102668,-0.02340853,-0.03574392,-0.002729267,-0.02127942,-0.0317888,-0.01653486,-0.01488939,THUMB
-0.004331391,0.104756,0.01149735,-0.03695928,0.01906103,-0.02082211,-0.03962982,0.01012981,-0.0245097,-0.03535719,-0.003893107,-0.02117902,-0.03278241,-0.0171296,-0.01409608,THUMB
-0.009896368,0.1017585,-0.03183162,-0.03291517,0.01358205,-0.02813196,-0.03457187,0.002988428,-0.02853221,-0.03056953,-0.009482056,-0.02090874,-0.03024423,-0.01961505,-0.009827971,THUMB
-0.006146254,0.1029003,0.01564187,-0.03516708,0.02520934,-0.02400044,-0.03819003,0.01412278,-0.02774903,-0.0331704,-0.0004534423,-0.02365354,-0.03115379,-0.01341283,-0.01573476,THUMB
0.0003953129,0.1025599,0.02426159,-0.03358373,0.02326629,-0.00135988,-0.03595065,0.01387832,-0.003994733,-0.03196779,-0.001874745,-0.003463387,-0.03008102,-0.01606065,0.001846164,THUMB