-0.04943028,0.03767228,0.01679692,-0.03978641,-0.006196916,0.005848974,-0.03219342,-0.01211533,0.01597294,-0.01989718,-0.01294875,0.02266732,-0.01147146,-0.006425649,0.03028187,CLOSE
-0.05039854,0.03734526,0.01813865,-0.04087226,-0.005650163,0.004914314,-0.03271132,-0.01177108,0.01554728,-0.02037787,-0.01275441,0.02239078,-0.01216719,-0.006224394,0.03001532,CLOSE
-0.05207218,0.03574041,0.02001071,-0.04261503,-0.004466563,0.004339933,-0.03404238,-0.01115885,0.01419297,-0.02136713,-0.01232654,0.02150634,-0.01332264,-0.005844176,0.02934772,CLOSE
-0.05322678,0.02560103,0.03209645,-0.04765654,-0.001414806,0.005549848,-0.03656577,-0.01094276,0.01019913,-0.0232404,-0.01207933,0.01846385,-0.01611522,-0.00538376,0.02678317,CLOSE
-0.05309012,0.02463049,0.03169411,-0.04907957,-7.483363E-05,0.005800366,-0.03800357,-0.009875864,0.01026952,-0.02431538,-0.01099029,0.01887152,-0.01675742,-0.004560918,0.02783027,CLOSE
-0.05321902,0.02395871,0.03154698,-0.04730573,-0.002434731,0.005419493,-0.03717516,-0.01105639,0.01090291,-0.02403001,-0.01200977,0.01915929,-0.0167885,-0.005375415,0.02753747,CLOSE
-0.05346752,0.02340117,0.03095987,-0.04700641,-0.003154039,0.004835576,-0.03729227,-0.01139998,0.01063749,-0.02438745,-0.01231277,0.01887512,-0.01730936,-0.005600929,0.02716756,CLOSE
-0.05911729,0.02873138,0.0219011,-0.04667993,-0.001399666,0.003978431,-0.03840399,-0.009114325,0.01001039,-0.02499368,-0.01031527,0.01823983,-0.01685867,-0.00473541,0.02789858,CLOSE
-0.06424209,0.02887818,0.01866293,-0.0489447,0.001347721,0.001624435,-0.03903376,-0.008657038,0.006485671,-0.0258978,-0.01019472,0.01541683,-0.0184696,-0.005128145,0.02603662,CLOSE
-0.06339259,0.02598459,0.023182,-0.05143971,0.002242535,0.004420459,-0.03881381,-0.009621173,0.00770548,-0.02535544,-0.01127392,0.01624063,-0.0179278,-0.005901545,0.02612782,CLOSE
-0.06361216,0.02870545,0.01824465,-0.04823091,0.0004885495,0.001164556,-0.03939914,-0.00825423,0.006747723,-0.02622196,-0.00996238,0.01587394,-0.01879452,-0.005025715,0.02650642,CLOSE
-0.06312548,0.02579251,0.02218297,-0.04979832,0.001184732,0.001982838,-0.0391841,-0.00899148,0.006447554,-0.026139,-0.01051238,0.01549682,-0.01907338,-0.005271912,0.02591833,CLOSE
-0.06250647,0.02502528,0.02355275,-0.05062642,0.001744539,0.002652854,-0.03917479,-0.009117812,0.006759405,-0.0260868,-0.01062489,0.01571161,-0.01905223,-0.005239904,0.02590969,CLOSE
-0.06292588,0.0285742,0.01878327,-0.0478442,-0.0002657473,0.003810942,-0.03922882,-0.008368671,0.009521037,-0.02560752,-0.009981781,0.01788491,-0.0173539,-0.004953027,0.02799439,CLOSE
-0.06373373,0.02944332,0.01739568,-0.04781336,0.0004046559,0.002463639,-0.03884851,-0.008378655,0.007920355,-0.02555699,-0.01000309,0.01664782,-0.01771982,-0.005142182,0.02712956,CLOSE
-0.0637003,0.02768955,0.0195041,-0.04811581,-0.0002290606,0.002574205,-0.03862982,-0.009219617,0.007527351,-0.02548194,-0.01057065,0.01621526,-0.01786915,-0.005439669,0.02662367,CLOSE
-0.06273246,0.02543181,0.02345726,-0.05050051,0.001060724,0.004421651,-0.03882105,-0.009933859,0.008261263,-0.02557496,-0.01133326,0.01667017,-0.01813364,-0.005668104,0.02635351,CLOSE
-0.0621805,0.02611366,0.02343929,-0.05011898,0.0007634759,0.005058885,-0.03913067,-0.009465575,0.008814424,-0.02570254,-0.01084521,0.01713589,-0.0178715,-0.005287439,0.02694529,CLOSE
-0.06229094,0.02766886,0.02187607,-0.04974874,0.001013249,0.005511701,-0.03909145,-0.008893818,0.009459943,-0.02544485,-0.01029629,0.01769736,-0.01733411,-0.004888982,0.02753747,CLOSE
-0.06282475,0.03023279,0.01838833,-0.04842266,0.001025677,0.005263776,-0.03881322,-0.008045942,0.01010615,-0.02499967,-0.009622663,0.01833463,-0.01662612,-0.004596621,0.02830535,CLOSE
-0.06314003,0.03080547,0.01688957,-0.04827819,0.001124561,0.004766345,-0.03885971,-0.007806122,0.01000801,-0.02503961,-0.009441912,0.01838356,-0.01673762,-0.004486024,0.02841407,CLOSE
-0.06377921,0.0318757,0.01459622,-0.04789537,0.001340002,0.004341722,-0.03848004,-0.007512242,0.009864032,-0.02457905,-0.009113938,0.01826209,-0.01640635,-0.004371643,0.02856678,CLOSE
-0.06336164,0.02699164,0.02037889,-0.04809938,-0.0006770492,0.003858835,-0.03903551,-0.009123653,0.008982688,-0.02552214,-0.01045015,0.01749834,-0.01756169,-0.00527972,0.02767032,CLOSE
-0.0623123,0.02456486,0.02306414,-0.04830437,-0.001799762,0.003928334,-0.03936417,-0.01004758,0.008997619,-0.02612072,-0.01130185,0.01733553,-0.01825162,-0.005829781,0.02732897,CLOSE
-0.06371934,0.02915233,0.01822564,-0.04838064,0.0003683567,0.004569978,-0.03950586,-0.008189291,0.01006982,-0.02572505,-0.01001546,0.01823506,-0.01735567,-0.005094379,0.02828106,CLOSE
-0.06419545,0.03029215,0.01748043,-0.04776087,0.001331478,0.004688859,-0.03882771,-0.007203072,0.01034117,-0.02483793,-0.009129971,0.01876545,-0.01636225,-0.004369408,0.02879614,CLOSE
-0.06427834,0.02966091,0.01813388,-0.04786221,0.001195967,0.004194617,-0.03893732,-0.007435262,0.009792775,-0.02510046,-0.00931266,0.01839557,-0.01680158,-0.004477561,0.02847207,CLOSE
-0.0637678,0.02570793,0.02213186,-0.04819652,-0.0004844368,0.003715515,-0.03930433,-0.00894767,0.009183437,-0.02578761,-0.01058507,0.01791307,-0.01790427,-0.005447894,0.0279223,CLOSE
-0.06319181,0.02370712,0.02382517,-0.04847726,-0.0016222,0.003958464,-0.03965466,-0.009824306,0.009285778,-0.02620323,-0.01122403,0.01781297,-0.01832713,-0.005809993,0.02769366,CLOSE
-0.06290197,0.02367562,0.02274469,-0.04912103,-0.001334727,0.003518373,-0.03982841,-0.01017687,0.008484364,-0.02676242,-0.01155463,0.01705822,-0.01912997,-0.006100476,0.0269925,CLOSE
-0.06277829,0.02367696,0.02262571,-0.04908943,-0.001428127,0.003481984,-0.03971589,-0.010315,0.008422911,-0.02672097,-0.01162279,0.01697469,-0.01916931,-0.006104082,0.02689552,CLOSE
-0.06393518,0.02858642,0.0189665,-0.04775279,0.0004038513,0.004079074,-0.0391174,-0.007977307,0.009347558,-0.02540988,-0.00983867,0.01787385,-0.01714635,-0.005063534,0.02807528,CLOSE
-0.0635791,0.02928928,0.01882184,-0.0474264,0.0004334152,0.004641712,-0.03899452,-0.007769972,0.01020032,-0.02517048,-0.009510756,0.01859078,-0.01663745,-0.00455901,0.02850863,CLOSE
-0.06446452,0.02569792,0.02080002,-0.04889299,0.0001059175,0.002622098,-0.03995376,-0.008829772,0.007929504,-0.02683741,-0.01037455,0.0169715,-0.01926525,-0.004983217,0.02703226,CLOSE
-0.06452542,0.02459842,0.02203494,-0.04997481,0.0005812943,0.003002346,-0.04001709,-0.009303629,0.007790983,-0.02689048,-0.01089031,0.01673803,-0.01950018,-0.00545457,0.02673814,CLOSE
-0.06436744,0.02493292,0.02249008,-0.05085621,0.00137803,0.004830241,-0.0398974,-0.009408593,0.008902401,-0.02654263,-0.01108864,0.01739541,-0.0188662,-0.005679518,0.02717155,CLOSE
-0.06448229,0.02621016,0.02121466,-0.05083228,0.002127141,0.004620343,-0.03998737,-0.008700877,0.008817971,-0.02656327,-0.01052877,0.01741192,-0.01880696,-0.005289227,0.02729696,CLOSE
-0.06416981,0.0280495,0.0207969,-0.0495836,0.002510369,0.004573256,-0.0395903,-0.007581055,0.009117514,-0.02583285,-0.00946036,0.01763299,-0.01762014,-0.004561365,0.02774492,CLOSE
-0.06464738,0.02714857,0.02113503,-0.05014637,0.00314337,0.003142715,-0.03951702,-0.007976413,0.007697135,-0.02614956,-0.009799302,0.01644415,-0.01857965,-0.004679382,0.026481,CLOSE
-0.05889181,0.02593976,0.02414948,-0.04426809,-0.003349751,0.00425002,-0.03781328,-0.01017937,0.01239023,-0.02517028,-0.01179922,0.0198147,-0.01723421,-0.006155461,0.0286032,CLOSE
-0.06091994,0.03986397,0.01274195,-0.04538698,0.005483478,0.006930441,-0.03646952,-0.003820598,0.01500097,-0.0223991,-0.007060379,0.02185121,-0.01255341,-0.003451794,0.03180447,CLOSE
-0.06636824,0.04416305,0.002196133,-0.0469904,0.008701473,0.007116675,-0.03628477,-0.002722144,0.01437151,-0.02163045,-0.006664068,0.02114245,-0.01121157,-0.004209846,0.03203705,CLOSE
-0.06764709,0.04633629,-0.001724184,-0.04770546,0.01036221,0.007665873,-0.03624151,-0.002104938,0.01408732,-0.02146915,-0.00646919,0.02082935,-0.01082877,-0.00444454,0.03186482,CLOSE
-0.06780256,0.04756027,-0.003798723,-0.04856855,0.01179081,0.007545233,-0.03707935,-0.001540214,0.01293451,-0.02229393,-0.006179661,0.02051899,-0.0114607,-0.004278094,0.03173679,CLOSE
-0.06810595,0.04698446,-0.003025264,-0.04821916,0.01060966,0.007398158,-0.03730966,-0.001672119,0.01280609,-0.02241667,-0.006228417,0.0207341,-0.01142694,-0.004269093,0.03190175,CLOSE
-0.06665279,0.04099122,0.001636147,-0.04485932,0.004769355,0.002499104,-0.03714697,-0.003453493,0.01122826,-0.02311555,-0.00692755,0.02014354,-0.01351376,-0.004458189,0.03205547,CLOSE
-0.0556342,0.03721207,0.01443216,-0.04158399,0.00133568,0.00466004,-0.03507607,-0.002785623,0.01591077,-0.02161485,-0.004340529,0.0236184,-0.01153077,0.0005173683,0.03241166,CLOSE
-0.05513352,0.03666487,0.01783144,-0.04210122,0.0006482303,0.006962836,-0.03431673,-0.00308159,0.01783895,-0.02064921,-0.004068255,0.02489185,-0.01031564,0.001414657,0.03287008,CLOSE
-0.05376987,0.0395976,0.01839089,-0.04158077,0.002519339,0.007682383,-0.03386952,-0.001210213,0.01831385,-0.01980115,-0.002042711,0.02542919,-0.009256002,0.003553599,0.03274971,CLOSE
-0.05629218,0.04583725,0.01500231,-0.039994,0.005604386,0.01288238,-0.0321943,0.003153116,0.02260855,-0.01723444,0.002421558,0.02752656,-0.004537426,0.00865373,0.03390706,CLOSE
-0.04907975,0.04756787,0.02419761,-0.0401821,0.006456465,0.01671073,-0.03413123,0.004254162,0.02535945,-0.01869258,0.002979189,0.03015062,-0.00576748,0.008983612,0.03390747,CLOSE
-0.04838085,0.05570424,0.005875558,-0.03813734,0.006560862,0.00559935,-0.03076406,0.006441802,0.01990572,-0.01700038,0.004454494,0.02559003,-0.004616588,0.009676069,0.032626,CLOSE
-0.06777652,0.0533067,-0.007269204,-0.04132554,-0.005364031,0.007464588,-0.03368448,-0.01109472,0.01586142,-0.01969356,-0.0121935,0.02036196,-0.01025826,-0.00419271,0.02627456,CLOSE
-0.0476445,0.03999275,0.02361751,-0.03904633,0.0001968443,0.0154053,-0.03624263,-0.006430149,0.02258992,-0.02313256,-0.01072147,0.02662069,-0.01134749,-0.0071823,0.03542247,CLOSE
-0.04627044,0.04271343,0.02149221,-0.03694656,0.002240658,0.01486617,-0.03460346,-0.003538221,0.02274346,-0.02133501,-0.007092506,0.02716163,-0.009367786,-0.00281623,0.0353967,CLOSE
-0.05195646,0.05348593,-0.001558691,-0.03688973,0.005834788,-0.00104776,-0.03400327,0.001936555,0.01280475,-0.02204499,-0.001465499,0.02079567,-0.01249422,0.002492696,0.03158486,CLOSE
-0.0453693,0.02658257,0.04800317,-0.04719916,-0.00881657,0.01007533,-0.03891663,-0.01521766,0.01653719,-0.02454747,-0.01706851,0.02063417,-0.01537783,-0.008819669,0.02662805,CLOSE
-0.04249832,0.02515054,0.04639229,-0.04722907,-0.006627828,0.01144484,-0.04076784,-0.01371205,0.01621613,-0.02671742,-0.01726055,0.01958272,-0.01622124,-0.01132059,0.02699518,CLOSE
-0.04473978,0.03323764,0.03976238,-0.04496226,-0.00444591,0.01212624,-0.04014462,-0.01169318,0.01669189,-0.026132,-0.01620129,0.02029279,-0.01458519,-0.01296124,0.02992806,CLOSE
-0.04857796,0.04160082,0.02889737,-0.04240412,-0.001909584,0.01225644,-0.03910226,-0.009266794,0.01773152,-0.02450114,-0.01520213,0.02351633,-0.0134415,-0.01246977,0.03334314,CLOSE
-0.04878633,0.04823762,0.0155507,-0.03801402,0.003790826,0.009722769,-0.03703037,-0.00208351,0.0187197,-0.0244549,-0.006389529,0.02442932,-0.01326407,-0.00281778,0.03394052,CLOSE
-0.05009696,0.05096027,0.006653726,-0.03791676,0.005338997,0.004034847,-0.03733058,0.0003594458,0.01507261,-0.02543931,-0.003742605,0.02227825,-0.01530911,9.831786E-05,0.03263122,CLOSE
-0.04377818,0.01507929,0.05617025,-0.04520746,-0.01213714,0.01237598,-0.03623252,-0.0174897,0.0186992,-0.02170397,-0.01841563,0.02205423,-0.0129199,-0.01012623,0.02758184,CLOSE
-0.03901469,-0.006589234,0.05531067,-0.03923419,-0.01324517,0.008489966,-0.0385107,-0.02092069,0.01474863,-0.03658266,-0.02225912,0.03944182,-0.01578954,-0.0105648,0.07158923,CLOSE
-0.03973385,-0.00526607,0.05513328,-0.0392879,-0.01276463,0.008432329,-0.03837257,-0.02060044,0.0147348,-0.0367333,-0.02268618,0.03884178,-0.01493807,-0.01055163,0.07293397,CLOSE
-0.04097254,-0.003728211,0.05437624,-0.03897449,-0.01206708,0.006766617,-0.03666408,-0.02054614,0.01262838,-0.02926531,-0.02426481,0.02410203,-0.02003271,-0.01435274,0.06480873,CLOSE
-0.04098134,0.005744457,0.05547258,-0.04264837,-0.01147231,0.01251513,-0.04025285,-0.0187014,0.01724359,-0.02649413,-0.02196604,0.02074367,-0.01503544,-0.01799852,0.03089812,CLOSE
-0.04581162,0.0198029,0.04902488,-0.04269819,-0.008056462,0.01510435,-0.04083026,-0.01494333,0.01953092,-0.02510735,-0.02010614,0.022742,-0.01238016,-0.01833707,0.03139848,CLOSE
-0.04736735,0.02731776,0.04438987,-0.04262847,-0.006070048,0.01626617,-0.04021017,-0.01302719,0.02096641,-0.02427896,-0.01827434,0.0237093,-0.01123973,-0.01652551,0.03188217,CLOSE
-0.04665956,0.03842315,0.03676507,-0.04124285,-0.003289163,0.0180532,-0.03653779,-0.01022446,0.02437809,-0.0211082,-0.01450369,0.02608663,-0.008124158,-0.01091006,0.03357866,CLOSE
-0.04223727,0.04301518,0.03329393,-0.03849991,-0.002708018,0.01809072,-0.03215239,-0.009609371,0.02570349,-0.01679315,-0.01325664,0.0267182,-0.003967524,-0.008932799,0.03389591,CLOSE
-0.04022899,0.04610109,0.02876601,-0.03840886,-0.001740545,0.01506528,-0.03126951,-0.008853436,0.02358392,-0.01571269,-0.01248062,0.02600759,-0.003942147,-0.007875592,0.03299406,CLOSE
-0.03989972,0.04643887,0.02769947,-0.03919453,-0.001024127,0.01288536,-0.03220762,-0.008419633,0.02145457,-0.01630452,-0.01248515,0.02519715,-0.005506545,-0.007560015,0.03155348,CLOSE
-0.04219363,0.04275331,0.02840728,-0.04038816,-0.002351493,0.01130211,-0.03400095,-0.009290278,0.01930097,-0.01964342,-0.01213735,0.0231337,-0.009040929,-0.005812466,0.03098059,CLOSE
-0.03756259,-0.004123449,0.05829188,-0.04650272,-0.0129886,0.01068568,-0.03989499,-0.02057636,0.01641354,-0.02545609,-0.02267814,0.01957071,-0.01559366,-0.01634431,0.02752826,CLOSE
-0.04106139,0.009650797,0.05759203,-0.04446441,-0.01288646,0.01700455,-0.03990861,-0.01907676,0.02212316,-0.02550565,-0.02075934,0.02487582,-0.01220175,-0.01575613,0.03210282,CLOSE
-0.04612921,0.01994529,0.05184379,-0.04393663,-0.0103153,0.01787499,-0.04079078,-0.01606104,0.02235076,-0.02523933,-0.0193862,0.02570868,-0.01213928,-0.01520035,0.03314537,CLOSE
-0.04845883,0.02777031,0.04523548,-0.04293469,-0.008260012,0.01791081,-0.04014928,-0.01427156,0.02284762,-0.02443011,-0.01826769,0.02652797,-0.01179768,-0.01458398,0.03419891,CLOSE
-0.04664996,0.009748816,0.05097955,-0.04592205,-0.009889156,0.006751865,-0.03897283,-0.01774615,0.01276618,-0.02470051,-0.02067608,0.01649845,-0.01524588,-0.01478025,0.02465129,CLOSE
-0.04722293,0.03480238,0.038214,-0.03907228,-0.006257415,0.02310967,-0.03623127,-0.01227817,0.02797392,-0.0214144,-0.01491046,0.0298931,-0.008364663,-0.009854436,0.03696913,CLOSE
-0.03803364,0.03544322,0.03443801,-0.03809926,-0.004077733,0.0196535,-0.03216764,-0.009638935,0.02682549,-0.01762249,-0.01175889,0.02904814,-0.005194984,-0.005478054,0.03591022,CLOSE
-0.03698011,0.02926984,0.03928676,-0.04287381,-0.007538468,0.01519251,-0.03532408,-0.01275301,0.02205923,-0.02101576,-0.01328743,0.02498972,-0.0106506,-0.004182458,0.0299269,CLOSE
-0.04392853,0.006459475,0.05517104,-0.0460544,-0.01277965,0.01294431,-0.03878635,-0.02068892,0.01810101,-0.02427164,-0.02306914,0.02074566,-0.01378623,-0.01675361,0.02844784,CLOSE
-0.0324195,-0.01469451,0.06000984,-0.04286399,-0.01714125,0.01152945,-0.03551935,-0.02551603,0.01600239,-0.02237802,-0.02701098,0.02047598,-0.01033711,-0.02062786,0.03112423,CLOSE
-0.02670199,-0.01953125,0.05999219,-0.04114546,-0.01713583,0.01041824,-0.03390866,-0.02576214,0.01503199,-0.02160542,-0.02725601,0.0206784,-0.009489492,-0.02107006,0.0356465,CLOSE
-0.02478832,-0.01937222,0.06012207,-0.04022264,-0.01638725,0.009779543,-0.03311744,-0.0251621,0.01462695,-0.02069132,-0.02647388,0.01996237,-0.009351224,-0.01991397,0.03866649,CLOSE
-0.03240883,-0.002444327,0.05841666,-0.03963051,-0.00914824,0.007559955,-0.03355412,-0.01909029,0.0124543,-0.01963002,-0.02189887,0.01464319,-0.01176286,-0.01900536,0.03109697,CLOSE
-0.03560965,0.002704054,0.05716658,-0.04063243,-0.00984171,0.00968051,-0.03366559,-0.01922363,0.01412377,-0.01889838,-0.02146178,0.01587915,-0.0104773,-0.01873451,0.02895498,CLOSE
-0.03542282,0.001910597,0.05719858,-0.04085168,-0.01024809,0.009873748,-0.03380384,-0.01953363,0.01429969,-0.01902013,-0.02162525,0.01616102,-0.01045382,-0.01856038,0.02913654,CLOSE
-0.03488603,0.0009949207,0.05730081,-0.04084592,-0.01061681,0.009891212,-0.03375036,-0.01988351,0.01428428,-0.01901965,-0.02187625,0.01621178,-0.01046751,-0.01849109,0.02930924,CLOSE
-0.03423344,-1.579523E-05,0.05737704,-0.04078466,-0.01084429,0.009688377,-0.03368108,-0.0201202,0.01406792,-0.01903965,-0.02208257,0.0160763,-0.01056819,-0.01845676,0.02941564,CLOSE
-0.03089448,-0.005069971,0.05759156,-0.04002512,-0.01091886,0.008007824,-0.03327926,-0.02051675,0.01261148,-0.01912154,-0.02271444,0.01480317,-0.01121807,-0.01882693,0.02936608,CLOSE
-0.04325148,0.02159512,0.04668188,-0.04142113,-0.01043692,0.0165779,-0.03720653,-0.01724055,0.02207404,-0.02116988,-0.02018249,0.02453795,-0.008325629,-0.01625901,0.03229624,CLOSE
-0.04673269,0.03573516,0.03581572,-0.04219425,-0.005847991,0.01982445,-0.03696541,-0.01213443,0.02594444,-0.02144571,-0.01539576,0.0286167,-0.008592032,-0.009934038,0.03352645,CLOSE
-0.04725714,0.03154972,0.03721485,-0.04443102,-0.005978972,0.01297486,-0.03958558,-0.01252192,0.01900133,-0.02478375,-0.01538241,0.0223532,-0.01226043,-0.009828717,0.02927005,CLOSE
-0.04718129,0.02662015,0.04073671,-0.04517696,-0.006957203,0.01126164,-0.03962035,-0.01414174,0.01754791,-0.02457765,-0.0170545,0.02063054,-0.01268029,-0.01145488,0.02769506,CLOSE
-0.03090876,-0.008427382,0.05775747,-0.04159218,-0.01419553,0.009189129,-0.03414105,-0.02276754,0.01399112,-0.01949595,-0.02403861,0.01614672,-0.01039129,-0.01813814,0.02645284,CLOSE
-0.04234527,0.03578284,0.03413272,-0.03664115,-0.007839441,0.01913092,-0.03302442,-0.01477259,0.02530336,-0.01869696,-0.01752025,0.02741507,-0.006680392,-0.01157504,0.03356645,CLOSE
-0.05143942,0.03025058,0.0300732,-0.04112023,-0.007136703,0.007796198,-0.0360373,-0.01326329,0.01595286,-0.02258675,-0.01489365,0.02054712,-0.01189365,-0.008755982,0.02912298,CLOSE
-0.04667142,0.0157645,0.04327536,-0.04313228,-0.01017085,0.006778061,-0.03627479,-0.01788434,0.01389444,-0.0218468,-0.01962414,0.01791757,-0.01184608,-0.01312512,0.02634546,CLOSE
-0.04284659,0.004746467,0.05057555,-0.04343937,-0.01241875,0.008341223,-0.03629701,-0.02043229,0.01448661,-0.02161997,-0.02195916,0.01778424,-0.01152178,-0.0156092,0.02601522,CLOSE
-0.0343838,0.02915642,0.03790614,-0.03610503,-0.007659048,0.01676223,-0.03282778,-0.01464957,0.02240428,-0.0181194,-0.01786152,0.02591714,-0.007500187,-0.01233158,0.03320888,CLOSE
-0.03653755,0.02933669,0.03795004,-0.03593591,-0.004834175,0.01621464,-0.03344109,-0.01192605,0.02233979,-0.02017526,-0.01526174,0.0254603,-0.008407436,-0.01104033,0.0344131,CLOSE
-0.03943954,0.0298377,0.03740585,-0.03601499,-0.004731625,0.01538816,-0.03334167,-0.01155448,0.02176392,-0.02005999,-0.01458704,0.02525795,-0.008424342,-0.01018256,0.03448811,CLOSE
-0.04287757,0.02608985,0.04400942,-0.04092094,-0.006662399,0.01055443,-0.03329412,-0.01140365,0.02067387,-0.02024063,-0.0120112,0.02532491,-0.01093386,-0.003933251,0.03131688,CLOSE
-0.02929427,-0.01333889,0.06010941,-0.0418175,-0.02038452,0.01066521,-0.032162,-0.02607775,0.01562446,-0.01838732,-0.02486759,0.01972908,-0.01067333,-0.01603961,0.02816048,CLOSE
-0.0224661,-0.02545121,0.06313646,-0.04079813,-0.02594581,0.01502872,-0.03129907,-0.0313338,0.01869911,-0.01709528,-0.02990291,0.02110085,-0.008300185,-0.02127874,0.02864462,CLOSE
-0.0227933,-0.02491969,0.06504974,-0.04039315,-0.02804834,0.01891649,-0.03168193,-0.03344682,0.02289492,-0.01721673,-0.0317643,0.02406594,-0.007682852,-0.02245525,0.0301879,CLOSE
-0.02495202,-0.02161682,0.06598547,-0.03980735,-0.02826095,0.02133971,-0.03192957,-0.03375104,0.02569905,-0.01739088,-0.03202674,0.02629206,-0.007356875,-0.02262729,0.03179866,CLOSE
-0.03148431,-0.01677132,0.06556666,-0.03814106,-0.02830711,0.02325395,-0.03264081,-0.03383246,0.02731964,-0.01783933,-0.03207269,0.02723226,-0.006452218,-0.02373895,0.03271937,CLOSE
-0.04406609,-0.00350818,0.05835605,-0.0395655,-0.02456361,0.02608401,-0.03432012,-0.03017455,0.02956185,-0.01841364,-0.02951396,0.02930698,-0.005019106,-0.02296627,0.03396419,CLOSE
-0.04128945,-0.00661236,0.05928582,-0.03914299,-0.02542892,0.02514079,-0.03393727,-0.03092489,0.02868223,-0.01820281,-0.02980584,0.02865857,-0.005040631,-0.02280548,0.03367281,CLOSE
-0.03899537,-0.008437842,0.05975038,-0.03903691,-0.02596518,0.0238618,-0.03339929,-0.03144798,0.02755597,-0.01815228,-0.02990222,0.0275228,-0.00527966,-0.02264753,0.03289571,CLOSE
-0.03860217,-0.009159654,0.05968949,-0.03919046,-0.02582785,0.02232069,-0.03359247,-0.03145236,0.02612293,-0.01852161,-0.02995864,0.02635908,-0.005917847,-0.02284259,0.03224018,CLOSE
-0.03986786,-0.009965956,0.05960438,-0.03873797,-0.02626285,0.02243543,-0.03329503,-0.03174272,0.0260579,-0.01801927,-0.03018296,0.02637592,-0.005604841,-0.02300686,0.03232422,CLOSE
-0.04391091,-0.009390235,0.05788478,-0.04025984,-0.02538884,0.02265185,-0.03482131,-0.03110406,0.02677482,-0.01925214,-0.02990577,0.02701104,-0.006918199,-0.02261043,0.03252399,CLOSE
-0.04412471,-0.00846529,0.05652395,-0.0408573,-0.02456823,0.02168283,-0.0357669,-0.03068903,0.02582741,-0.0200168,-0.02996457,0.0262627,-0.007720701,-0.02285412,0.03171623,CLOSE
-0.0460902,0.02157861,0.03402913,-0.04043773,-0.01018411,0.01753831,-0.03501159,-0.01656836,0.02324644,-0.01995824,-0.01788977,0.02670479,-0.008275524,-0.01172718,0.0333246,CLOSE
-0.04906268,0.03115988,0.0251801,-0.04098727,-0.00450322,0.01580146,-0.03491693,-0.01063308,0.02244556,-0.02025293,-0.01219422,0.02684256,-0.009029038,-0.005895764,0.03350195,CLOSE
-0.0483407,0.003241569,0.05302507,-0.04294255,-0.01630536,0.01957229,-0.03557463,-0.02214748,0.02318472,-0.02040853,-0.02149689,0.02559978,-0.009390999,-0.01325262,0.03112033,CLOSE
-0.04222582,-0.007756978,0.05855116,-0.0433653,-0.02379349,0.02245024,-0.03705698,-0.02978206,0.02618289,-0.02156018,-0.02892661,0.02679923,-0.00947237,-0.02025992,0.03135991,CLOSE
-0.04222043,0.006781697,0.04908547,-0.04312362,-0.01910937,0.02245286,-0.0377425,-0.02518582,0.02640089,-0.02210647,-0.02527201,0.02767679,-0.009283978,-0.01779595,0.03258941,CLOSE
-0.05881692,0.03216681,0.02893871,-0.04346953,-0.002810121,0.01776332,-0.03614657,-0.008674443,0.02333122,-0.021134,-0.009875029,0.02710909,-0.009360254,-0.00348714,0.03312919,CLOSE
-0.03932954,-0.005312145,0.05562297,-0.04358282,-0.02260524,0.02085942,-0.03829598,-0.02887964,0.02531689,-0.023103,-0.02852711,0.02648795,-0.01047886,-0.02068985,0.0316782,CLOSE
-0.03948265,0.001842588,0.05166227,-0.0432951,-0.02042034,0.02139428,-0.03847719,-0.02676043,0.02590388,-0.02309075,-0.02684927,0.02720535,-0.01010356,-0.01951844,0.03239521,CLOSE
-0.05030532,0.03769606,0.02295303,-0.04252099,-0.0005493164,0.017719,-0.03602818,-0.006259859,0.02490881,-0.02120507,-0.008052021,0.02938813,-0.009717062,-0.002032638,0.03514424,CLOSE
-0.0618494,0.04409194,0.0191732,-0.04504651,0.009793282,0.01632386,-0.03427805,-0.0005377531,0.01984167,-0.01818538,-0.002809376,0.02502483,-0.006137297,0.002181292,0.03175497,CLOSE
-0.06502116,0.02790019,0.03674564,-0.04519562,-0.001898617,0.01901153,-0.0341688,-0.01033789,0.02074304,-0.01843283,-0.01089796,0.02382225,-0.007124789,-0.004000515,0.0292041,CLOSE
-0.03770191,-0.01465043,0.06273463,-0.04323011,-0.0227353,0.02217445,-0.03535879,-0.02854958,0.02478078,-0.0200298,-0.02732703,0.02619857,-0.009329505,-0.0187099,0.03077787,CLOSE
-0.03213167,-0.01948768,0.06572524,-0.04222561,-0.02683252,0.0244095,-0.03595293,-0.03215116,0.0281294,-0.02096809,-0.0311707,0.02875113,-0.009596542,-0.02217844,0.03233808,CLOSE
-0.04381181,-0.007330507,0.06093642,-0.04078397,-0.02473143,0.02318975,-0.03709644,-0.0300369,0.02693087,-0.02150359,-0.02972546,0.02727702,-0.008801386,-0.02369973,0.03361556,CLOSE
-0.04363034,-0.00694856,0.06071404,-0.04168398,-0.02245545,0.02359512,-0.03775888,-0.02818504,0.02685922,-0.02204248,-0.02838114,0.02765441,-0.009171464,-0.02232322,0.03369656,CLOSE
-0.03443653,0.04010949,0.02297157,-0.02623842,0.02421433,-0.01556909,-0.03296407,0.01466602,-0.01305988,-0.02974163,0.001123279,-0.005398452,-0.03059639,-0.003158778,0.007340699,CLOSE
0.000815101,0.0733988,-0.004220247,-0.01046944,0.04181921,-0.03127262,-0.01818674,0.03485715,-0.03310001,-0.02285517,0.01543444,-0.02349705,-0.03128299,0.01028264,-0.01232743,CLOSE
0.003758065,0.07425839,-0.007919729,-0.006857686,0.04220101,-0.03421211,-0.01493873,0.03649312,-0.03610575,-0.02103792,0.01691484,-0.02600041,-0.03041921,0.01190701,-0.01515847,CLOSE
-0.003727354,0.07430238,-0.009792209,-0.007788435,0.04394579,-0.0352475,-0.01733959,0.042184,-0.0375042,-0.02377953,0.02376059,-0.02839109,-0.03228415,0.01585639,-0.01705819,CLOSE
-0.003589354,0.06991446,-0.007101774,-0.003526121,0.04430386,-0.03555262,-0.0131842,0.04640207,-0.04023248,-0.0220363,0.03249362,-0.03271878,-0.03030381,0.02472889,-0.02225518,CLOSE
-0.004325919,0.07017064,-0.007375956,-0.004930601,0.04417646,-0.03558558,-0.01462631,0.04586524,-0.04002434,-0.02283206,0.03115952,-0.03201032,-0.03092831,0.02358055,-0.02151197,CLOSE
-0.005873635,0.07141575,-0.009838462,-0.00798285,0.04485962,-0.0362311,-0.01779409,0.04625452,-0.04017413,-0.02486392,0.03015679,-0.03129101,-0.0322929,0.02197856,-0.02022785,CLOSE
-0.008515216,0.07163161,-0.01409084,-0.006934404,0.04055014,-0.03664622,-0.01593432,0.03771794,-0.03966492,-0.02160439,0.01925194,-0.02697378,-0.03162238,0.01409456,-0.01832896,CLOSE
-0.01017366,0.07165739,-0.01305169,-0.005900651,0.03881812,-0.03574872,-0.01430002,0.03334734,-0.03792712,-0.02032413,0.01587301,-0.02530083,-0.03194617,0.011204,-0.01798916,CLOSE
-0.01133392,0.06846488,-0.00560227,-0.004583143,0.03841048,-0.03505915,-0.01305933,0.03301838,-0.03808257,-0.01692166,0.01281059,-0.02654698,-0.03033341,0.005877823,-0.01729187,CLOSE
-0.008508131,0.06773466,-0.005999744,0.000228636,0.03752658,-0.03540325,-0.01004686,0.03722018,-0.04072362,-0.01541596,0.01428986,-0.02716103,-0.02823925,0.008557051,-0.01895386,CLOSE
-0.02029485,0.06943518,-0.004841328,-0.01836686,0.03406453,-0.02988762,-0.01977971,0.02176896,-0.03217077,-0.01924939,0.005107015,-0.02174821,-0.02863146,-0.002566248,-0.009833097,CLOSE
-0.02170586,0.06455722,-0.009349108,-0.01459649,0.0287903,-0.0323911,-0.01525095,0.01683083,-0.03311011,-0.01677673,0.002463967,-0.02218369,-0.02632077,-0.002730608,-0.01079237,CLOSE
-0.0251639,0.06161562,-0.01645732,-0.01354454,0.02317804,-0.03305349,-0.01387767,0.0119465,-0.03238848,-0.0161826,-0.0002379715,-0.02089876,-0.0254484,-0.003993809,-0.009765476,CLOSE
-0.02336284,0.07121387,-0.02488238,-0.01407098,0.02230999,-0.03192413,-0.01685935,0.01122031,-0.02964973,-0.01956161,-6.890297E-05,-0.01774198,-0.02817699,-0.005307108,-0.005773842,CLOSE
-0.01879847,0.07387161,-0.00280422,-0.02350756,0.03867558,-0.02952483,-0.02317408,0.02415165,-0.03071311,-0.02158687,0.006396085,-0.02030751,-0.0301091,-0.002302438,-0.008235037,CLOSE
-0.02299377,0.06321865,-0.009186864,-0.01410623,0.02813676,-0.0316551,-0.0163317,0.01876491,-0.03439191,-0.01671592,0.002956867,-0.0221864,-0.02567724,-0.001610905,-0.01093084,CLOSE
-0.02507031,0.06097215,-0.0133799,-0.01316813,0.02479625,-0.03206152,-0.01542917,0.01562101,-0.03446189,-0.01616452,0.001060843,-0.02150807,-0.02504352,-0.002522022,-0.0103364,CLOSE
-0.02794145,0.05970734,-0.01961157,-0.01242122,0.02067709,-0.03142449,-0.01576296,0.01130527,-0.03246418,-0.01624881,-0.000903368,-0.01956502,-0.02547854,-0.00458017,-0.008532912,CLOSE
-0.02571507,0.0641329,-0.02675095,-0.01084078,0.01996365,-0.03118479,-0.01559354,0.009739488,-0.03021517,-0.01683438,-0.001467258,-0.0178903,-0.02615476,-0.005326122,-0.007085234,CLOSE
-0.02542755,0.06554607,-0.02901959,-0.008875199,0.01953083,-0.03157115,-0.01469408,0.009801984,-0.03022796,-0.01643767,-0.000972718,-0.01809257,-0.02598244,-0.005058527,-0.007269621,CLOSE
-0.02297023,0.06946671,-0.03447998,-0.0112764,0.01929912,-0.03347266,-0.01726087,0.008955956,-0.03090003,-0.01830286,-0.001594156,-0.01794195,-0.02738141,-0.006184667,-0.006088018,CLOSE
-0.01950554,0.07133615,-0.03702599,-0.01253293,0.02027863,-0.03423452,-0.01807077,0.009120196,-0.03120697,-0.0189602,-0.001798481,-0.01783437,-0.02839969,-0.006664664,-0.005950868,CLOSE
-0.01808577,0.07224169,-0.03720912,-0.01252162,0.02082348,-0.03483215,-0.01683015,0.009403557,-0.03082243,-0.01895546,-0.00152117,-0.01808366,-0.02902277,-0.006696016,-0.006516129,CLOSE
-0.01874788,0.07173127,-0.03715506,-0.0122284,0.02032411,-0.03469351,-0.01682409,0.009225905,-0.03077328,-0.01902024,-0.001612127,-0.01811454,-0.02905145,-0.006728917,-0.006557167,CLOSE
-0.01950512,0.07056308,-0.03929666,-0.0122261,0.01894143,-0.03417182,-0.01775397,0.008413583,-0.03024942,-0.02027193,-0.002103448,-0.01768708,-0.0297427,-0.006948024,-0.005904734,CLOSE
-0.02202393,0.07047188,-0.04077598,-0.0152058,0.01896557,-0.03388217,-0.01958626,0.007907301,-0.02954862,-0.02147303,-0.002484709,-0.01671413,-0.03007701,-0.007451802,-0.004302949,CLOSE
-0.02140882,0.07155812,-0.0392924,-0.0150816,0.02006215,-0.03384373,-0.01899167,0.008703947,-0.02970144,-0.02100734,-0.001893997,-0.01699972,-0.02976413,-0.007054687,-0.004762441,CLOSE
-0.02173719,0.07277831,-0.03377032,-0.01503097,0.02161357,-0.03281084,-0.01806363,0.01018271,-0.02947336,-0.02020706,-0.0007983148,-0.01714727,-0.02897683,-0.00622806,-0.005070299,CLOSE
-0.02354001,0.06030124,-0.02088383,-0.01319544,0.02008939,-0.03428653,-0.01572969,0.00893265,-0.03267807,-0.01583999,-0.002691895,-0.0191603,-0.02594868,-0.006227821,-0.008153409,CLOSE
-0.02169667,0.06702238,0.002916753,-0.02027255,0.03896981,-0.0279097,-0.02567663,0.02932557,-0.0307534,-0.0216289,0.008290589,-0.01986101,-0.02962801,-0.0009601414,-0.00800702,CLOSE
-0.02119781,0.06486779,0.008633912,-0.02088402,0.04213756,-0.02512717,-0.02716676,0.03425547,-0.02864775,-0.02307087,0.01149419,-0.01965261,-0.03053036,0.00132525,-0.008436471,CLOSE
-0.02304237,0.05867216,0.005981356,-0.02049401,0.04440749,-0.02800861,-0.02765661,0.04072884,-0.03232756,-0.02368435,0.01568076,-0.02397874,-0.03029959,0.00648731,-0.0126693,CLOSE
-0.02646659,0.05930623,-0.01175255,-0.01861302,0.02963975,-0.03610873,-0.02288017,0.02198923,-0.03804809,-0.02027646,0.003891706,-0.02538186,-0.02882392,-0.001546651,-0.01348829,CLOSE
-0.01525689,0.07052943,-0.05206269,-0.02615946,0.02403367,-0.03775796,-0.02292433,0.005581766,-0.0295234,-0.02210459,-0.004903644,-0.01320896,-0.03059078,-0.00838837,0.0004321337,CLOSE
-0.013455,0.07513854,-0.04255047,-0.03122593,0.03334036,-0.03883213,-0.02346785,0.01011297,-0.03260905,-0.0217258,-0.002190292,-0.01671752,-0.0296676,-0.006730258,-0.002010286,CLOSE
-0.01150475,0.07721072,-0.03422588,-0.02866478,0.03675994,-0.03787711,-0.02267708,0.0142161,-0.03331098,-0.02193638,2.580881E-05,-0.01860365,-0.0301801,-0.005406708,-0.004313529,CLOSE
-0.00623922,0.06812102,0.01450932,-0.008910328,0.04993573,-0.02089018,-0.01708966,0.04280633,-0.02478361,-0.02310247,0.02409321,-0.02007979,-0.032902,0.01505971,-0.01065326,CLOSE
-0.005968004,0.06447634,0.02376217,-0.008586749,0.04982001,-0.02092016,-0.01939651,0.05243358,-0.02294385,-0.02631577,0.03774187,-0.02080652,-0.03366291,0.02585787,-0.01007569,CLOSE
-0.005283952,0.06733665,0.02312899,-0.01158157,0.04785973,-0.02296668,-0.02248462,0.05220225,-0.02481198,-0.02847744,0.03822359,-0.0223175,-0.03457363,0.02579287,-0.01083419,CLOSE
-0.005712435,0.06912449,0.01232773,-0.009944901,0.04670957,-0.02351576,-0.01969191,0.04627532,-0.02725738,-0.02434658,0.02855918,-0.02311701,-0.03226923,0.01842275,-0.01247358,CLOSE
-0.01456891,0.06460643,-0.005021036,-0.007884793,0.0400224,-0.03418821,-0.01622488,0.03771275,-0.03807408,-0.02182463,0.021465,-0.02930018,-0.03038849,0.01534447,-0.01901773,CLOSE
-0.02274381,0.06579128,-0.0215013,-0.01590628,0.02924353,-0.03821883,-0.02201481,0.02204761,-0.03846508,-0.02325074,0.005709946,-0.02491292,-0.03195329,0.001700193,-0.01353669,CLOSE
-0.02095546,0.06959504,-0.03615284,-0.02104993,0.02376392,-0.03700763,-0.02347329,0.01146132,-0.03282264,-0.02283674,-0.002784699,-0.01742262,-0.03175598,-0.006572098,-0.005108476,CLOSE
-0.01649672,0.07050362,-0.04624173,-0.0210642,0.021487,-0.03562301,-0.02191002,0.006295443,-0.02935517,-0.02156554,-0.005631983,-0.01328883,-0.03046428,-0.008640915,-0.0006452501,CLOSE
-0.01535435,0.06978393,-0.04898325,-0.02010848,0.02018204,-0.03520346,-0.02124029,0.004783094,-0.02855718,-0.02111019,-0.006156504,-0.01270247,-0.03005767,-0.008939862,0.0002269745,CLOSE
-0.01797441,0.06820497,-0.0449878,-0.0188868,0.01946452,-0.0359554,-0.02002464,0.004927039,-0.02970913,-0.02073111,-0.005168945,-0.01462001,-0.02915411,-0.008277833,-0.001221865,CLOSE
-0.01919004,0.06663209,-0.002940685,-0.01472495,0.03338704,-0.02907568,-0.01966774,0.0225018,-0.02918571,-0.02164084,0.007242501,-0.0197283,-0.03001581,0.0003800988,-0.007881969,CLOSE
-0.01955466,0.06478804,-0.0008450449,-0.0127095,0.03319317,-0.02871591,-0.0186124,0.02376434,-0.0294292,-0.02111918,0.008600026,-0.02060181,-0.0297315,0.001932174,-0.009304345,CLOSE
-0.02594351,0.05678439,-0.02136514,-0.01395233,0.01826835,-0.03780565,-0.01922102,0.01069981,-0.03776595,-0.01796743,-0.002834797,-0.02451301,-0.02700591,-0.004110485,-0.01275185,CLOSE
-0.02128356,0.06630224,-0.02455309,-0.01594502,0.02344832,-0.03975272,-0.01818064,0.01189598,-0.03626823,-0.01804721,-0.001683772,-0.02233887,-0.02790392,-0.005330294,-0.009969354,CLOSE
-0.02354303,0.06570393,-0.01151291,-0.01665211,0.02876979,-0.03606117,-0.02028397,0.01748744,-0.03450835,-0.0199128,0.002356112,-0.02196491,-0.02901658,-0.002889842,-0.009750247,CLOSE
-0.02369152,0.06315401,-0.0002735555,-0.01677987,0.0331437,-0.03164333,-0.02176516,0.02295172,-0.0319837,-0.02147217,0.0064798,-0.02114013,-0.02981494,0.0001473725,-0.009743452,CLOSE
-0.02453713,0.05599663,0.000698477,-0.01188485,0.03271025,-0.03257552,-0.01887232,0.02600262,-0.03547877,-0.02065834,0.01022053,-0.02533814,-0.02821396,0.005899787,-0.0142563,CLOSE
-0.02327894,0.05397838,-0.01421276,-0.01026694,0.02104995,-0.03782091,-0.01567335,0.01528382,-0.04023087,-0.01753099,0.00162375,-0.02933505,-0.02585981,0.001997203,-0.01764831,CLOSE
-0.01657835,0.06396535,-0.03293422,-0.01274265,0.01988891,-0.04155543,-0.01613903,0.01002076,-0.03695604,-0.0175323,-0.003019601,-0.02393362,-0.02814038,-0.004873604,-0.01254275,CLOSE
-0.02585831,0.05653512,0.007424414,-0.02111159,0.03732356,-0.03422922,-0.02809334,0.03047588,-0.03753021,-0.02696108,0.01282042,-0.02775574,-0.03292506,0.004266471,-0.01584145,CLOSE
-0.0251832,0.05320156,0.01186019,-0.02111963,0.03670901,-0.03487462,-0.03004498,0.03138468,-0.03889215,-0.02867784,0.01398006,-0.02846649,-0.03339891,0.005552918,-0.01635498,CLOSE
-0.02110016,0.05236894,0.009220272,-0.01669525,0.02872878,-0.0358251,-0.02656108,0.02769604,-0.04313546,-0.01972976,0.005866736,-0.02818912,-0.02861423,0.003936142,-0.01779425,CLOSE
-0.02060313,0.05404091,0.007825255,-0.01601451,0.02912098,-0.03480709,-0.02526016,0.02650011,-0.04154688,-0.02011895,0.006035924,-0.02740508,-0.02948758,0.003567636,-0.01743805,CLOSE
-0.02235289,0.05204609,0.008565277,-0.01534664,0.02726534,-0.03209215,-0.02433059,0.02173787,-0.0364148,-0.02020751,0.003651172,-0.02318758,-0.0286541,0.00059852,-0.01256597,CLOSE
-0.0216356,0.05152118,0.01704967,-0.01956756,0.03079322,-0.02838856,-0.02797182,0.02365026,-0.03258443,-0.02566671,0.007660598,-0.02200681,-0.03172014,0.002474129,-0.01017037,CLOSE
-0.02689897,0.04788807,0.02089077,-0.03040839,0.02970874,-0.02265364,-0.0369063,0.02148014,-0.0244436,-0.03399325,0.007751167,-0.01526797,-0.03611738,-0.0014624,-0.003140569,CLOSE
-0.03083496,0.04685712,0.01914972,-0.03246647,0.02780086,-0.02030179,-0.03854217,0.01910499,-0.02011433,-0.0360428,0.006906033,-0.01120394,-0.03528349,-0.002619743,0.002393603,CLOSE
-0.04402537,0.01627076,0.03572321,-0.03943053,-0.01261568,0.01775455,-0.03284385,-0.01696903,0.02620679,-0.01875927,-0.01527655,0.03298628,-0.008680612,-0.01055759,0.04159021,CLOSE
-0.0440384,0.005630255,0.04731244,-0.04145434,-0.01542026,0.02532041,-0.03706117,-0.01848447,0.03356421,-0.02313415,-0.01571906,0.04037869,-0.01182085,-0.009091675,0.04729605,CLOSE
-0.05421236,0.0007117987,0.06211668,-0.04259793,-0.01880252,0.05261827,-0.03986537,-0.01755244,0.06149846,-0.02277493,-0.01551801,0.06022227,-0.00821865,-0.007444024,0.05348152,CLOSE
-0.05306757,0.005872726,0.05844086,-0.04132933,-0.016684,0.04895943,-0.03841153,-0.01556724,0.0576573,-0.02148043,-0.01302278,0.05614495,-0.007873818,-0.004209757,0.0512436,CLOSE
-0.04665462,0.02941167,0.004106224,-0.03052378,-0.01903415,0.02334654,-0.02067865,-0.01830977,0.03263128,-0.009541363,-0.0126245,0.03629899,-0.003273226,0.002815545,0.03799748,CLOSE
-0.04504018,0.02312773,0.02662861,-0.03082287,-0.01951051,0.03155315,-0.02182313,-0.01903898,0.04149091,-0.009523407,-0.01259881,0.04237574,-0.001073845,0.00128901,0.04117966,CLOSE
-0.04352928,0.02176213,0.03542262,-0.03214556,-0.01909298,0.04007334,-0.02417692,-0.01836282,0.04953766,-0.01011924,-0.0121339,0.04793853,-0.0002284124,0.0002593994,0.04418945,CLOSE
-0.04256461,0.02126646,0.04040062,-0.03225099,-0.01835799,0.04465955,-0.024822,-0.01768726,0.05378675,-0.01008209,-0.01164329,0.05125213,0.0004271269,-6.890297E-05,0.04612684,CLOSE
-0.03789795,0.02149779,0.04924905,-0.03230263,-0.01341027,0.05970156,-0.02599011,-0.0118376,0.06672996,-0.009867564,-0.006913543,0.06216538,0.00303252,0.001679659,0.05135983,CLOSE
-0.03092479,0.01396239,0.05799764,-0.03308447,-0.01315445,0.07342792,-0.02809989,-0.01113272,0.08113742,-0.009829916,-0.008412898,0.07391888,0.00553523,-0.00231117,0.05764389,CLOSE
-0.01799095,0.01452374,0.05603945,-0.02612836,-0.02052045,0.05200732,-0.01923773,-0.02022773,0.06041157,-0.005435146,-0.01378316,0.05783206,0.007385723,-0.002962172,0.04646081,CLOSE
-0.02005689,0.01442921,0.05503881,-0.02549002,-0.02084011,0.04942071,-0.01757056,-0.02040297,0.0560025,-0.00418029,-0.0144974,0.05439305,0.007795803,-0.003549218,0.04587519,CLOSE
-0.01618673,0.01845843,0.06622553,-0.0229418,-0.01224786,0.06773984,-0.01961361,-0.003749073,0.0800631,-0.002409503,-0.002111495,0.07255292,0.01135992,-0.001051843,0.05118275,CLOSE
-0.01081134,0.01628113,0.07193178,-0.02115655,-0.001223743,0.08013093,-0.01667241,0.005626321,0.08852279,0.003671661,-0.0014714,0.07281011,0.01633623,-0.001348734,0.0518207,CLOSE
-0.01074245,0.01613992,0.07193351,-0.02165271,-0.002649128,0.08201635,-0.01643731,0.00279367,0.08905566,0.003341191,-0.002446771,0.07506478,0.01604636,-0.00210613,0.05471045,CLOSE
-0.01484494,0.01632619,0.07132411,-0.02486376,-0.002104938,0.08389574,-0.01782957,-0.0003141761,0.08819032,0.0009490997,-0.002209902,0.07676178,0.01354694,-6.401539E-05,0.06005692,CLOSE
-0.02073322,0.01483554,0.07040215,-0.02711446,-0.002581954,0.08500642,-0.02163684,0.001173496,0.09223527,-0.0004466549,-0.00319761,0.07670724,0.0120487,0.0008012056,0.06284934,CLOSE
-0.01982332,0.008711576,0.06975621,-0.02468956,-0.00662595,0.08500636,-0.02034386,0.002834678,0.0977934,0.001891702,-0.006083608,0.07679516,0.01459811,-0.00294131,0.0595659,CLOSE
0.003922001,-0.02816999,0.07476789,0.005722106,-0.01596361,0.1041744,0.01886061,0.01023322,0.1163534,0.03975351,-0.01747084,0.08314961,0.03729367,-0.01967579,0.03360397,CLOSE
0.003486156,-0.03274381,0.0735746,0.005167887,-0.01900679,0.1049585,0.01892658,0.01142502,0.1182232,0.04147671,-0.01341712,0.08936465,0.03772694,-0.0201928,0.03216201,CLOSE
-0.0003926083,-0.03378171,0.07257372,0.001919284,-0.02161229,0.1026087,0.02118804,-0.005482912,0.1127351,0.03908925,-0.02064526,0.08348286,0.03813829,-0.02205092,0.03744936,CLOSE
-0.002498895,-0.03642213,0.07099539,0.001422107,-0.0289039,0.09721661,0.01971191,-0.02376491,0.09932327,0.03580073,-0.02816653,0.07364506,0.04019322,-0.02299756,0.0430305,CLOSE
-0.01026767,-0.03936684,0.07044095,-0.0002224743,-0.03632987,0.09053379,0.01620646,-0.02572381,0.100713,0.03517461,-0.02410811,0.08012182,0.0448935,-0.01989704,0.05260384,CLOSE
-0.01351237,-0.04221815,0.06943661,-0.0005361885,-0.03778315,0.09126067,0.01600081,-0.02346367,0.1072253,0.03618711,-0.0236674,0.08302027,0.04714793,-0.01935339,0.05488509,CLOSE
-0.0217059,-0.04834402,0.06398785,-0.008686475,-0.04523623,0.08614028,0.006745413,-0.02848768,0.1088026,0.02924158,-0.02657682,0.08796155,0.04385571,-0.02065575,0.06118584,CLOSE
-0.03236648,-0.0215953,0.05298436,-0.03884667,-0.03373462,0.02356172,-0.04883185,-0.01572484,0.09462082,-0.02730863,-0.034118,0.06584013,-0.006860264,-0.0301106,0.05025357,CLOSE
-0.04188937,-0.01268125,0.04234374,-0.02695054,-0.02547181,0.005231261,-0.03189475,-0.03854835,0.01644242,-0.01150203,-0.02636737,0.01839739,-0.01637837,-0.01748002,0.04334593,CLOSE
-0.04296271,0.01823252,0.03748035,-0.03228335,-0.0188911,0.02670622,-0.02409806,-0.01883096,0.0358479,-0.01227392,-0.01349419,0.04019046,-0.007559046,0.0005913377,0.04880846,CLOSE
-0.05516232,0.0300656,0.02143937,-0.03372091,-0.01416934,0.03891081,-0.02720073,-0.01505077,0.04826152,-0.01560225,-0.009945929,0.05367094,-0.003136948,-0.0007311702,0.04738379,CLOSE
-0.05753229,0.04168719,-0.002400517,-0.03990398,-0.01026875,0.0259456,-0.03129171,-0.01447231,0.03052843,-0.02105694,-0.01524121,0.0380882,-0.008656278,-0.009196758,0.04099935,CLOSE
-0.06167364,0.02681208,0.007863462,-0.03742255,-0.01308292,0.01076144,-0.03117456,-0.01966757,0.0160687,-0.02006735,-0.0208931,0.02322507,-0.01250174,-0.01659119,0.03282171,CLOSE
-0.01754725,0.01267326,0.07568198,-0.03228128,-0.004389405,0.07502156,-0.0301555,0.005805016,0.08663195,-0.01020809,0.004801095,0.08076704,0.006019562,0.004082978,0.06315541,CLOSE
-0.03783903,0.002385676,0.05946863,-0.03520262,-0.02301675,0.03556472,-0.02751553,-0.02711755,0.0334639,-0.01876609,-0.02531064,0.04133004,-0.01220442,-0.01512414,0.04855818,CLOSE
-0.04922406,-0.01652676,0.03852659,-0.02874405,-0.02524543,0.003538132,-0.02186722,-0.02934897,0.004837334,-0.01222833,-0.02750015,0.01321185,-0.01396428,-0.02449805,0.02664602,CLOSE
-0.04269461,-0.02148265,0.04290032,-0.02107718,-0.03558904,-0.0003675818,-0.01118357,-0.03474987,0.007989287,-0.003774285,-0.02580911,0.01575714,-0.0005832985,-0.01691186,0.03282487,CLOSE
-0.0416315,-0.02403235,0.05629814,-0.03187798,-0.04315621,0.0182603,-0.02815248,-0.04608852,0.02902091,-0.0145757,-0.03929353,0.03096306,-0.004116461,-0.02514684,0.03507793,CLOSE
-0.03968116,-0.01723027,0.06170952,-0.03472604,-0.03894478,0.02735823,-0.0302945,-0.04062629,0.0375818,-0.01612841,-0.03539896,0.03817427,-0.004620213,-0.02202576,0.03856033,CLOSE
-0.03860287,-0.01310831,0.06481433,-0.03756752,-0.03273201,0.03675032,-0.0341728,-0.03501397,0.04483372,-0.01863233,-0.03233945,0.04396141,-0.00583221,-0.02164805,0.04179323,CLOSE
-0.05432672,0.02020329,0.0120281,-0.03579859,-0.01188755,0.01278126,-0.02612264,-0.01467824,0.02221465,-0.01182135,-0.01077849,0.02921754,-0.002750158,-0.002403438,0.03727269,CLOSE
-0.0797771,0.01813853,0.02635682,-0.006193757,-0.01800752,0.04419684,0.001334436,-0.008796573,0.03166616,0.01444749,-0.005377233,0.03200734,0.02571782,0.009041011,0.03279477,CLOSE
-0.02354231,0.01434544,0.052708,-0.03895339,0.0007981062,0.01221886,-0.03265128,-0.008221924,0.02230576,-0.01949123,-0.0140214,0.02447304,-0.008222789,-0.00900206,0.03280744,CLOSE
-0.03237339,0.04599109,0.0216403,-0.0385083,0.004174858,0.008737564,-0.03728056,-0.004513144,0.01609647,-0.02448639,-0.01285231,0.01934683,-0.01555027,-0.009011626,0.02978888,CLOSE
-0.007732287,0.0689007,-0.01582956,-0.0155514,0.02644712,-0.039821,-0.01761127,0.00808689,-0.03493044,-0.01976974,-0.004298508,-0.02102479,-0.02898414,-0.004497498,-0.01148495,CLOSE
-0.009505235,0.0692679,-0.04638356,-0.01389346,0.02225497,-0.04367879,-0.01370008,0.00856784,-0.03580233,-0.01808604,-0.00519222,-0.01910284,-0.03012297,-0.006777734,-0.008521229,CLOSE
-0.008675471,0.06937638,-0.04708081,-0.0141148,0.02226028,-0.04365385,-0.01424348,0.008073121,-0.03573108,-0.01867678,-0.005631566,-0.01887894,-0.03014605,-0.00689292,-0.008444101,CLOSE
-0.006481193,0.07003078,-0.04735991,-0.01372187,0.02349013,-0.04363769,-0.01421666,0.007748008,-0.03572279,-0.0185316,-0.005414099,-0.01903397,-0.03008899,-0.006690413,-0.008762419,CLOSE
-0.005695544,0.07036892,-0.04716188,-0.01353361,0.02456662,-0.0437265,-0.01389474,0.007836074,-0.03579378,-0.01843132,-0.005215675,-0.01923609,-0.03004598,-0.00652492,-0.009021759,CLOSE
-0.006156191,0.06969443,-0.04556748,-0.0101078,0.02477863,-0.04357377,-0.01044083,0.008538008,-0.03600401,-0.01776432,-0.004573762,-0.02036485,-0.02972024,-0.005954623,-0.01078498,CLOSE
-0.006157495,0.06945491,-0.04557347,-0.009513721,0.02404076,-0.04343891,-0.01017918,0.008488476,-0.0361287,-0.017736,-0.004652709,-0.02044353,-0.029707,-0.005913973,-0.01086134,CLOSE
-0.006365575,0.06944332,-0.04516095,-0.00944782,0.02375311,-0.04324427,-0.01052528,0.008585483,-0.03612372,-0.01771953,-0.004683405,-0.02050826,-0.02967235,-0.005945742,-0.01091379,CLOSE
-0.00821384,0.06946322,-0.04311097,-0.008406207,0.02172244,-0.04153815,-0.01114027,0.008405298,-0.03594708,-0.01788666,-0.004601955,-0.02064046,-0.02970283,-0.006094903,-0.01106876,CLOSE
-0.008311957,0.06972679,-0.04211298,-0.007485516,0.02172941,-0.04101649,-0.01092759,0.009009868,-0.03614455,-0.01750232,-0.004439622,-0.02102572,-0.02949177,-0.006061643,-0.01171514,CLOSE
-0.03610159,0.05997884,-0.01464954,-0.02740213,0.01529881,-0.0293909,-0.02973862,0.004669636,-0.02565077,-0.02609045,-0.00596419,-0.01177275,-0.03008638,-0.009429067,0.003099501,CLOSE
-0.05471141,0.03320134,0.044379,-0.04514309,-0.001081288,0.04226437,-0.03436236,-0.0125652,0.03932044,-0.01643222,-0.0151096,0.03719166,-0.003107153,-0.007832646,0.03666613,CLOSE
-0.05477586,0.03197637,0.04776305,-0.04686752,0.001536191,0.0489476,-0.0350908,-0.01190564,0.0428735,-0.01737785,-0.01507205,0.03905961,-0.004144333,-0.007955551,0.03712913,CLOSE
-0.04896687,0.02726951,0.05347663,-0.04343935,-0.006907612,0.04436803,-0.03609136,-0.01426035,0.04336768,-0.01984639,-0.0170728,0.03942546,-0.006701604,-0.009765357,0.03752273,CLOSE
-0.04603168,0.02625677,0.05428663,-0.0413781,-0.00947988,0.04025313,-0.0358401,-0.01477766,0.04262736,-0.02005484,-0.01721728,0.0394254,-0.006717771,-0.01004013,0.038059,CLOSE
-0.04543226,0.02637386,0.05413568,-0.04021323,-0.009815633,0.03908926,-0.0353104,-0.01451635,0.04256254,-0.01957167,-0.01676926,0.03978482,-0.005913891,-0.009818316,0.03865078,CLOSE
-0.04447622,0.03519714,0.04026014,-0.04145937,-0.006537497,0.02476424,-0.03605771,-0.01266459,0.02938244,-0.02026682,-0.01552993,0.03055212,-0.006652705,-0.009803891,0.03482047,CLOSE
-0.04424427,0.03691465,0.03502727,-0.04036173,-0.005936086,0.01958543,-0.03478193,-0.01240742,0.02512109,-0.01925811,-0.01539484,0.02748367,-0.006533191,-0.01015347,0.03352493,CLOSE
-0.03583711,0.0356259,0.03494692,-0.03440692,0.00387311,0.005301952,-0.03459077,-0.003626645,0.01243013,-0.02304378,-0.009231538,0.01867265,-0.01417007,-0.007912308,0.03059861,CLOSE
-0.03440051,0.03728577,0.03447255,-0.03338289,0.004759431,0.005066603,-0.03437237,-0.002080142,0.01186678,-0.02310583,-0.007312387,0.0187982,-0.0147146,-0.005440325,0.03078121,CLOSE
-0.03696093,0.03162411,0.03786373,-0.03541524,0.005501509,-0.002647579,-0.03544991,-0.00214684,0.007533193,-0.02530577,-0.0078201,0.01559132,-0.01850195,-0.006523907,0.02836761,CLOSE
-0.03531152,0.02991208,0.04236534,-0.03778064,0.005402684,-0.001151592,-0.0358917,-0.003047973,0.008940995,-0.02436649,-0.009418935,0.01669693,-0.01607498,-0.009065568,0.0289481,CLOSE
-0.03630179,0.03470531,0.04038382,-0.03818841,0.004862517,0.001635939,-0.03568158,-0.00382939,0.01114985,-0.02339591,-0.01042497,0.01834089,-0.01419298,-0.01013499,0.02981642,CLOSE
-0.03722818,0.04131395,0.03460869,-0.03650055,0.006716996,0.001480162,-0.03544811,-0.002236664,0.01128882,-0.02443419,-0.008997738,0.01755396,-0.01588043,-0.009265333,0.02934942,CLOSE
-0.03769703,0.04510057,0.03019139,-0.03443108,0.008710206,9.840727E-05,-0.03674211,0.0009671748,0.007619441,-0.02709234,-0.006396592,0.01521009,-0.01983462,-0.007136285,0.02773932,CLOSE
-0.0369097,0.04461026,0.02907225,-0.03369108,0.009135813,-4.032254E-05,-0.03681262,0.001898408,0.006673515,-0.02741916,-0.005326748,0.01478362,-0.02053703,-0.005837768,0.0275636,CLOSE
-0.03773782,0.04875448,0.02033862,-0.03361039,0.01074728,-0.003963977,-0.03748596,0.004200935,0.003226966,-0.0286831,-0.002993912,0.01265407,-0.02267108,-0.003450394,0.02599919,CLOSE
-0.03865617,0.04782197,0.02085024,-0.03384136,0.01143992,-0.006841123,-0.03749863,0.004630089,0.001695752,-0.02891378,-0.002783865,0.01179594,-0.02281274,-0.002382398,0.02346981,CLOSE
-0.03933637,0.06838411,-0.02696985,-0.03512763,0.01681069,-0.009193361,-0.03739885,0.0120765,0.0009293556,-0.02918661,0.004695237,0.01297373,-0.02223322,0.004071206,0.02655941,CLOSE
-0.04226861,0.06727257,-0.03759897,-0.03560849,0.0170114,-0.01047051,-0.03765611,0.01255581,-0.0002933145,-0.02932234,0.005646884,0.01206934,-0.02222373,0.005309701,0.02598238,CLOSE
-0.04400408,0.06727868,-0.03370029,-0.03555495,0.01696232,-0.01123732,-0.03740939,0.01263618,-0.001375556,-0.02891656,0.006077498,0.01109725,-0.02159195,0.006043643,0.02499437,CLOSE
-0.02655817,0.04884663,0.03098637,-0.03899441,0.01092184,0.003065735,-0.03642592,0.001682967,0.0122658,-0.02435493,-0.005458444,0.01737291,-0.0135152,-0.005607665,0.02757406,CLOSE
-0.02396572,0.04788208,0.03127661,-0.03848959,0.01303881,0.000546515,-0.03752586,0.003365874,0.009512424,-0.0261075,-0.006083727,0.01638722,-0.01655894,-0.00734672,0.02742022,CLOSE
-0.02511456,0.04755044,0.02755639,-0.03421018,0.01364499,-0.001544178,-0.03812212,0.00555414,0.005717933,-0.02978665,-0.004128844,0.0125894,-0.02307332,-0.006190121,0.02488345,CLOSE
-0.04262724,0.06845137,-0.01617053,-0.03777824,0.01635626,-0.01013824,-0.03912667,0.01134351,0.000149399,-0.03004018,0.004315346,0.01113713,-0.02194411,0.004028916,0.02398652,CLOSE
-0.04070114,0.06891882,0.002372265,-0.04132475,0.01288289,-0.003530264,-0.04089984,0.003327519,0.005147547,-0.03015871,-0.005011886,0.01212198,-0.02137138,-0.0040088,0.02386859,CLOSE
-0.02835251,0.05589512,0.01394981,-0.03863055,0.01732987,-0.00622201,-0.0431238,0.01009786,2.196431E-05,-0.03505374,-0.001101196,0.008461893,-0.02925136,0.0002475083,0.02194673,CLOSE
-0.03538602,0.06868756,-0.04063749,-0.03499934,0.02532843,-0.01515824,-0.03815393,0.02123412,-0.005153418,-0.03123301,0.01329631,0.008223146,-0.02397412,0.01163018,0.02291846,CLOSE
-0.03861577,0.07419422,-0.02592373,-0.03859629,0.02241272,-0.00616625,-0.03912416,0.01611,0.005226433,-0.02889077,0.007600188,0.01472688,-0.0189156,0.006270319,0.02691248,CLOSE
-0.03343756,0.03102642,0.04660872,-0.03989077,0.01595873,0.002718747,-0.04039938,0.003592521,0.007079184,-0.02965513,-0.007728398,0.009493113,-0.02191103,-0.01047298,0.02083656,CLOSE
-0.0351851,0.0248431,0.04132167,-0.03801693,0.012591,-0.003946513,-0.03871115,0.0006500185,0.001404941,-0.02804073,-0.009364873,0.00570488,-0.02209064,-0.01280546,0.01820102,CLOSE
-0.03142089,0.03464496,0.03501579,-0.03575894,0.0115611,-0.004164815,-0.03846487,0.001173168,0.001428276,-0.0285835,-0.01103142,0.007310897,-0.0235833,-0.01319939,0.01898518,CLOSE
-0.02598511,0.05265397,0.02419659,-0.03377265,0.01663801,-0.00502345,-0.03893279,0.009662777,-0.001912445,-0.03177225,-0.004007518,0.005362689,-0.02807631,-0.007011294,0.0193702,CLOSE
-0.03387123,0.05282474,0.009017915,-0.02849979,0.02919453,-0.01581365,-0.03610171,0.02254078,-0.01501977,-0.03470466,0.007949442,-0.00706318,-0.03530437,0.0007723272,0.005786955,CLOSE
-0.03993494,0.06885606,-0.01999298,-0.03964291,0.03390282,-0.01574251,-0.04295839,0.02280945,-0.01124027,-0.03704788,0.00856176,0.0004093051,-0.0335941,0.002089173,0.01563111,CLOSE
-0.02552396,0.07794207,-0.03343838,-0.03733545,0.03656465,-0.01881772,-0.03659943,0.02026027,-0.0147737,-0.03092657,0.006843716,-0.001584709,-0.02886757,0.001818568,0.01454499,CLOSE
-0.02192634,0.0798794,-0.01528141,-0.03219623,0.03869957,-0.01718414,-0.03540047,0.02519602,-0.01474935,-0.03193463,0.01017112,-0.004702389,-0.03108223,0.002463818,0.01007608,CLOSE
-0.03640839,0.06793165,-0.01792192,-0.03561945,0.02412912,-0.01826105,-0.0399365,0.0161584,-0.01513061,-0.03607564,0.004202783,-0.003677934,-0.03543122,-0.0004317164,0.01124951,CLOSE
-0.03742029,0.070824,-0.03389293,-0.0385182,0.0246872,-0.01738006,-0.03901616,0.01280695,-0.01244178,-0.03291811,0.002261937,0.0003988743,-0.03158883,-0.0006756186,0.01586002,CLOSE
-0.03208264,0.07238248,-0.03968251,-0.03671085,0.02904341,-0.02036303,-0.03734189,0.01543072,-0.0137969,-0.03188083,0.004313618,0.0004692674,-0.02952386,0.001712382,0.01644632,CLOSE
-0.0291238,0.06666103,0.004849344,-0.02713376,0.03188825,-0.01811349,-0.03361366,0.02187756,-0.01550326,-0.03082823,0.007533759,-0.006851077,-0.03132654,0.0005439222,0.007347077,CLOSE
-0.03350156,0.04840025,0.01917925,-0.02364164,0.0336152,-0.01600066,-0.03169864,0.02472362,-0.01469716,-0.03014268,0.009526193,-0.008571178,-0.0310133,0.002004385,0.004199356,CLOSE
-0.03360531,0.06825808,-0.02263087,-0.0354194,0.02190199,-0.01916534,-0.03925098,0.01292446,-0.01336229,-0.03392806,0.002589107,-0.000695765,-0.03273004,0.0004816353,0.01472777,CLOSE
-0.0346877,0.06348726,-0.008521527,-0.03293337,0.02295557,-0.02057895,-0.03861387,0.01592693,-0.01359585,-0.03486879,0.005273938,-0.0006071031,-0.03238616,0.002964228,0.01435623,CLOSE
-0.03248062,0.04552567,0.03655583,-0.03560704,0.02747679,-0.003837764,-0.04039237,0.01587898,-0.0006473064,-0.03308322,0.001377791,0.002754807,-0.0288311,-0.006434739,0.0151884,CLOSE
-0.03543205,0.0413394,0.0453493,-0.02995802,0.03350821,0.000220269,-0.03488894,0.02151549,-0.002533466,-0.03049106,0.00545904,-0.002955198,-0.02934527,-0.005668342,0.005877048,CLOSE
-0.04128398,0.03620687,0.04629421,-0.02992447,0.03328812,0.001262993,-0.03396334,0.02170509,-0.003249079,-0.02968649,0.00597173,-0.004934043,-0.02925948,-0.007213891,0.001796961,CLOSE
-0.03801867,0.04006267,0.0278219,-0.02873158,0.02524513,-0.007341564,-0.0330941,0.01878217,-0.01181385,-0.03041153,0.003833413,-0.009321392,-0.03115359,-0.004845142,0.0009074211,CLOSE
-0.03620765,0.05602708,-0.01471457,-0.03382505,0.02057749,-0.01929578,-0.03945433,0.01448014,-0.01358575,-0.0347857,0.005156666,-0.0005930662,-0.03273071,0.004200757,0.01476008,CLOSE
-0.03620106,0.06579733,-0.03792757,-0.03656424,0.02368984,-0.01691166,-0.03969669,0.01702917,-0.007724047,-0.03290174,0.008037359,0.006236285,-0.0280448,0.006945282,0.02142996,CLOSE
-0.03375624,0.06762201,-0.04521015,-0.03624836,0.02447051,-0.01751247,-0.03873814,0.01754683,-0.008296281,-0.03215948,0.008459568,0.006233066,-0.02730554,0.007165045,0.02146128,CLOSE
-0.02953374,0.06868395,-0.04877231,-0.03528189,0.02615365,-0.01948902,-0.03845473,0.01944986,-0.01060709,-0.03259421,0.009866834,0.003864199,-0.02793729,0.00780943,0.01933631,CLOSE
-0.0303717,0.07142097,-0.01590738,-0.03690432,0.02780977,-0.01330045,-0.04145585,0.022378,-0.004888058,-0.0350352,0.01214343,0.006907463,-0.02802347,0.008581191,0.02171871,CLOSE
-0.04124854,0.03035939,0.03616002,-0.03189264,0.01369059,-0.002428591,-0.03604425,0.005827457,-0.00350818,-0.02974178,-0.006708562,0.0009353459,-0.02806333,-0.01570058,0.01270071,CLOSE
-0.03587808,0.04326028,0.02809614,-0.03319196,0.012784,-0.002605081,-0.03771211,0.005230367,-0.002019584,-0.03040806,-0.006595224,0.003882825,-0.02742096,-0.01342228,0.01705959,CLOSE
-0.03132871,0.05463782,0.01306504,-0.03544754,0.01427007,-0.00346294,-0.04054826,0.007804483,-0.00112766,-0.03276644,-0.00340873,0.006610751,-0.02886878,-0.007460535,0.02111542,CLOSE
-0.02981325,0.06265274,0.001814663,-0.03643267,0.01589566,-0.004192948,-0.04145838,0.009813905,-0.001123041,-0.03378157,-0.001187861,0.007510304,-0.02947763,-0.004424214,0.02216589,CLOSE
-0.03422483,0.06690881,-0.005407661,-0.03479977,0.01696929,-0.004825145,-0.0391179,0.0107893,-0.0001451075,-0.03214461,0.001335114,0.00975886,-0.02729997,-0.00123623,0.02386993,CLOSE
-0.04096812,0.01969266,0.04624462,-0.0406491,0.003305525,-0.0002397895,-0.03565121,-0.007817924,0.005770743,-0.02337985,-0.01376501,0.01155144,-0.01506792,-0.01178628,0.02196503,CLOSE
0.006390966,0.005527854,0.06585866,-0.02919519,-0.01558581,0.02251658,-0.01760692,-0.02021334,0.02829501,-0.004413322,-0.01890275,0.02779621,0.008260481,-0.01113629,0.03253546,CLOSE
0.005269807,0.004972845,0.06546664,-0.03101122,-0.01500067,0.02086282,-0.01877623,-0.01978788,0.027464,-0.005498763,-0.0187242,0.02734497,0.007110097,-0.01131871,0.03258792,CLOSE
0.004884362,0.006488442,0.06497702,-0.03365926,-0.013991,0.01961258,-0.02119606,-0.01860425,0.02636874,-0.006069787,-0.01756901,0.02757367,0.0064485,-0.01025203,0.03297168,CLOSE
0.00755338,0.004409134,0.0655385,-0.03225721,-0.01595846,0.02130583,-0.02065958,-0.02032059,0.02666289,-0.004536476,-0.01896706,0.02788171,0.008173253,-0.01128188,0.03270426,CLOSE
-0.0170911,0.008417159,0.06186122,-0.03642669,-0.005067408,0.01872653,-0.0349517,-0.01169339,0.02205718,-0.02259947,-0.0146561,0.02610016,-0.01042565,-0.01091397,0.03436852,CLOSE
-0.0353734,0.06908363,-0.0281294,-0.03600305,0.0178214,-0.0146853,-0.04104973,0.01305398,-0.006927878,-0.03564994,0.004763007,0.005048931,-0.03162566,0.004249394,0.01850998,CLOSE
-0.03952438,0.06659666,-0.01851562,-0.03529199,0.01688603,-0.01564157,-0.04005263,0.01226979,-0.007456541,-0.03417022,0.004409522,0.004944503,-0.02949231,0.003878802,0.01856631,CLOSE
-0.03508816,0.04237348,0.02905881,-0.04320934,0.01534441,-0.004134268,-0.04497363,0.006272674,0.00336653,-0.03408864,-0.004441857,0.009101301,-0.02632834,-0.006196946,0.0219115,CLOSE
-0.03667029,0.06869683,-0.02973124,-0.03674447,0.01683703,-0.01202229,-0.04160715,0.01184779,-0.005165726,-0.03523123,0.003944159,0.006692469,-0.03119088,0.003691167,0.02136895,CLOSE
-0.04040148,0.069543,-0.0318611,-0.0388446,0.01885307,-0.01199549,-0.04124692,0.0135828,-0.002853394,-0.03326,0.005754173,0.009595603,-0.02693133,0.005201906,0.02364194,CLOSE
-0.0312533,0.04729778,0.02628854,-0.03975281,0.02118251,-0.00744307,-0.04354722,0.01166937,0.0001331866,-0.03429763,-0.0006192029,0.006354183,-0.02848013,-0.003024936,0.01981583,CLOSE
-0.03014254,0.04539165,0.02865109,-0.03823773,0.02249414,-0.007958323,-0.04292765,0.01285642,-0.00105688,-0.03417032,-3.787875E-05,0.004687905,-0.02904078,-0.003444761,0.01847139,CLOSE
-0.02988601,0.04665142,0.02274904,-0.03586807,0.02035308,-0.01055464,-0.04145124,0.01335755,-0.005233377,-0.03362405,0.00120607,0.002239287,-0.0304044,-0.001802832,0.01747313,CLOSE
-0.03284755,0.05124196,0.01088411,-0.03458956,0.01808181,-0.009854287,-0.04130599,0.01218909,-0.007204086,-0.03540754,0.001086533,0.002269685,-0.03331867,7.31349E-05,0.01661476,CLOSE
-0.02776889,0.07705501,-0.02177531,-0.03509957,0.01916206,-0.01418984,-0.03809251,0.01074764,-0.005064994,-0.03155865,0.001513422,0.006563306,-0.02647123,0.00120002,0.02289805,CLOSE
-0.02488115,0.08014154,-0.02497932,-0.03564247,0.01958573,-0.0130046,-0.03800302,0.01054507,-0.003449559,-0.03094508,0.001457185,0.007340819,-0.02498936,0.0003785789,0.0244489,CLOSE
-0.02277733,0.08178985,-0.02329248,-0.03655922,0.01948285,-0.01115224,-0.03843109,0.0100449,-0.001906395,-0.03087411,0.0007853508,0.007960677,-0.02409521,-0.0002734363,0.02557337,CLOSE
-0.01778961,0.06506395,0.008836269,-0.02953227,0.02661172,-0.01566666,-0.03521832,0.01627731,-0.009346247,-0.03151734,0.004351258,1.764297E-05,-0.02963515,-0.0005366802,0.01797295,CLOSE
-0.03693236,0.06715769,0.01493615,-0.04547398,0.01876789,0.002242386,-0.04391742,0.01012319,0.01165575,-0.03516871,-0.002101958,0.01780838,-0.02674454,-0.009606361,0.0308826,CLOSE
-0.06054424,0.04066986,0.02836782,-0.05160817,0.02938062,0.07267052,-0.03445004,0.05456316,0.09796292,-0.01324809,0.008941531,0.06230056,0.01293392,0.02360809,0.08579516,CLOSE
-0.009849988,0.00071311,0.0707615,0.004850753,0.01950258,0.08178562,0.0135164,0.03384227,0.09052587,0.02480263,0.03462362,0.05960286,0.02819876,0.04777747,0.04652613,CLOSE
0.02680381,0.01488835,0.07610896,0.02976715,0.002312303,0.03609815,0.02965283,-0.002700031,0.01668683,0.02604516,0.002838373,0.002631634,0.02495687,0.01718873,-0.007573158,CLOSE
0.01741537,0.01687193,0.08057579,0.0251035,-0.005526215,0.0306226,0.02782557,-0.001675159,0.01249811,0.02382439,0.001861721,0.001053661,0.02262804,0.01415816,-0.008801311,CLOSE
-0.03892223,0.05546242,0.0007672012,-0.02925678,0.01712069,-0.01912582,-0.03488263,0.007093281,-0.01630861,-0.03107844,-0.003991723,-0.006132782,-0.03278106,-0.006535023,0.006995559,CLOSE
-0.04065984,0.04401374,0.006204754,-0.03167967,0.01939005,-0.02287051,-0.03641052,0.01215753,-0.02333349,-0.03158164,0.0003055632,-0.0144231,-0.03222324,-0.00334534,-0.0001098812,CLOSE
-0.04021498,0.04694015,0.001488179,-0.03192504,0.02084249,-0.0257149,-0.03627359,0.01206127,-0.02376667,-0.03269281,-0.0001273155,-0.01358983,-0.03347309,-0.003547728,0.0009529591,CLOSE
-0.04035652,0.04976845,0.0002144575,-0.03142028,0.02252373,-0.02581,-0.03650504,0.01397595,-0.02350128,-0.0334359,0.001358062,-0.01271039,-0.03424624,-0.002614886,0.002111614,CLOSE
-0.04098815,0.04810286,0.002013505,-0.03176866,0.02248165,-0.02483115,-0.03771823,0.01457301,-0.02242023,-0.03453892,0.001856267,-0.01154536,-0.03491028,-0.002034098,0.003321201,CLOSE
-0.04163827,0.03313741,0.02611449,-0.03759825,0.008829594,-0.01052836,-0.04134826,0.00202328,-0.005726784,-0.03284955,-0.00722146,0.003818959,-0.02897744,-0.007848233,0.01774791,CLOSE
-0.04070653,0.03339142,0.02708957,-0.03845249,0.006329536,-0.007606536,-0.04125518,-0.0002690852,-0.002791435,-0.03149045,-0.008700013,0.006630391,-0.02646677,-0.008661121,0.02016386,CLOSE
-0.04740964,0.03003928,0.03129071,-0.03513402,-0.0004190505,-0.003298223,-0.03329251,-0.009136409,0.006076872,-0.0220255,-0.01382735,0.01369926,-0.01516601,-0.01350859,0.02670386,CLOSE
-0.04686905,0.02063885,0.03759986,-0.03501877,-0.005832076,0.001252919,-0.03107172,-0.01361558,0.009780347,-0.0185662,-0.01611456,0.01644519,-0.01061113,-0.01383907,0.02871877,CLOSE
-0.0355511,-0.0006995201,0.05189198,-0.03389638,-0.0151931,0.008622617,-0.02743681,-0.02183399,0.01423371,-0.01387717,-0.02126697,0.01900697,-0.005469158,-0.01595536,0.02959847,CLOSE
-0.0358905,-0.02954602,0.05849117,-0.04133398,-0.03544104,0.02226818,-0.0375338,-0.03950256,0.0274258,-0.02581061,-0.03708473,0.03460497,-0.01252466,-0.02746683,0.03863445,CLOSE
-0.03256376,-0.02807289,0.05826753,-0.04366877,-0.03470102,0.02011895,-0.04030171,-0.03860641,0.02513182,-0.02738538,-0.03636053,0.03108358,-0.01446132,-0.02643079,0.03532708,CLOSE
-0.03287247,-0.03343117,0.05558932,-0.04415506,-0.03921881,0.01878202,-0.03860912,-0.04302695,0.0223119,-0.02445097,-0.03920233,0.02671278,-0.01350456,-0.02936584,0.03226095,CLOSE
-0.01659563,-0.04141575,0.05314153,-0.07280123,-0.02311844,0.06858498,-0.019203,-0.04480451,0.0118975,-0.003910515,-0.0370447,0.01377898,0.004551761,-0.02726758,0.02158481,CLOSE
-0.02241836,-0.03803223,0.05330175,-0.07895038,-0.008790195,0.07149714,-0.02006936,-0.04405165,0.01334345,-0.004137363,-0.03736606,0.01523805,0.004490387,-0.02798244,0.02273005,CLOSE
-0.02806153,-0.03328973,0.05413413,-0.07316344,-0.0126946,0.06179565,-0.02525192,-0.04135334,0.01428944,-0.008610766,-0.03659052,0.01635307,0.002253696,-0.0295642,0.0249123,CLOSE
-0.02526543,-0.0314576,0.05734658,-0.03650743,-0.03424293,0.01490918,-0.03497335,-0.03681847,0.01546282,-0.0185482,-0.03773326,0.02001423,-0.008044887,-0.03416991,0.02703807,CLOSE
-0.02462876,-0.03208557,0.05753258,-0.03627351,-0.03244403,0.01184437,-0.03657375,-0.03661725,0.01560965,-0.02154369,-0.03730339,0.01990762,-0.009887189,-0.03372636,0.02768525,CLOSE
-0.02102548,-0.02896625,0.06292278,-0.04363447,-0.0335637,0.01666549,-0.03547117,-0.03704566,0.02107021,-0.02285025,-0.0357779,0.02567014,-0.01413379,-0.02760485,0.03087312,CLOSE
-0.01255827,-0.03255475,0.06309825,-0.03839333,-0.0346415,0.01589036,-0.03027594,-0.03984129,0.0210259,-0.01685443,-0.03741926,0.02394778,-0.008934677,-0.02806413,0.02983397,CLOSE
-0.009347536,-0.03378999,0.06122899,-0.03575079,-0.03201628,0.01657259,-0.02709484,-0.03744495,0.01851869,-0.01274063,-0.03427029,0.02034217,-0.003530487,-0.02712613,0.02753514,CLOSE
-0.02856624,-0.02760461,0.05685607,-0.02923699,-0.03670382,0.01408204,-0.02469807,-0.04253417,0.01818851,-0.008625142,-0.03925553,0.02085415,0.002670854,-0.03135005,0.02845284,CLOSE
-0.03133348,-0.0348925,0.05412853,-0.04376794,-0.04011625,0.02099583,-0.03610859,-0.04389596,0.0225774,-0.02349105,-0.04434675,0.02782524,-0.008837491,-0.03625661,0.03222376,CLOSE
-0.0453726,-0.006067306,0.04954284,-0.04708918,-0.01417127,0.008905888,-0.04543182,-0.02177131,0.01698565,-0.04664241,-0.01590067,0.03449017,-0.03832832,-0.001520365,0.05388334,CLOSE
-0.04343453,-0.001774937,0.04707506,-0.04132962,-0.01763946,0.009486943,-0.03569326,-0.0237135,0.01379496,-0.02173609,-0.02323848,0.02071336,-0.01766964,-0.01580653,0.03249082,CLOSE
-0.04532623,-0.02883011,0.04688764,-0.04095579,-0.0302889,0.006036222,-0.03674627,-0.03663853,0.009975791,-0.02256929,-0.03491744,0.0146004,-0.01239172,-0.02797711,0.02391148,CLOSE
-0.0457309,-0.03479457,0.04116502,-0.03322157,-0.03849825,0.002022773,-0.0293297,-0.04213083,0.008284122,-0.01625493,-0.03545228,0.01698849,-0.009215422,-0.02452254,0.02722147,CLOSE
-0.05164303,-0.05165207,0.02870277,-0.0236506,-0.05138502,0.004532099,-0.01932657,-0.05422467,0.009662658,-0.007433217,-0.04447287,0.01717827,-0.002642598,-0.03206399,0.0263676,CLOSE
-0.06098248,-0.04405877,0.02481592,-0.03286357,-0.0496172,0.01129395,-0.01815382,-0.04795384,0.01103178,-0.004365876,-0.03697151,0.01620486,-8.235872E-05,-0.02568147,0.02651677,CLOSE
-0.05694555,-0.02608079,0.04901269,-0.0269554,-0.03866506,0.02675343,-0.01828068,-0.03955543,0.0307965,-0.002836982,-0.02941605,0.02884516,0.004672993,-0.01662952,0.03362781,CLOSE
-0.04651454,-0.01418987,0.06031004,-0.02032447,-0.03209466,0.03609559,-0.01119585,-0.030929,0.04123974,0.002860456,-0.021189,0.0350931,0.01057896,-0.007601827,0.03587279,CLOSE
-0.0455846,-0.00128603,0.05659482,-0.03169958,-0.02594715,0.03264606,-0.02357374,-0.0273253,0.03970134,-0.006703981,-0.0225462,0.03588954,0.004473759,-0.01212177,0.03753504,CLOSE
-0.04129492,0.003420502,0.05604374,-0.03920022,-0.02214113,0.02707747,-0.03135167,-0.02501968,0.0345242,-0.01421897,-0.02284884,0.03372622,-0.002313014,-0.01466343,0.03752658,CLOSE
-0.02605237,-0.004557252,0.06539172,-0.0287983,-0.02556103,0.0386337,-0.01973071,-0.02992651,0.0402016,-0.004503049,-0.02701813,0.03528297,0.007169843,-0.01789278,0.03518105,CLOSE
-0.02236478,-0.007430851,0.06856576,-0.0254436,-0.02722046,0.04082707,-0.01759785,-0.03149801,0.04207888,-0.002860196,-0.02934796,0.03659496,0.008702494,-0.02064359,0.03569838,CLOSE
-0.008762732,-0.02759418,0.06700116,-0.02139625,-0.03643903,0.03403533,-0.01706111,-0.04202715,0.03452158,-0.002602175,-0.03979698,0.02475661,0.01046741,-0.03203586,0.02458614,CLOSE
-0.00688009,-0.02977115,0.06520981,-0.0246817,-0.03410149,0.02804697,-0.01897553,-0.03952971,0.02770585,-0.003877357,-0.03638902,0.01850694,0.009869546,-0.0307931,0.02053651,CLOSE
-0.01155126,-0.02910575,0.06700134,-0.02538101,-0.03474104,0.02842897,-0.0198666,-0.03976706,0.02829802,-0.004408926,-0.03652197,0.01976874,0.009000286,-0.03053322,0.02191073,CLOSE
-0.05241844,-0.02940625,0.05231109,-0.0396853,-0.03888199,0.02012423,-0.03653121,-0.0441474,0.02461469,-0.01912112,-0.04142576,0.02575755,-0.007835679,-0.03270498,0.03106925,CLOSE
-0.04191405,-0.04059565,0.03961223,-0.02893479,-0.04459858,-0.0003231466,-0.0250508,-0.04865393,0.004649013,-0.01277833,-0.0414426,0.01332438,-0.009461123,-0.03147075,0.02297401,CLOSE
-0.03415551,-0.0530836,0.03259128,-0.01745287,-0.04655549,-0.007749498,-0.01224925,-0.05053583,-0.003637552,-0.001567099,-0.0419431,0.005053163,-0.0003570728,-0.03486374,0.01756173,CLOSE
-0.03473599,-0.05378276,0.03040966,-0.01640686,-0.0459508,-0.00895524,-0.01059909,-0.04973844,-0.004573405,-0.0001244321,-0.04127488,0.004080415,0.0005835127,-0.0346033,0.01703063,CLOSE
-0.03984599,-0.05322534,0.02765042,-0.01773497,-0.0465931,-0.008410245,-0.01157324,-0.05012479,-0.00332281,-0.001014465,-0.04153627,0.004941583,-0.0005592424,-0.0343501,0.01765627,CLOSE
-0.04682406,-0.04957315,0.02631786,-0.02402581,-0.04757529,-0.005751044,-0.01736345,-0.0508759,-0.0002995431,-0.006588116,-0.0439865,0.007740557,-0.004432596,-0.0349718,0.01935777,CLOSE
-0.05570276,-0.03356835,0.03901693,-0.03363919,-0.04486868,0.008740306,-0.02884147,-0.04792711,0.01456645,-0.01519282,-0.04103014,0.01943812,-0.008883024,-0.03063086,0.02827978,CLOSE
-0.05117514,-0.02740091,0.0489347,-0.04090679,-0.04267925,0.02146709,-0.03610825,-0.04556817,0.02442294,-0.01923886,-0.04060921,0.0259873,-0.009064956,-0.03055695,0.03145853,CLOSE
-0.04618442,-0.02682522,0.05484125,-0.03967309,-0.04207981,0.02945715,-0.03349796,-0.0454137,0.0308997,-0.0158855,-0.040429,0.02955055,-0.00499592,-0.02970704,0.03294402,CLOSE
-0.04190112,-0.01294312,0.06267369,-0.03652323,-0.03192407,0.03343707,-0.03215456,-0.0365186,0.03637782,-0.01638899,-0.03440103,0.03532609,-0.004215762,-0.02428862,0.03726488,CLOSE
-0.03306979,-0.008909315,0.06705919,-0.03236499,-0.02743104,0.02741379,-0.02720243,-0.03355443,0.03168786,-0.01330975,-0.03210622,0.0318504,-0.001634523,-0.02300298,0.03940198,CLOSE
-0.02902117,-0.01083836,0.06758031,-0.03307991,-0.02691779,0.02561745,-0.02672297,-0.03347689,0.02981132,-0.01315896,-0.03188851,0.02891043,-0.001831532,-0.02353194,0.03942931,CLOSE
-0.01851282,-0.01616484,0.06546775,-0.0332292,-0.02451724,0.01807195,-0.02445602,-0.0316653,0.02151018,-0.01011488,-0.02919355,0.01964816,-0.002433822,-0.02388138,0.03660887,CLOSE
-0.01179565,-0.01902372,0.06459114,-0.03308131,-0.02444249,0.01716831,-0.02439353,-0.03178096,0.02063337,-0.01028942,-0.02961621,0.01909748,-0.001047015,-0.02385685,0.03447992,CLOSE
-0.01472721,-0.01811761,0.06379601,-0.02943446,-0.02391124,0.01944041,-0.02588315,-0.03062084,0.02188128,-0.01062126,-0.02964506,0.02095005,-0.001102567,-0.02402994,0.03214461,CLOSE
-0.01566824,-0.01549274,0.0646334,-0.03269327,-0.02398536,0.02197674,-0.02826694,-0.03011659,0.02542445,-0.01341206,-0.02883992,0.02383107,-0.001999483,-0.0224176,0.03219026,CLOSE
-0.0157585,-0.01504406,0.06540793,-0.03405264,-0.02350378,0.02191651,-0.02941944,-0.02975616,0.02568847,-0.01469825,-0.02867225,0.02378386,-0.002296522,-0.02229777,0.0303165,CLOSE
-0.0336551,-0.01178804,0.06744656,-0.03390599,-0.02793589,0.02333963,-0.0329449,-0.03384766,0.02650928,-0.01837293,-0.03314701,0.02643439,-0.006988049,-0.02506703,0.03582689,CLOSE
-0.0368223,-0.01110959,0.06735954,-0.03338581,-0.02866539,0.02423316,-0.03281666,-0.03462341,0.02734026,-0.01845781,-0.03385577,0.02717987,-0.006809853,-0.02550438,0.0357545,CLOSE
-0.0386309,-0.01049513,0.06708211,-0.03372439,-0.02865618,0.02440029,-0.03340087,-0.03455842,0.02752468,-0.01906559,-0.03388384,0.02746075,-0.007084161,-0.02561262,0.03560483,CLOSE
-0.05355607,0.0004882514,0.06034505,-0.03530766,-0.02419198,0.02440751,-0.0332793,-0.03053874,0.02809021,-0.01790378,-0.0302909,0.02717778,-0.003774278,-0.02488247,0.0321925,CLOSE
-0.05843142,0.006330311,0.05406678,-0.03617157,-0.02113125,0.02255464,-0.0331351,-0.02759206,0.02642536,-0.01773392,-0.02754506,0.02624771,-0.003465407,-0.02296433,0.03172427,CLOSE
-0.05848157,-0.01426098,0.02354819,-0.03956019,-0.0256477,-0.005488098,-0.03485093,-0.03113741,0.0006324351,-0.02233629,-0.02901706,0.01099652,-0.016606,-0.02231771,0.02339339,CLOSE
-0.05853604,-0.03380445,0.02711168,-0.03233135,-0.03921223,-0.001827002,-0.02627321,-0.04234159,0.003630787,-0.01452455,-0.03567514,0.01337522,-0.0107105,-0.02684394,0.02488977,CLOSE
-0.0713667,-0.02070829,0.02046007,-0.04889078,-0.03267369,0.002812833,-0.0441164,-0.03848767,0.007592022,-0.0278293,-0.03622812,0.01445881,-0.01819328,-0.02860102,0.02416289,CLOSE
-0.06352499,0.03896144,0.03829849,-0.03833917,0.001797557,0.02406496,-0.03295196,-0.006803989,0.02957669,-0.01804368,-0.01290524,0.03046206,-0.003289446,-0.01326826,0.03482693,CLOSE
-0.05719238,0.0245617,0.04424372,-0.03414206,-0.004434973,0.01912135,-0.02644692,-0.01271868,0.02384442,-0.01086122,-0.01629278,0.02357596,0.003037423,-0.01569375,0.02936316,CLOSE
-0.05210822,0.01986519,0.04796964,-0.03428686,-0.006504059,0.01919425,-0.02698125,-0.01475617,0.02354357,-0.01148979,-0.01798895,0.02300999,0.002294272,-0.01698133,0.02882582,CLOSE
-0.03638596,0.008214802,0.05608606,-0.03612177,-0.01119798,0.01750833,-0.03110693,-0.01915428,0.02134919,-0.015576,-0.02198765,0.02135587,-0.002314359,-0.01974374,0.02816063,CLOSE
-0.03973456,0.01442546,0.05761921,-0.03563408,-0.01377463,0.01797813,-0.03244095,-0.0203056,0.02106762,-0.01647835,-0.02212533,0.02284348,-0.003839962,-0.01785111,0.0304046,CLOSE
-0.06611381,0.03021055,0.03500575,-0.03596077,-0.01146799,0.01611316,-0.02974875,-0.01844662,0.02030465,-0.01466245,-0.02038163,0.02185977,-0.001752794,-0.01793602,0.02978221,CLOSE
-0.0948431,0.03852367,-0.01869047,-0.03442207,-0.01226416,0.01664037,-0.02770054,-0.01923516,0.02071297,-0.0131925,-0.02087274,0.02179238,2.093613E-05,-0.01873109,0.02976781,CLOSE