-0.005830675,0.06152439,-0.03648379,-0.0007341355,0.1129917,0.01008424,-0.008360609,0.1182005,0.02560893,-0.01565482,0.1057953,0.03694585,-0.02020445,0.07808408,0.04819599,FOUR
-0.005863786,0.06227279,-0.03473482,-0.001309,0.1127337,0.01311779,-0.009501629,0.117432,0.02865669,-0.01702088,0.1047079,0.03937894,-0.02169938,0.07667875,0.04982296,FOUR
0.00158973,0.05861628,-0.03416619,0.001479812,0.1126325,0.01187366,-0.008823983,0.1191482,0.02261445,-0.01982696,0.1073591,0.02988556,-0.02898293,0.0798918,0.03882736,FOUR
-0.0008585975,0.05892229,-0.03406367,0.001019903,0.1126024,0.01233292,-0.009008162,0.1189544,0.02349141,-0.01960784,0.1070342,0.03113899,-0.02807837,0.0794664,0.04024795,FOUR
-0.005956754,0.06116667,-0.0340808,-0.001712695,0.1125783,0.01372722,-0.01205975,0.1175675,0.02787477,-0.02126051,0.1052226,0.0365665,-0.02701823,0.07735437,0.0458051,FOUR
-0.002501488,0.06187978,-0.03356597,-0.001465507,0.1121401,0.01645333,-0.01260546,0.1170208,0.02993414,-0.02219401,0.1047539,0.03737059,-0.02863719,0.0767605,0.04541883,FOUR
-0.002786025,0.06174034,-0.03344104,-0.002017766,0.1121647,0.0165579,-0.01312476,0.1169682,0.02996209,-0.02261661,0.1046176,0.03737989,-0.02883522,0.07657248,0.04538277,FOUR
-0.00386408,0.06157324,-0.03368926,-0.001872987,0.1123228,0.01584172,-0.01286575,0.1171707,0.02925786,-0.02211548,0.1048278,0.0369252,-0.02832236,0.07681143,0.04505956,FOUR
-0.004583001,0.06111744,-0.03432548,-0.002281375,0.1125222,0.01416489,-0.01328358,0.1175835,0.02731186,-0.02229702,0.1053338,0.03517696,-0.02852359,0.07742685,0.0435968,FOUR
-0.005535297,0.06077582,-0.03466916,-0.00258553,0.1126139,0.01312929,-0.01346852,0.1177946,0.02624547,-0.02227389,0.1055701,0.03443277,-0.02835492,0.07771572,0.04323167,FOUR
-0.007799588,0.06066045,-0.03537679,-0.00385125,0.1128999,0.01154736,-0.01454502,0.1178442,0.02531886,-0.0231576,0.1054012,0.03432173,-0.02859862,0.07748872,0.04402956,FOUR
-0.0087905,0.06050527,-0.03590521,-0.007127874,0.1125902,0.009938568,-0.01666744,0.117658,0.02343363,-0.02343214,0.1051956,0.03334913,-0.02712195,0.07750225,0.04403484,FOUR
-0.009505212,0.06054717,-0.03576598,-0.006420851,0.1127069,0.009337842,-0.01516082,0.1177916,0.02335715,-0.02153519,0.1052835,0.03407571,-0.02470473,0.07765883,0.04541156,FOUR
-0.01017709,0.05982223,-0.03756216,-0.006345868,0.1130639,0.006175339,-0.01458037,0.1183263,0.02102196,-0.02113219,0.1059024,0.03276974,-0.024189,0.07848218,0.04516342,FOUR
-0.01462291,0.05968526,-0.0375295,-0.002578378,0.1132215,0.005062461,-0.008600824,0.118865,0.02151546,-0.01383895,0.1067993,0.0346061,-0.01537878,0.07983431,0.04744753,FOUR
-0.02373569,0.05908343,-0.03667793,-0.001156576,0.1136415,0.001458645,-0.004777178,0.1194238,0.01872081,-0.007521704,0.1074109,0.03409696,-0.006854966,0.08084801,0.04751933,FOUR
-0.02411754,0.0587205,-0.03718281,-0.0007367805,0.1135806,6.15418E-05,-0.004217714,0.1196244,0.01725888,-0.006586887,0.1078665,0.03284568,-0.005974434,0.08152592,0.04640901,FOUR
-0.02349136,0.05877811,-0.03725162,-0.0009592175,0.1133776,0.001122802,-0.00527472,0.1193794,0.01821449,-0.008078977,0.1076039,0.03346363,-0.008010626,0.08130926,0.04660919,FOUR
-0.02359737,0.0587588,-0.03715432,-0.001403801,0.1133355,0.001316905,-0.005801328,0.1193262,0.01835361,-0.008616261,0.1075347,0.03354371,-0.008520268,0.08124268,0.04659832,FOUR
-0.0245126,0.06027305,-0.03537858,-0.0008900315,0.1134393,0.004251242,-0.005167924,0.1187894,0.02201334,-0.007991299,0.1064444,0.03745526,-0.008681126,0.07957724,0.04970005,FOUR
-0.0225535,0.05949929,-0.03432727,0.001081936,0.1137021,0.002063692,-0.003608495,0.1192614,0.01969343,-0.007469542,0.1070419,0.03519458,-0.008269526,0.08036637,0.04859233,FOUR
-0.02060021,0.06031314,-0.03563905,0.0004715547,0.1135083,0.003324091,-0.004328132,0.119019,0.02104929,-0.008273251,0.106763,0.03621724,-0.009827442,0.07986888,0.0496206,FOUR
-0.01927251,0.06103659,-0.03710276,-0.0001526102,0.1135007,0.00350073,-0.005028866,0.1189056,0.02149817,-0.008980796,0.1065871,0.03663757,-0.01091861,0.07959342,0.04989526,FOUR
-0.02109798,0.06009489,-0.03717503,0.0006026402,0.1135331,0.0015589,-0.003784373,0.1192287,0.01944846,-0.007157043,0.1072417,0.03476453,-0.008413397,0.08062986,0.04813683,FOUR
-0.02141653,0.05924818,-0.03750405,0.0003434047,0.1134575,0.0002837181,-0.0039993,0.1194556,0.01786056,-0.007171355,0.1077619,0.03308776,-0.008133948,0.08141908,0.04652509,FOUR
-0.02163284,0.05802858,-0.03816596,0.000279285,0.1133232,-0.001654953,-0.004066929,0.1197813,0.01549771,-0.007163294,0.1085018,0.03072241,-0.008216001,0.08248129,0.04445049,FOUR
-0.02091937,0.0578607,-0.03472611,0.0009335056,0.1125142,-0.001585931,-0.004871048,0.1198145,0.01377773,-0.007566407,0.1094071,0.0282355,-0.01170726,0.08362126,0.04109856,FOUR
-0.0206981,0.05747384,-0.03535905,0.0004448742,0.1123787,-0.002447218,-0.005132608,0.1199539,0.01241648,-0.007568978,0.1097898,0.02650958,-0.01137023,0.08413929,0.03950432,FOUR
-0.02070922,0.0573509,-0.03569877,0.000371851,0.1123432,-0.002722114,-0.00500305,0.1200084,0.01196131,-0.007342912,0.1099023,0.02589551,-0.01092775,0.08428061,0.03900307,FOUR
-0.02012713,0.05689704,-0.03763545,-0.0001502037,0.1124149,-0.003661871,-0.004633829,0.1201729,0.01093486,-0.006912455,0.110026,0.0248628,-0.009200439,0.08448282,0.03881881,FOUR
-0.01438528,0.05980018,-0.03505263,-0.0001672879,0.1131372,0.007572442,-0.006985828,0.118555,0.02375335,-0.01293611,0.1063129,0.03634271,-0.01558848,0.07901418,0.04878345,FOUR
-0.006043963,0.05919018,-0.03690463,-0.002227195,0.1127832,0.005405694,-0.01151598,0.1194105,0.01732951,-0.01886001,0.1080198,0.02654126,-0.02504963,0.08096677,0.03806287,FOUR
-0.003665194,0.05848214,-0.03486121,-9.411573E-05,0.112203,0.0110583,-0.01141945,0.1194208,0.01906887,-0.0204716,0.1082869,0.02413851,-0.03248098,0.08087873,0.0330722,FOUR
-0.01047906,0.05409163,-0.03626209,0.004228026,0.112073,0.01358834,-0.008236103,0.1196965,0.0196116,-0.01956608,0.1088651,0.02273586,-0.03454204,0.08223343,0.02675658,FOUR
-0.01165713,0.05412394,-0.03667262,0.004241884,0.1122744,0.01271898,-0.008378185,0.1197867,0.01871973,-0.019753,0.1088542,0.02225515,-0.03446027,0.08225381,0.02666262,FOUR
-0.01093808,0.05445999,-0.03655088,0.003722899,0.1123047,0.01265782,-0.008985855,0.1197412,0.01860166,-0.02037536,0.1087482,0.02209932,-0.03501418,0.08213031,0.02519119,FOUR
-0.01036197,0.0546298,-0.03647918,0.003541097,0.1123244,0.01247981,-0.009165064,0.1197447,0.01848194,-0.02055881,0.1087447,0.02195454,-0.03509934,0.08211297,0.02510932,FOUR
-0.009088859,0.05486137,-0.03651312,0.003061295,0.1123296,0.01189131,-0.009589098,0.1197773,0.01813132,-0.02093031,0.10879,0.02181423,-0.03511192,0.08210358,0.02560335,FOUR
-0.007869795,0.05533409,-0.03639507,0.004418872,0.1122795,0.01313707,-0.008338571,0.1197465,0.01895285,-0.01985341,0.1088567,0.02191129,-0.03508366,0.08227754,0.02433354,FOUR
-0.009284981,0.05548543,-0.03610346,0.004426084,0.1122303,0.01354572,-0.008206114,0.1196168,0.01977938,-0.01954155,0.1086902,0.02304655,-0.03467888,0.08205724,0.02566475,FOUR
-0.01146032,0.05508366,-0.03618619,0.002630666,0.1123293,0.01179445,-0.009693973,0.1196167,0.01892552,-0.02031691,0.1086495,0.02290308,-0.03455888,0.08180967,0.0267573,FOUR
-0.02125194,0.05840483,-0.03285506,0.002724022,0.1134179,0.009135842,-0.01058818,0.1185101,0.02339807,-0.02011852,0.1064311,0.03283799,-0.02804007,0.07904255,0.04075545,FOUR
-0.02298473,0.05961412,-0.03276491,0.004260555,0.1138559,0.009507656,-0.009714104,0.1179796,0.02632982,-0.02021942,0.1051767,0.03750548,-0.02980912,0.07717773,0.04583323,FOUR
-0.02754197,0.05944225,-0.03097993,0.01276462,0.1142747,0.009906888,-0.003466763,0.1170059,0.03091732,-0.0191998,0.1024998,0.04535878,-0.03503376,0.0734522,0.05297244,FOUR
-0.0315465,0.05692375,-0.02859578,0.01477496,0.1143234,0.009142816,-0.001627587,0.1170471,0.03063744,-0.01886003,0.1022952,0.0456236,-0.03623224,0.07334858,0.05274707,FOUR
-0.0351667,0.05417851,-0.02586174,0.01458085,0.114403,0.008753031,-0.001803242,0.1172279,0.02978504,-0.01876351,0.1025826,0.0447906,-0.03538649,0.07378939,0.05232453,FOUR
-0.03297273,0.05524692,-0.02864778,0.01153428,0.1147908,0.006468534,-0.004577793,0.1175076,0.02838519,-0.02126979,0.1024846,0.04415914,-0.0373321,0.07306528,0.05274308,FOUR
-0.0310564,0.05768073,-0.02798641,0.01230229,0.114657,0.007890642,-0.002371959,0.1171284,0.03053111,-0.01824445,0.1020252,0.04660857,-0.03403848,0.0726071,0.05536699,FOUR
-0.03135758,0.0580675,-0.02687559,0.01277347,0.1146618,0.0078035,-0.001410082,0.1170389,0.03089067,-0.01695909,0.1018144,0.04751366,-0.03272168,0.07237589,0.05649638,FOUR
-0.03296748,0.05826101,-0.02433133,0.01285024,0.1149224,0.005237281,8.641183E-05,0.1172699,0.02975541,-0.0143801,0.1017157,0.04841942,-0.02979767,0.07212204,0.05867532,FOUR
-0.03282914,0.0585171,-0.03081572,0.008886859,0.115145,-0.005293131,-0.00109078,0.1192732,0.01981533,-0.01148947,0.1050402,0.04171464,-0.02370922,0.07585314,0.05693984,FOUR
-0.03604013,0.06200442,-0.0234541,0.008445695,0.1143693,-0.01201797,0.00899075,0.1194651,0.0143787,0.00808721,0.1061848,0.03987902,0.001860149,0.07777253,0.06030485,FOUR
-0.03810164,0.05261165,0.01484367,0.003836133,0.1145922,-0.01009184,0.009294942,0.1185606,0.01605567,0.01105359,0.1042743,0.04155192,0.008871011,0.0748935,0.06248543,FOUR
-0.03883311,0.056894,-0.005253494,0.002403803,0.1147578,-0.009957105,0.003164977,0.1192124,0.01617461,0.0006624833,0.1053524,0.04041147,-0.003537044,0.07666796,0.06003058,FOUR
-0.03884003,0.05710784,-0.006994218,0.003631651,0.1148289,-0.009663254,0.003029577,0.1191623,0.01671135,-0.0005408749,0.1051602,0.04098827,-0.005755432,0.07638544,0.06034005,FOUR
-0.0343502,0.05829847,-0.02855554,0.006137334,0.114917,-0.008458078,-0.001074947,0.1197377,0.0161387,-0.007637359,0.1063868,0.03896514,-0.0166375,0.0779452,0.05629766,FOUR
-0.02559,0.05903229,-0.03784141,0.00504785,0.1147962,-0.002192944,-0.006468467,0.1194386,0.01843891,-0.01547618,0.1063506,0.03658998,-0.02476142,0.07824895,0.05081424,FOUR
-0.01025739,0.06031296,-0.03571126,0.00478062,0.1128659,0.01278397,-0.01106904,0.1182863,0.02450714,-0.02271137,0.106353,0.03155556,-0.03274079,0.079162,0.03783485,FOUR
-0.01034417,0.05609792,-0.03320274,0.002190679,0.1112634,0.01565275,-0.008863807,0.1189855,0.02266771,-0.01835915,0.1082898,0.02478519,-0.03291079,0.08139992,0.0300732,FOUR
-0.01057722,0.05505753,-0.03141063,-0.000295192,0.1112611,0.01251745,-0.009876624,0.1192612,0.01964724,-0.01871213,0.1085387,0.02297458,-0.03197436,0.08168697,0.0300993,FOUR
-0.01128639,0.05579308,-0.02978367,-0.001552194,0.1112069,0.01248798,-0.01085659,0.1189851,0.02033621,-0.01935293,0.1081169,0.02446195,-0.0310654,0.08108544,0.03260192,FOUR
-0.01221144,0.05784413,-0.0275341,-0.003049977,0.1111968,0.01361081,-0.01203714,0.1183716,0.02275765,-0.01987112,0.10711,0.02821648,-0.02888349,0.07967949,0.03781271,FOUR
-0.01371907,0.06004909,-0.02709317,-0.004379898,0.1111588,0.01456571,-0.01230036,0.117536,0.02584609,-0.01866854,0.1058677,0.03315228,-0.02600075,0.078141,0.0411194,FOUR
-0.01415024,0.06144631,-0.03074214,-0.007594295,0.1119624,0.01073515,-0.01386416,0.1171526,0.02553746,-0.01863949,0.1047918,0.03633887,-0.02128418,0.07719377,0.0469352,FOUR
-0.01697404,0.06116241,-0.03280562,-0.003183775,0.1128386,0.006984144,-0.007082358,0.1179004,0.02448601,-0.0107614,0.1054592,0.03802925,-0.011691,0.07830951,0.05058724,FOUR
-0.01474594,0.059733,-0.03399456,0.0001024082,0.1130106,0.005256534,-0.004424065,0.1189342,0.02142179,-0.00855498,0.1071191,0.03459585,-0.01048201,0.08019453,0.04748404,FOUR
-0.01787395,0.0589793,-0.03616387,-0.002068028,0.1131477,0.001257598,-0.006480493,0.1193147,0.0180195,-0.01014801,0.1077169,0.0321663,-0.01108495,0.081274,0.04587549,FOUR
-0.01792721,0.05831948,-0.03774068,-0.002396688,0.1130373,-0.001358122,-0.006999753,0.1196321,0.01533082,-0.0104331,0.1083958,0.03007609,-0.01164319,0.08229947,0.04428059,FOUR
-0.01705083,0.06003475,-0.03632045,-0.001249924,0.1127671,0.002771765,-0.005764738,0.1190409,0.01964408,-0.008722566,0.1075278,0.03400671,-0.01044005,0.08102837,0.04704008,FOUR
-0.02705375,0.06076071,-0.02751353,0.004843876,0.1133862,0.0005960763,0.003228083,0.1193177,0.01770678,0.001404911,0.1072764,0.03438956,0.0005752295,0.08069399,0.04851755,FOUR
-0.02914877,0.06153736,-0.02183795,0.003815122,0.1137468,0.001036346,0.003778897,0.1190404,0.01877218,0.00190106,0.1063569,0.03588736,0.00234054,0.07934949,0.05080017,FOUR
-0.03260385,0.06350383,-0.0004888177,0.00336796,0.1140034,0.008132368,0.008352421,0.1151481,0.03240371,0.002551083,0.09826264,0.05256805,0.0007347986,0.06752571,0.06814158,FOUR
-0.03912436,0.05207542,0.01784682,-0.002625506,0.1138579,0.005427778,0.003818426,0.1144668,0.03305024,-0.001784448,0.09568617,0.05604142,-0.004663344,0.06315044,0.07322496,FOUR
-0.04251635,0.03046665,0.03404734,-0.009232819,0.1122634,0.01254922,-0.000829801,0.1110161,0.04229814,-0.006114036,0.08907554,0.06556988,-0.01461031,0.05410209,0.07772917,FOUR
-0.04384822,0.02376482,0.0351266,-0.01157548,0.1127523,0.012541,-0.003645644,0.111936,0.04139978,-0.0103179,0.09009963,0.06368852,-0.01557816,0.05604041,0.07607013,FOUR
-0.03760751,0.0401293,0.03170183,0.00218533,0.1135653,0.01200703,0.008202367,0.1109085,0.0409725,0.003614441,0.09033331,0.06325811,-0.001996562,0.05651224,0.07755074,FOUR
-0.03722827,0.04247722,0.02989969,0.003304236,0.1141634,0.007683277,0.00881923,0.1122817,0.03684875,0.005667217,0.09255746,0.06028521,0.0002867207,0.05881223,0.07678011,FOUR
-0.03732729,0.04208747,0.02974895,0.003978454,0.1145248,0.004810929,0.00932119,0.1133047,0.03392959,0.007197641,0.09418958,0.05811954,0.002159014,0.06061283,0.07601613,FOUR
-0.0268466,0.06163022,-0.02567989,0.006392084,0.113712,-0.003488213,0.007120453,0.1197803,0.01323482,0.006712988,0.1080726,0.02998486,0.009199932,0.08163157,0.04562649,FOUR
-0.02337597,0.06066728,-0.0319545,0.01042931,0.1129205,-6.225705E-05,0.01025593,0.1196223,0.01448831,0.008857466,0.1081879,0.02930439,0.01070223,0.08175066,0.04342923,FOUR
-0.02338051,0.05975324,-0.0316669,0.01026674,0.1127207,0.0005457699,0.01049061,0.1196515,0.01453027,0.008537635,0.1083171,0.02876189,0.01028754,0.08194035,0.04271629,FOUR
-0.02248783,0.05820081,-0.03223649,0.005554184,0.1132449,-0.003731906,0.004840128,0.1201761,0.01167268,0.002667628,0.1090271,0.02752501,0.003392451,0.08305633,0.04314849,FOUR
-0.01476943,0.06090584,-0.03385413,0.006162733,0.1128899,0.007206887,0.001204841,0.1186391,0.02332157,-0.004036471,0.1066365,0.03651947,-0.007650472,0.0795911,0.04882646,FOUR
-0.01063501,0.05840263,-0.03800726,0.002251938,0.1131205,0.001639932,-0.00313665,0.1197489,0.01763755,-0.008198619,0.1086182,0.03045875,-0.01109076,0.08225629,0.04358858,FOUR
-0.01842291,0.05954647,-0.03644824,0.00415539,0.1133276,0.0007543564,-0.0001750514,0.1196111,0.01745734,-0.004472509,0.108049,0.03197196,-0.006285526,0.08170241,0.04577795,FOUR
-0.02101617,0.05989257,-0.03489479,0.003421746,0.1133874,0.0006804764,-0.0005750954,0.1194695,0.01756549,-0.004189976,0.1077231,0.03252533,-0.005613528,0.08131912,0.04643491,FOUR
-0.02297236,0.06020409,-0.03302744,0.002422057,0.1133967,0.0007826686,-0.001356341,0.1192923,0.01788253,-0.004426241,0.1073885,0.03323942,-0.005777702,0.08092898,0.04710445,FOUR
-0.02437783,0.06123745,-0.03017509,0.002385706,0.1133617,0.001433194,-0.0005757138,0.1189793,0.01881918,-0.002740704,0.106821,0.0348551,-0.004224971,0.0801926,0.04849824,FOUR
-0.02531658,0.06081787,-0.03175232,0.0003596991,0.1134778,-0.002065718,-0.002045982,0.1193551,0.01542416,-0.003547087,0.1074392,0.03270346,-0.004721969,0.08103976,0.04709083,FOUR
-0.02379385,0.05921468,-0.03354898,-0.0003325939,0.1133181,-0.00385651,-0.002694733,0.1197568,0.01319972,-0.004041411,0.108334,0.03054613,-0.004399978,0.08227894,0.04547599,FOUR
-0.02374891,0.05885595,-0.03313091,-0.001262084,0.1132569,-0.003693879,-0.003758639,0.1197524,0.01328197,-0.004940026,0.1084054,0.03037694,-0.005244218,0.08233413,0.04528853,FOUR
-0.02285415,0.05943885,-0.03277162,-0.001127936,0.1130933,-0.002251565,-0.004367873,0.1195234,0.01465806,-0.005803376,0.1081965,0.03114873,-0.007119283,0.08200973,0.0456312,FOUR
-0.02083725,0.05846694,-0.03478345,-0.002792053,0.1126543,-0.001407266,-0.007378086,0.1195213,0.01453835,-0.009202406,0.1086956,0.02918249,-0.01039691,0.08278787,0.04305935,FOUR
-0.01873981,0.05841967,-0.03650457,-0.002151467,0.1126143,-0.002099931,-0.007243678,0.1197213,0.01353651,-0.009321637,0.109214,0.02765387,-0.01028813,0.0835537,0.04190114,FOUR
-0.01752768,0.05805609,-0.03792009,-0.001865305,0.1126493,-0.002579838,-0.007333562,0.1198296,0.01292837,-0.009700596,0.1094009,0.0269469,-0.01074114,0.08380961,0.04121575,FOUR
-0.01485987,0.05754963,-0.0396117,-0.001795597,0.1126136,-0.002216101,-0.008111879,0.1198279,0.01279038,-0.01102632,0.1093781,0.02659634,-0.01257035,0.08371967,0.0404287,FOUR
-0.01731434,0.05767402,-0.039377,-0.002511851,0.1125869,-0.002960861,-0.00828705,0.1196896,0.01258278,-0.01068011,0.1092018,0.02690756,-0.01178298,0.08363444,0.04074705,FOUR
-0.02152036,0.06011301,-0.03362921,-0.003138818,0.1123405,0.0007196963,-0.006936409,0.1189658,0.01724946,-0.007439144,0.1080418,0.0322426,-0.008751892,0.08194849,0.04519713,FOUR
-0.02217091,0.06049204,-0.03278127,-0.003582805,0.1122895,0.00133127,-0.007079102,0.1187883,0.0180155,-0.007319666,0.1077364,0.03317246,-0.008616857,0.08154404,0.0459716,FOUR
-0.02219405,0.06063887,-0.033095,-0.004795685,0.1121955,0.0008712709,-0.008443035,0.1186781,0.01760432,-0.008673534,0.1076154,0.03313437,-0.01023977,0.08140135,0.04592863,FOUR
-0.02238796,0.06078336,-0.03269818,-0.004608639,0.1122167,0.00107339,-0.00826101,0.1186371,0.01784578,-0.008574419,0.1075045,0.03337273,-0.01018605,0.08124012,0.04619026,FOUR
-0.02770459,0.06078285,-0.02786562,-0.004968628,0.112911,2.43187E-05,-0.006617785,0.1187165,0.01772574,-0.006418884,0.1068226,0.03466383,-0.006079607,0.08015633,0.04904267,FOUR
-0.02795028,0.06043974,-0.02799779,-0.004992567,0.1129966,-0.0006929636,-0.006809711,0.118816,0.01706302,-0.006841771,0.1069418,0.03413802,-0.00651487,0.08031139,0.04871994,FOUR
-0.02794237,0.06014901,-0.02844495,-0.00507322,0.113037,-0.001396447,-0.006889492,0.1189353,0.01637292,-0.007008627,0.1071303,0.03348896,-0.006599359,0.08058405,0.04820114,FOUR
-0.02608019,0.05979854,-0.02909806,-0.004771389,0.1129138,-0.001537263,-0.006602332,0.1190452,0.01611283,-0.006796613,0.1074704,0.03281429,-0.006711096,0.08105418,0.04716134,FOUR
-0.0228345,0.05993584,-0.03322929,-0.004491799,0.1125406,0.0002945662,-0.008288011,0.1187471,0.01738173,-0.009493813,0.1073666,0.03313005,-0.01062395,0.08095875,0.04681075,FOUR
-0.01890931,0.05840704,-0.03633624,-0.0009674728,0.112517,0.002278417,-0.006416112,0.1194683,0.01699346,-0.009988405,0.1085176,0.02977678,-0.01229438,0.08220947,0.04292876,FOUR
-0.01881698,0.05803379,-0.03670865,-0.0008939803,0.1127094,0.001876891,-0.006377421,0.1195641,0.01680338,-0.01019579,0.1085281,0.02966347,-0.01235192,0.08218193,0.04295647,FOUR
-0.01912714,0.05776051,-0.03651249,-0.001209952,0.1128941,0.002091229,-0.006656133,0.1195537,0.01717329,-0.01059806,0.1083304,0.03004977,-0.01247446,0.08185682,0.04337835,FOUR
-0.01927419,0.05719954,-0.03632882,-0.002069302,0.1129325,0.00163278,-0.007649474,0.119607,0.01644504,-0.01157788,0.1083741,0.02929673,-0.01332574,0.08192477,0.04274726,FOUR
-0.01943331,0.05662483,-0.03643745,-0.002722614,0.1129181,0.000747025,-0.00850527,0.1197158,0.01519948,-0.01241314,0.1085786,0.02799213,-0.01406968,0.0822463,0.04162127,FOUR
-0.02028422,0.05589446,-0.03417265,-0.004155748,0.1126231,0.0002699792,-0.01004777,0.1197745,0.0133135,-0.01342264,0.1088488,0.02533388,-0.01493011,0.08269438,0.03873813,FOUR
-0.01951981,0.05582744,-0.03303549,-0.004309721,0.112232,-0.0003968477,-0.01026536,0.1199067,0.011309,-0.01337019,0.1093293,0.02251419,-0.0164896,0.08324322,0.03646493,FOUR
-0.01837048,0.05873722,-0.02977729,-0.004110798,0.1116903,0.006869495,-0.01006895,0.1191313,0.01860875,-0.01336323,0.1083108,0.02782416,-0.01898248,0.08121198,0.04011962,FOUR
-0.01412145,0.05993217,-0.03130147,-0.001544997,0.1124176,0.007848322,-0.008371018,0.1190551,0.02100587,-0.01413023,0.1076483,0.03097695,-0.01913464,0.08042532,0.04245985,FOUR
-0.009186082,0.05695409,-0.0354386,-0.0016471,0.1117049,0.007932603,-0.01032498,0.1197057,0.01665068,-0.01838032,0.1088066,0.0242843,-0.02818323,0.08175719,0.03501016,FOUR
-0.00891602,0.05634427,-0.03620762,-0.002094798,0.1113022,0.009855837,-0.01084404,0.119592,0.01731473,-0.01926792,0.1086703,0.02425945,-0.03032211,0.08145174,0.03416812,FOUR
-0.01095913,0.05759224,-0.03425479,-0.003182068,0.1095817,0.01901138,-0.01270087,0.1181659,0.0238848,-0.02136295,0.1070332,0.02819183,-0.03400624,0.07953185,0.03256142,FOUR
-0.01209606,0.05832237,-0.03314832,-0.003414132,0.1091501,0.0208137,-0.01300997,0.1176699,0.02578861,-0.02154716,0.1065259,0.02957517,-0.03386746,0.07896602,0.03359187,FOUR
-0.01380406,0.06050065,-0.03004238,-0.004732668,0.1081296,0.02457693,-0.01443917,0.1161897,0.0306209,-0.02211089,0.1049561,0.03410029,-0.03308889,0.07713988,0.03768456,FOUR
-0.01329166,0.0614371,-0.02905163,-0.00582739,0.1078808,0.02515927,-0.01531095,0.1157089,0.03173974,-0.02266408,0.1043534,0.03533381,-0.03232821,0.07627299,0.04130217,FOUR
-0.01283969,0.06212825,-0.02853665,-0.007728793,0.1081727,0.02475047,-0.01761286,0.115188,0.03225332,-0.02446908,0.1037603,0.03564003,-0.03354317,0.07552463,0.04150268,FOUR
-0.01165143,0.06891757,-0.01216644,-0.01076078,0.104064,0.04076299,-0.01832773,0.1062272,0.05408338,-0.02518012,0.09307897,0.05662951,-0.03272804,0.06388116,0.0574517,FOUR
-0.01045835,0.07045087,-0.01432472,-0.01299792,0.1055205,0.03619298,-0.02196528,0.1075877,0.04930982,-0.02959828,0.09462845,0.05078858,-0.03763186,0.06554976,0.05142891,FOUR
-0.01151349,0.07019743,-0.01655024,-0.01213209,0.1058765,0.03500128,-0.0223941,0.109139,0.04494017,-0.03039616,0.09649265,0.04567477,-0.04019215,0.06765783,0.04507154,FOUR
-0.007327452,0.07035899,-0.01639739,-0.00923343,0.1054194,0.0364649,-0.02049205,0.1095249,0.04504251,-0.0287674,0.09760255,0.04418445,-0.04005156,0.06950629,0.04199362,FOUR
-0.005376413,0.06214875,-0.03308153,-0.0081423,0.1158277,0.02320316,-0.01882754,0.1257368,0.02311048,-0.0276516,0.1147143,0.02140641,-0.04082366,0.08611107,0.02107516,FOUR
-0.008268692,0.05917153,-0.03654706,-0.006100819,0.1166226,0.02234766,-0.01730313,0.126459,0.02181107,-0.02708344,0.1154752,0.02059498,-0.04067164,0.08714032,0.01930171,FOUR
-0.009845138,0.05785975,-0.03774509,-0.004774012,0.117034,0.02170175,-0.01614984,0.1267752,0.02140293,-0.02638543,0.115797,0.02060047,-0.04062207,0.08746755,0.02069291,FOUR
-0.01073559,0.05681562,-0.03870076,-0.004001647,0.1172705,0.02132702,-0.0155143,0.1269628,0.02099448,-0.02597848,0.1160214,0.02034837,-0.04044506,0.08784869,0.01943293,FOUR
-0.02070426,0.05537719,-0.03912041,-0.006072335,0.1177823,0.01617557,-0.01749107,0.1270498,0.01840901,-0.02622718,0.1157483,0.02081662,-0.03956304,0.08689424,0.02307162,FOUR
-0.02051071,0.05754051,-0.03895381,-0.007429063,0.1180269,0.01325929,-0.01842805,0.1269616,0.01797131,-0.02649623,0.1154999,0.02195957,-0.03803115,0.08634958,0.02685535,FOUR
-0.01862292,0.06062511,-0.03744808,-0.00815367,0.1184289,0.01243412,-0.01913083,0.1266163,0.01939008,-0.02686314,0.1148597,0.02453071,-0.03628436,0.08555818,0.03096259,FOUR
-0.01509789,0.06226513,-0.03700045,-0.007604972,0.1188543,0.01169991,-0.01904786,0.1265193,0.02001393,-0.02667116,0.1147129,0.02586788,-0.0349792,0.08550084,0.03286684,FOUR
-0.01542687,0.06150246,-0.03871715,-0.007467285,0.1203903,0.002811044,-0.0152688,0.1271813,0.01784149,-0.01988532,0.1149319,0.03092593,-0.02127558,0.08635154,0.04530603,FOUR
-0.01547876,0.06115913,-0.03949216,-0.005780816,0.1205094,0.001724184,-0.0136589,0.1275476,0.01682302,-0.01845814,0.1154783,0.03035587,-0.02013029,0.08705729,0.04496875,FOUR
-0.02165954,0.06159353,-0.03786778,-0.0009387955,0.1200614,0.001683682,-0.008082047,0.1278875,0.01745462,-0.01167103,0.1165063,0.03173441,-0.01444701,0.08869755,0.04434219,FOUR
-0.02249338,0.06142572,-0.03739312,-0.003153346,0.1202066,0.0008674264,-0.01056875,0.1277994,0.01671049,-0.01402026,0.1163298,0.03092864,-0.01611844,0.08843464,0.04416436,FOUR
-0.02135244,0.06181774,-0.0369924,-0.00418137,0.1203252,0.001978755,-0.01235253,0.12751,0.01774088,-0.01637731,0.1157111,0.03182933,-0.01847179,0.08756593,0.04510462,FOUR
-0.0261899,0.05974144,-0.03718603,-0.00191287,0.120115,-0.001175433,-0.007763073,0.1282276,0.01422918,-0.01023413,0.1171886,0.0283336,-0.01078286,0.08974743,0.04169673,FOUR
-0.02567822,0.06048387,-0.03640828,-0.002004765,0.1201151,0.0005193353,-0.007925466,0.1280015,0.01603323,-0.0104631,0.1167555,0.03006861,-0.01118783,0.08911458,0.04306456,FOUR
-0.02556798,0.06086588,-0.03598258,-0.002110951,0.1201197,0.001188248,-0.00807105,0.127891,0.01678702,-0.01059476,0.1165468,0.03085738,-0.01152934,0.08880094,0.04362798,FOUR
-0.02627674,0.06166434,-0.03504843,-0.0030872,0.1200413,0.002527416,-0.008890428,0.1275773,0.01835319,-0.01094814,0.1160612,0.03248063,-0.01249612,0.08814687,0.0443143,FOUR
-0.02644841,0.06172183,-0.03505149,-0.003252812,0.1200395,0.00255844,-0.009117372,0.1275503,0.01838541,-0.01115408,0.1160304,0.03249171,-0.01289541,0.08809349,0.0441573,FOUR
-0.02819332,0.06100896,-0.03543907,-0.003051482,0.1203069,-0.0001809895,-0.008669503,0.1279638,0.01575002,-0.01096494,0.1165178,0.03046441,-0.01234378,0.08871368,0.04297936,FOUR
-0.02885711,0.06090844,-0.03520015,-0.001720965,0.1205061,-0.001388133,-0.00712464,0.1281857,0.01487806,-0.009850278,0.1166906,0.03006962,-0.01128222,0.08893523,0.04321954,FOUR
-0.03320118,0.0628548,-0.0270735,0.01040421,0.1214005,-0.006816953,0.004858792,0.1283491,0.01490939,-0.001908652,0.1159749,0.03488594,-0.009695999,0.08744094,0.05113721,FOUR
-0.03519849,0.06322703,-0.02430236,0.0119223,0.1215318,-0.007888258,0.006498531,0.1281809,0.01551512,-0.0008945018,0.115414,0.03695089,-0.00999184,0.08643651,0.05400816,FOUR
-0.04350097,0.06169719,-0.01354375,0.01374431,0.1220466,-0.0124065,0.009250186,0.1274977,0.01808596,-0.0004483983,0.1123682,0.04580459,-0.01317155,0.08001497,0.067047,FOUR
-0.04547234,0.0607062,-0.01361078,0.01350179,0.1220363,-0.01525402,0.00871402,0.127607,0.01734588,-0.002382912,0.111933,0.04685158,-0.01636314,0.07846224,0.06924394,FOUR
-0.04483377,0.06134358,-0.01647282,0.01469578,0.1219099,-0.01670778,0.009383097,0.1275738,0.0172444,-0.003220364,0.1115569,0.04780373,-0.01852473,0.07761064,0.07026428,FOUR
-0.04464382,0.06055808,-0.01579964,0.01426326,0.1218907,-0.01613602,0.009304509,0.1276307,0.0170691,-0.002482615,0.1119547,0.04716814,-0.01735776,0.07877094,0.0689936,FOUR
-0.04444729,0.06051239,-0.01594663,0.01407013,0.1218589,-0.01617366,0.009233154,0.1276757,0.01679277,-0.00214918,0.1121489,0.0467805,-0.0167992,0.07918698,0.06856197,FOUR
-0.0432594,0.06089458,-0.0174441,0.0131757,0.1217805,-0.01571402,0.008735821,0.1277606,0.01647532,-0.001074538,0.1126485,0.04592657,-0.01514691,0.08027342,0.06740478,FOUR
-0.04321703,0.0607473,-0.01699644,0.01284318,0.1218092,-0.01514557,0.008317381,0.1277388,0.01674563,-0.001122497,0.1126571,0.04591754,-0.01504311,0.08036551,0.06718937,FOUR
-0.04264335,0.06130537,-0.01779357,0.01281103,0.1218852,-0.01371303,0.00754232,0.1275676,0.01781398,-0.002022862,0.1123093,0.04659852,-0.01620757,0.0798234,0.06751075,FOUR
-0.04247357,0.06128648,-0.01888585,0.01266699,0.1219037,-0.01321292,0.006749421,0.1275183,0.01826245,-0.003304593,0.1121493,0.04696077,-0.01806607,0.07947892,0.06757212,FOUR
-0.04174554,0.06167644,-0.02200252,0.009173416,0.1218801,-0.01347527,0.002618961,0.1277765,0.01668367,-0.006131396,0.1129559,0.04458791,-0.0200958,0.08055863,0.06527361,FOUR
-0.04026189,0.06206369,-0.02429622,0.007421277,0.1218293,-0.01290309,0.0005023777,0.1278782,0.01567143,-0.006972566,0.1135525,0.04272622,-0.01987258,0.08150259,0.06359732,FOUR
-0.03688047,0.06390676,-0.02904466,0.005225964,0.1219106,-0.009724498,-0.00179407,0.12755,0.01718846,-0.008145228,0.1132065,0.04276744,-0.01906952,0.08137906,0.06314635,FOUR
-0.01574461,0.06279367,-0.03805709,-0.002291925,0.1203659,0.001547396,-0.007350884,0.1279072,0.01775202,-0.01141162,0.1161305,0.03152609,-0.01234151,0.08808684,0.0452826,FOUR
-0.01638716,0.06225207,-0.03866175,-0.002739884,0.1204293,9.456277E-05,-0.007865988,0.1280591,0.01628792,-0.01175519,0.1163889,0.03034255,-0.01240724,0.0884912,0.04445362,FOUR
-0.01639179,0.06135908,-0.03970554,-0.002910934,0.1204559,-0.001503736,-0.008618727,0.1282248,0.01430777,-0.01248458,0.1167349,0.02859583,-0.013002,0.08910027,0.04293972,FOUR
-0.01513094,0.06191343,-0.03910518,-0.003378704,0.1205111,0.0003431141,-0.00957042,0.1279807,0.01620302,-0.01409039,0.1161953,0.03017345,-0.0149666,0.08828142,0.04412389,FOUR
-0.01350277,0.06219825,-0.03916281,-0.003801912,0.1204813,0.0008220375,-0.01028964,0.1278905,0.01657352,-0.01509332,0.1160642,0.03020194,-0.01629639,0.08805856,0.04401079,FOUR
-0.01260328,0.06235564,-0.03745791,-0.002846263,0.1202855,0.002007037,-0.008558892,0.1277831,0.01762423,-0.01284713,0.1161017,0.030655,-0.01422182,0.08796412,0.04430616,FOUR
-0.01439366,0.06177232,-0.03773624,-0.002716467,0.1203093,0.0004245639,-0.007875793,0.1280048,0.01609302,-0.01156333,0.1165011,0.02950448,-0.01239906,0.08855075,0.04357463,FOUR
-0.01559412,0.06130722,-0.03817376,-0.002540112,0.1202893,-0.000674367,-0.007538818,0.1281603,0.01494569,-0.01098389,0.1167936,0.02865675,-0.01166141,0.08900401,0.04298407,FOUR
-0.01514521,0.06152731,-0.03827795,-0.002786845,0.1202499,0.0002603531,-0.00827352,0.128037,0.01587042,-0.01201631,0.1165822,0.02948293,-0.01286879,0.0887202,0.04352829,FOUR
-0.0148604,0.06157693,-0.03850681,-0.003037997,0.1202317,0.0002961159,-0.008661501,0.1280178,0.0158723,-0.01252122,0.1165504,0.02945024,-0.01339181,0.0886893,0.04348838,FOUR
-0.01462195,0.06173551,-0.03863481,-0.002915718,0.1202403,0.0005342662,-0.008611828,0.1279988,0.01613554,-0.01262314,0.1164892,0.02970162,-0.01358192,0.08860132,0.04369184,FOUR
-0.01421469,0.06179771,-0.03900683,-0.002566986,0.1202722,0.0004196763,-0.008305617,0.1280438,0.01605597,-0.01252533,0.1165249,0.0296734,-0.01361711,0.08865204,0.04368472,FOUR
-0.01345013,0.06212908,-0.03937665,-0.002262242,0.1203117,0.0008291304,-0.007981397,0.1280184,0.01663226,-0.01254296,0.1164019,0.03031906,-0.01378509,0.08847913,0.04419774,FOUR
-0.01502108,0.06338167,-0.03819701,0.0001451373,0.1204733,0.003004551,-0.005026706,0.127831,0.01940876,-0.009578496,0.115874,0.03334296,-0.01077428,0.087681,0.04667354,FOUR
-0.0187374,0.06403789,-0.03710884,0.0007175729,0.1203984,0.005293965,-0.003998272,0.1273724,0.02209789,-0.007745005,0.1151713,0.03589356,-0.008321702,0.08670855,0.04893681,FOUR
-0.01927531,0.06418675,-0.03688991,-7.978082E-05,0.1204015,0.005627453,-0.004698582,0.1272739,0.02245185,-0.008256219,0.1149614,0.0363403,-0.008370116,0.08647496,0.04933205,FOUR
-0.01916591,0.06485412,-0.03699663,-0.0003615171,0.1203431,0.006087482,-0.004839636,0.1271213,0.02301204,-0.008207679,0.1146933,0.0370816,-0.008159615,0.08617514,0.04999679,FOUR
-0.01899073,0.06559846,-0.03526655,-0.0003233403,0.120238,0.00766319,-0.00462649,0.1266626,0.02489093,-0.00757575,0.1140521,0.03895465,-0.007551126,0.08531862,0.05146724,FOUR
-0.01691806,0.06515631,-0.03717285,-0.001918897,0.1202522,0.007109433,-0.007366247,0.1267689,0.02410808,-0.01135174,0.1142689,0.03755715,-0.01188794,0.08561915,0.0502021,FOUR
-0.0142929,0.0645844,-0.03686869,-0.002861686,0.1203181,0.006781638,-0.009286374,0.1268473,0.02319574,-0.01454349,0.1142078,0.03665143,-0.0158309,0.08555645,0.0492996,FOUR
-0.01228204,0.06460768,-0.03671783,-0.002738483,0.1202397,0.007686049,-0.009632729,0.1267591,0.02381516,-0.01539742,0.1141303,0.03674304,-0.01728508,0.08540222,0.048989,FOUR
-0.009729631,0.06541893,-0.0349271,-0.002963588,0.1199135,0.01206496,-0.01042665,0.1260038,0.02781048,-0.01679333,0.1131525,0.0391978,-0.01966502,0.08389053,0.05022594,FOUR
-0.005957529,0.06317905,-0.03620785,-0.004757151,0.1198551,0.00629285,-0.01219463,0.1273622,0.01943105,-0.01826534,0.1153652,0.03058997,-0.0217604,0.08664668,0.04282722,FOUR
-0.001577742,0.06090426,-0.03662488,0.001179323,0.1199919,0.003546655,-0.006598279,0.1286672,0.01456392,-0.01448297,0.1173974,0.02482015,-0.02115773,0.08918661,0.03749087,FOUR
-0.001331821,0.06071302,-0.03564104,0.003689967,0.1199537,0.005780637,-0.00409174,0.1286445,0.01685926,-0.01261189,0.1173874,0.02649593,-0.02032168,0.08902895,0.03869766,FOUR
-0.005807757,0.05902556,-0.03746957,0.006320454,0.1192689,0.009279191,-0.002265118,0.1284853,0.0186272,-0.01187491,0.1175705,0.02643466,-0.02179071,0.08944646,0.03672543,FOUR
-0.003465973,0.05917805,-0.03747356,0.004202269,0.1197376,0.005516022,-0.003560208,0.1288591,0.0152002,-0.01316646,0.1177802,0.02383637,-0.02246542,0.0897148,0.03540888,FOUR
-0.001076229,0.0595043,-0.03741997,0.005428366,0.1196312,0.005963534,-0.002521522,0.1288182,0.01564252,-0.01201051,0.1178444,0.02439067,-0.021376,0.08982748,0.03599486,FOUR
-0.0003461987,0.0591006,-0.03766081,0.006085768,0.1196648,0.005487174,-0.001847923,0.1289454,0.0148634,-0.01161181,0.1180504,0.02343297,-0.02171241,0.0901351,0.03500122,FOUR
-0.001656905,0.05878162,-0.03802925,0.006676808,0.1194962,0.008276016,-0.002680846,0.1287729,0.01668301,-0.01318239,0.1178639,0.02441752,-0.02397217,0.08986557,0.03433886,FOUR
-0.003670193,0.05966288,-0.03784084,0.006749861,0.1192529,0.01043299,-0.00271444,0.1283736,0.01941401,-0.0129316,0.1173473,0.02728596,-0.02261633,0.08916479,0.03705564,FOUR
-0.003881186,0.05975541,-0.03781962,0.006637163,0.1192591,0.01031852,-0.002807274,0.1283569,0.0194369,-0.01270556,0.1173438,0.02733535,-0.02231948,0.08914241,0.03728119,FOUR
-0.003736883,0.05987257,-0.03752035,0.006191634,0.1193009,0.009476602,-0.003138319,0.1283923,0.0188399,-0.01232705,0.117453,0.02676499,-0.02179455,0.0892804,0.03714147,FOUR
-0.001635082,0.0589751,-0.03768921,0.005246356,0.11988,0.003763229,-0.002373151,0.1290559,0.01354164,-0.01199484,0.1180852,0.02262366,-0.02139894,0.09021598,0.03468251,FOUR
-0.002881877,0.05917427,-0.0380401,0.005589776,0.1198389,0.00412637,-0.002097659,0.1289778,0.01437339,-0.01122744,0.1180372,0.02387577,-0.01970911,0.09011534,0.03623956,FOUR
-0.003141411,0.05955112,-0.03794342,0.005973987,0.1197522,0.005304843,-0.002061263,0.1288131,0.01579911,-0.01090968,0.1178698,0.02526397,-0.01905919,0.08984372,0.03744373,FOUR
-0.002596229,0.05953166,-0.03828108,0.006289676,0.1196375,0.0058918,-0.002179697,0.1287637,0.01623544,-0.01100966,0.1179112,0.02540538,-0.01936702,0.08989072,0.03730863,FOUR
-0.005194984,0.05872375,-0.03837675,0.007500798,0.1192445,0.008237988,-0.001966491,0.1287961,0.01634902,-0.01248264,0.1181142,0.02316773,-0.0237251,0.09041291,0.03228712,FOUR
-0.007363334,0.05857781,-0.03765842,0.008227393,0.1192202,0.007791996,-0.000994429,0.1288418,0.01537651,-0.01119947,0.1182479,0.02226418,-0.0227498,0.09069207,0.03235981,FOUR
-0.008129999,0.05900604,-0.03752047,0.007572502,0.1192388,0.008662373,-0.001781248,0.1286952,0.01679143,-0.01174299,0.1179578,0.02405405,-0.02264789,0.09017152,0.03424293,FOUR
-0.004103586,0.05946273,-0.03657138,0.007482409,0.1190904,0.009026647,-0.001876391,0.1287139,0.01662424,-0.01211365,0.1181106,0.02285928,-0.02407584,0.09042478,0.03237507,FOUR
-0.008295037,0.05816957,-0.03429562,0.005375251,0.119017,0.009752452,-0.003284,0.1286946,0.01628828,-0.01295133,0.1179085,0.02206567,-0.02634556,0.09006256,0.03107628,FOUR
-0.006857075,0.0580312,-0.03501129,0.004633285,0.1190246,0.009945869,-0.004503176,0.1287547,0.01561165,-0.01440764,0.1179544,0.0210191,-0.02840456,0.09010333,0.02922708,FOUR
-0.006576486,0.0579803,-0.03565902,0.004151009,0.1188695,0.01076499,-0.005248383,0.1286925,0.01598313,-0.01486387,0.1179696,0.02118385,-0.02967998,0.09007666,0.02733576,FOUR
-0.007161565,0.05811077,-0.03543609,0.003804445,0.1188393,0.01093102,-0.005582854,0.1285961,0.01658821,-0.01492465,0.1178696,0.02186388,-0.02939229,0.08988759,0.02813518,FOUR
-0.008439071,0.05947345,-0.03806698,0.001241103,0.1192056,0.008838981,-0.008122578,0.1284716,0.01558393,-0.01702601,0.1174017,0.022192,-0.02937436,0.08910212,0.03147325,FOUR
-0.009826422,0.06038138,-0.03791842,-0.000181444,0.1192831,0.009536177,-0.009650387,0.1281474,0.01708505,-0.01805869,0.1168085,0.02420512,-0.02892509,0.08815998,0.03459272,FOUR
-0.009604737,0.0626404,-0.03663164,-0.001684919,0.1193421,0.01189458,-0.0116802,0.127336,0.02109343,-0.02002975,0.1155278,0.02865463,-0.02905432,0.08653086,0.03717998,FOUR
-0.009141348,0.06265521,-0.03744322,-0.002881378,0.1195595,0.01051661,-0.01325503,0.1273566,0.01986784,-0.02183075,0.1154497,0.0276109,-0.02984904,0.08648139,0.03666067,FOUR
-0.005745612,0.06366774,-0.03556225,-0.003148325,0.1198239,0.01070526,-0.01425548,0.1270641,0.02115756,-0.02316362,0.1149285,0.02899402,-0.02960207,0.08595169,0.03822511,FOUR
-0.006522939,0.06451279,-0.03342274,-0.002400376,0.1195755,0.01327109,-0.01341651,0.1265742,0.02431497,-0.02195299,0.114387,0.03192911,-0.02836399,0.08524832,0.0405803,FOUR
-0.008102126,0.06517699,-0.0320521,-0.002228051,0.1193878,0.01494354,-0.01290708,0.1261367,0.02661645,-0.02103974,0.1138524,0.03417689,-0.02726426,0.08457169,0.04253298,FOUR
-0.0116055,0.06450668,-0.03622577,-0.008017614,0.1200287,0.007084996,-0.01608355,0.1264015,0.02164769,-0.02201255,0.1137281,0.03294387,-0.02467337,0.08455548,0.04536593,FOUR
-0.01013055,0.06454715,-0.03681657,-0.007609688,0.1200756,0.006742775,-0.01574729,0.1265166,0.02130115,-0.02189387,0.1138771,0.03268307,-0.0247303,0.08476067,0.04520613,FOUR
-0.008744814,0.06449699,-0.03716642,-0.007035092,0.1201213,0.006542861,-0.01524586,0.1266563,0.02102768,-0.02161262,0.1140794,0.03239459,-0.02461305,0.08504227,0.04490453,FOUR
-0.01217584,0.06395629,-0.03658637,-0.004815914,0.120254,0.006275535,-0.0117491,0.1269297,0.02156165,-0.01728719,0.1145158,0.03352585,-0.0195372,0.08565575,0.04627946,FOUR
-0.01522009,0.06365258,-0.03634709,-0.004226089,0.1203753,0.005724937,-0.01041672,0.1270349,0.02145082,-0.01528765,0.1146221,0.03392366,-0.01671921,0.08586419,0.04698965,FOUR
-0.01707675,0.06306773,-0.03674182,-0.003194354,0.1205262,0.003894448,-0.008923456,0.1273742,0.01993161,-0.01339275,0.1151175,0.03305453,-0.01451834,0.08660167,0.04660663,FOUR
-0.0156564,0.06214568,-0.03824773,8.350611E-05,0.1206014,0.001096189,-0.005872652,0.1280867,0.01705682,-0.0105876,0.1163467,0.03079605,-0.01278717,0.08826968,0.04460838,FOUR
-0.01499119,0.06219944,-0.03843406,0.0008353293,0.1205858,0.001174331,-0.005170986,0.1281522,0.01712629,-0.01009488,0.1164661,0.03084826,-0.01265384,0.08839414,0.04458758,FOUR
-0.01463399,0.06231549,-0.03866389,0.001108475,0.1206111,0.001195848,-0.004853986,0.128177,0.01719025,-0.009949766,0.1164768,0.03093398,-0.01269726,0.08837974,0.04469046,FOUR
-0.01441354,0.0623441,-0.03878635,0.001355253,0.1206258,0.001080036,-0.004581034,0.1282119,0.01705611,-0.009744853,0.1165242,0.03080189,-0.01257678,0.08843237,0.04459769,FOUR
-0.01381563,0.0620617,-0.03931525,0.001832448,0.1206475,4.941225E-05,-0.003993966,0.1284131,0.01581016,-0.009243861,0.1168652,0.02955973,-0.01218577,0.08888099,0.0435988,FOUR
-0.01368013,0.06185177,-0.03952175,0.002268493,0.1206224,-0.0006836057,-0.003384911,0.1285404,0.01493844,-0.008515857,0.1171187,0.02870491,-0.01140082,0.08923501,0.04293489,FOUR
-0.01349124,0.06175649,-0.03966039,0.002556808,0.1206054,-0.001039356,-0.003011629,0.1286041,0.01451948,-0.008105397,0.1172468,0.02830839,-0.01098651,0.08941388,0.04262891,FOUR
-0.01339192,0.06170765,-0.03971642,0.002825536,0.1205911,-0.00127852,-0.00267382,0.1286453,0.01425579,-0.007728197,0.1173337,0.02806759,-0.01060927,0.08953762,0.0424431,FOUR
-0.01597587,0.06277257,-0.03842857,0.001501948,0.1204948,0.00135994,-0.003841482,0.1281629,0.01764742,-0.008409262,0.1164265,0.03204221,-0.01076081,0.0883871,0.04568303,FOUR
-0.01609809,0.06539327,-0.03713185,-0.001873732,0.1203304,0.005309552,-0.008645289,0.1268327,0.02219698,-0.01427069,0.1140989,0.03640342,-0.0171164,0.08553299,0.04917678,FOUR
-0.01596823,0.06513387,-0.03736144,-0.004167505,0.120286,0.005066782,-0.01128333,0.1266527,0.02177837,-0.0170083,0.1138495,0.03553411,-0.01937477,0.08527097,0.04826686,FOUR
-0.01457005,0.06504101,-0.03723422,-0.00619451,0.1200691,0.005650997,-0.01385596,0.1263177,0.02188459,-0.01972656,0.113493,0.03484407,-0.02179032,0.08485505,0.04748467,FOUR
-0.01616796,0.06829816,-0.02963656,-0.008127004,0.1192465,0.01063603,-0.01784326,0.124038,0.02512592,-0.02308497,0.1102925,0.03893316,-0.02642608,0.08075213,0.05117577,FOUR
-0.0187515,0.06836638,-0.03099185,-0.01236265,0.1190325,0.007801533,-0.02211282,0.1234121,0.02329367,-0.02742334,0.1094308,0.03818393,-0.03057206,0.07974112,0.0506562,FOUR
-0.04180574,0.06120476,0.01672941,-0.01697735,0.1149602,0.02353975,-0.01587697,0.1142621,0.0487341,-0.01650427,0.09431487,0.06820434,-0.01758748,0.05994996,0.07859677,FOUR
-0.04446791,0.0441291,0.03376037,-0.02170739,0.1129946,0.02641892,-0.01784142,0.1117335,0.05283105,-0.01738325,0.09013408,0.07269108,-0.01688359,0.05462542,0.08274993,FOUR
-0.04557949,0.01730093,0.04643601,-0.03025502,0.1097737,0.02823147,-0.02065683,0.1095132,0.05710286,-0.01961613,0.0853028,0.07764694,-0.01712439,0.04801014,0.08755997,FOUR
-0.04754771,0.007498026,0.04313546,-0.02728193,0.1148804,0.02229834,-0.02372277,0.1125304,0.05102375,-0.02527302,0.08793613,0.07280329,-0.02293671,0.05043542,0.08529055,FOUR
-0.04944918,0.01327768,0.03935575,-0.02440802,0.1180039,0.01679283,-0.02349257,0.1155562,0.04607433,-0.02532657,0.09240752,0.06807601,-0.02278283,0.05566904,0.08255351,FOUR
-0.05015262,0.01438785,0.03791919,-0.02302061,0.1193775,0.01209792,-0.02299999,0.1174415,0.04226145,-0.02552035,0.09485614,0.06504565,-0.02299322,0.05827105,0.08137932,FOUR
-0.05031376,0.01510847,0.03732732,-0.02174671,0.1199768,0.01023564,-0.02221586,0.1182758,0.04069045,-0.02517585,0.09597629,0.06372485,-0.02286784,0.05951738,0.08078068,FOUR
-0.05057599,0.01556361,0.03675404,-0.02087567,0.1203602,0.009133279,-0.02181237,0.1187702,0.03979126,-0.02515009,0.09664109,0.06294727,-0.02303151,0.06024492,0.0804334,FOUR
-0.05066098,0.01760328,0.03648168,-0.01925509,0.121416,0.005462706,-0.02051898,0.1203883,0.0368948,-0.02344901,0.09891614,0.0613423,-0.02024322,0.06290433,0.0801498,FOUR
-0.0489559,0.01628444,0.03920913,-0.0200446,0.1213326,0.007449389,-0.01994269,0.1200975,0.03847167,-0.02122398,0.09848198,0.06302926,-0.01672598,0.06234577,0.0811688,FOUR
-0.04876119,0.02014092,0.0364756,-0.01180647,0.1190265,0.01713535,-0.008108268,0.1172071,0.04697934,-0.01377358,0.09399855,0.06956041,-0.01536343,0.05638155,0.08521312,FOUR
-0.04741859,0.02795926,0.0335058,-0.01012646,0.1185895,0.01094058,-0.003691774,0.1193024,0.04170984,-0.009321366,0.09753093,0.06590596,-0.01330548,0.06057715,0.08310443,FOUR
-0.01056743,0.06496659,-0.04204607,-0.0003944188,0.1209053,0.002692193,-0.009598359,0.1274376,0.01744375,-0.0149472,0.1151003,0.03236058,-0.01827501,0.08661047,0.04619414,FOUR
-0.0001154914,0.06436744,-0.03077593,-0.0003561452,0.1183913,0.01691321,-0.009616971,0.1266274,0.02666864,-0.01702914,0.1152261,0.03227794,-0.02663927,0.08583474,0.04173109,FOUR
0.002032243,0.06118649,-0.0336732,0.002127841,0.1184307,0.015811,-0.008573167,0.1276594,0.02201259,-0.01861272,0.116619,0.02686021,-0.03085938,0.08811432,0.03325912,FOUR
-0.001362346,0.06031153,-0.03587177,0.001695096,0.1178104,0.01714367,-0.008078814,0.1277185,0.02151385,-0.01840063,0.1167572,0.02565607,-0.03193635,0.088415,0.03122103,FOUR
-0.001098521,0.06024632,-0.03540295,0.002520233,0.1177174,0.01819277,-0.007597044,0.1276706,0.02207661,-0.01826797,0.1168274,0.02541184,-0.03259065,0.0886699,0.02971086,FOUR
-0.003866762,0.05995408,-0.03398931,0.00273253,0.117418,0.02017012,-0.006836571,0.1273931,0.02386066,-0.01742131,0.1164182,0.02685335,-0.0326296,0.08829874,0.02995744,FOUR
-0.004408292,0.05957565,-0.03402552,0.002246328,0.1176417,0.01930827,-0.007334806,0.1275569,0.0226965,-0.01797123,0.1165074,0.02556345,-0.03325082,0.08836344,0.02889392,FOUR
-0.003801383,0.05898798,-0.03456062,0.001074716,0.1183009,0.01608959,-0.008682422,0.1280013,0.019232,-0.01931558,0.1167898,0.02240136,-0.03425542,0.08854985,0.02666917,FOUR
-0.001374923,0.05869332,-0.03462285,0.001977175,0.1185987,0.01538962,-0.008628368,0.1282107,0.0179086,-0.01949403,0.1171182,0.02053016,-0.03477678,0.08901966,0.02427036,FOUR
-0.001775347,0.05859253,-0.03442019,0.002944931,0.1185115,0.01559162,-0.007437609,0.1282299,0.01823115,-0.01822121,0.1171868,0.02121058,-0.0335103,0.08914873,0.02552804,FOUR
-0.005327202,0.05809745,-0.03476942,0.00351356,0.1179699,0.01730031,-0.006572448,0.1280643,0.01915324,-0.01698005,0.1172043,0.02170792,-0.03237194,0.08932057,0.02603963,FOUR
-0.007908762,0.05808085,-0.03540444,0.002597034,0.117961,0.01694053,-0.007485025,0.1279263,0.01975164,-0.01752426,0.1169842,0.02297491,-0.03197529,0.08890089,0.02815604,FOUR
-0.006668456,0.06027377,-0.03605258,0.001147024,0.1176365,0.01920521,-0.009695634,0.1270867,0.02399212,-0.01973799,0.1160806,0.02713719,-0.03220458,0.08769134,0.03196976,FOUR
-0.00290975,0.06278351,-0.03440839,-0.0002976805,0.1170978,0.0221082,-0.01121368,0.1261655,0.02786011,-0.02105559,0.1149907,0.03091317,-0.03254056,0.08623013,0.03552899,FOUR
0.0006910637,0.06305832,-0.03219104,-0.001784429,0.1160289,0.02505308,-0.01176801,0.1255623,0.03020191,-0.02068673,0.1144801,0.03329021,-0.0333524,0.08545244,0.03673726,FOUR
0.000632897,0.06160989,-0.02748045,0.00396122,0.1153798,0.02869791,-0.006013364,0.1251292,0.03400865,-0.01653548,0.1147262,0.03518474,-0.03109406,0.08637995,0.03754085,FOUR
-0.003562286,0.06217667,-0.02711552,0.005510703,0.1144089,0.03177679,-0.004337341,0.1242987,0.03707555,-0.01419894,0.1141243,0.03798974,-0.02982103,0.08622566,0.03866607,FOUR
-0.003459029,0.06039116,-0.03384343,9.11057E-05,0.1182928,0.01607916,-0.01043376,0.1273139,0.02217764,-0.02020188,0.1160928,0.02642065,-0.0309433,0.08751461,0.03364122,FOUR
-0.001325987,0.0602752,-0.03386027,5.052984E-05,0.1189051,0.01249975,-0.01014033,0.1278599,0.01898399,-0.02018823,0.1164389,0.02445233,-0.03042714,0.08788565,0.03301764,FOUR
-0.01440702,0.06608626,-0.04217514,-0.03090015,0.1154155,-0.005061328,-0.0392748,0.1207387,0.01209483,-0.04305695,0.1074277,0.02681044,-0.04108741,0.07982287,0.04136273,FOUR
-0.01410687,0.06643119,-0.04211599,-0.03148462,0.1152298,-0.005372077,-0.04040215,0.1202582,0.0117645,-0.04419894,0.1068848,0.02699745,-0.042082,0.07934329,0.04153675,FOUR
-0.01366521,0.06664288,-0.03850096,-0.02992468,0.1155689,-0.002259612,-0.03905533,0.1205114,0.01388666,-0.04213594,0.1074513,0.02882537,-0.03946723,0.08000073,0.04276732,FOUR
-0.01587891,0.06515381,-0.03958812,-0.03116012,0.1151023,-0.004549354,-0.0407678,0.1201809,0.01115748,-0.04410604,0.1072811,0.02596685,-0.04099408,0.08029306,0.04074356,FOUR
-0.01580212,0.06468928,-0.04061139,-0.03203944,0.1147831,-0.005626023,-0.04188237,0.1199295,0.009918451,-0.04536602,0.1070904,0.02464518,-0.04221732,0.08025718,0.03964019,FOUR
-0.01570218,0.06596398,-0.03904539,-0.03332701,0.1142133,-0.003918141,-0.04323879,0.1189886,0.01170814,-0.04643073,0.1059798,0.02621749,-0.04299938,0.07905635,0.04085651,FOUR
-0.01554347,0.06661031,-0.0380491,-0.03466294,0.113588,-0.003797621,-0.04456226,0.1182258,0.01186085,-0.04727792,0.1053453,0.02648863,-0.0434747,0.0785087,0.04110321,FOUR
-0.01518149,0.06612486,-0.03901988,-0.0294847,0.1155704,-0.002994299,-0.03842544,0.1208248,0.01274434,-0.04159871,0.107866,0.02755892,-0.03844199,0.08073932,0.04227561,FOUR
-0.01616073,0.06595117,-0.03883946,-0.02725966,0.1163213,-0.001947552,-0.03561214,0.1217262,0.01410916,-0.0387638,0.10871,0.02906826,-0.03582822,0.0813621,0.04353788,FOUR
-0.01951868,0.06239638,-0.04097813,-0.009644195,0.1200406,-0.001805604,-0.01568816,0.127034,0.01485601,-0.01945491,0.1148802,0.03028047,-0.01872965,0.08734295,0.04408532,FOUR
-0.0107208,0.0632672,-0.03771323,0.005150557,0.1202626,0.003802508,0.0001417547,0.1279043,0.01985514,-0.005303137,0.1162318,0.0332129,-0.008335747,0.08808285,0.04612821,FOUR
-0.01047559,0.06449178,-0.03680795,0.0008696467,0.1205454,0.004439235,-0.004817747,0.1274878,0.02078554,-0.01042503,0.1152802,0.03395885,-0.01310422,0.08683538,0.04698926,FOUR
-0.009333573,0.06478062,-0.03710726,0.001086004,0.1205311,0.004840314,-0.004797757,0.1274636,0.02106926,-0.01067604,0.1152626,0.03402391,-0.01377158,0.08675644,0.04693243,FOUR
-0.00890471,0.06474662,-0.03748053,0.0012656,0.1205693,0.004633784,-0.004646569,0.1275446,0.02080858,-0.01068621,0.115375,0.03370681,-0.01401748,0.08685648,0.04665625,FOUR
-0.009348489,0.06420526,-0.03734785,-0.002050743,0.1204377,0.004881561,-0.008534163,0.1273032,0.020679,-0.01472799,0.115022,0.03313819,-0.01768041,0.08644354,0.04599905,FOUR
-0.007566787,0.06437108,-0.03725237,-0.001327969,0.1204319,0.005887389,-0.00823991,0.1272338,0.02144915,-0.01510921,0.114898,0.03342387,-0.01869497,0.08619124,0.04599091,FOUR
-0.006700382,0.0641675,-0.03798342,-0.001430169,0.1204871,0.004947424,-0.008568674,0.1274037,0.02034399,-0.0156908,0.1151382,0.03233993,-0.01948057,0.0865204,0.0451096,FOUR
-0.005951554,0.06383723,-0.038739,-0.001797862,0.1205317,0.004064202,-0.009281233,0.1275509,0.01922283,-0.01664513,0.1153437,0.03118768,-0.02059344,0.08681369,0.04412022,FOUR
-0.004199862,0.06313351,-0.03971303,-0.003781512,0.1203839,0.00233525,-0.01189661,0.1276872,0.0164668,-0.01907927,0.1156742,0.02788299,-0.02295636,0.08736598,0.04117432,FOUR
-0.002201714,0.06275934,-0.03991279,-0.004758604,0.1201101,0.00146237,-0.01306903,0.1277646,0.01439977,-0.01981565,0.1159935,0.02509904,-0.0239355,0.08786446,0.03833833,FOUR
-0.00176435,0.06255901,-0.04026037,-0.005214125,0.1199339,0.001108497,-0.01336017,0.127806,0.01356661,-0.01972137,0.1161816,0.02403811,-0.02388901,0.08813095,0.03713948,FOUR
-0.001355067,0.06223848,-0.04073092,-0.005090348,0.1198123,0.0005407631,-0.01297878,0.1279139,0.01276505,-0.01910392,0.1164504,0.02321467,-0.02335953,0.08850026,0.03622344,FOUR
-0.004571833,0.06213269,-0.04013777,-0.005226023,0.1198403,0.00120309,-0.01274071,0.1278212,0.01381767,-0.01852554,0.1162793,0.0245713,-0.0221137,0.08825904,0.03772566,FOUR
-0.009863235,0.06299549,-0.0384967,-0.001365334,0.1204872,0.001673162,-0.007558756,0.1279128,0.01700625,-0.01361153,0.1160767,0.02974051,-0.01645339,0.08785459,0.04325959,FOUR
-0.008574642,0.06302425,-0.03927347,-0.001326792,0.1204193,0.001312941,-0.007627867,0.1280063,0.01643354,-0.0137466,0.1162803,0.02916175,-0.01687698,0.08812052,0.04278061,FOUR
-0.0124649,0.06349498,-0.03748772,-0.002805203,0.1202689,0.002787024,-0.008387156,0.1274941,0.01856098,-0.0134541,0.1155424,0.0313566,-0.01522419,0.08730596,0.04462892,FOUR
-0.01141248,0.06344596,-0.03806829,-0.002008766,0.1203884,0.002323121,-0.007898055,0.1276853,0.01786804,-0.01344036,0.1157438,0.03069293,-0.01580376,0.08750498,0.04408994,FOUR
-0.01098529,0.06341004,-0.03826231,-0.001966193,0.1203897,0.002157927,-0.007956758,0.1277263,0.01761049,-0.0135945,0.1158069,0.0304544,-0.01609118,0.08758718,0.04391021,FOUR
-0.004078537,0.06064701,-0.04084274,-0.00263375,0.1200492,-0.003137827,-0.009426221,0.1286784,0.008909583,-0.01554345,0.1175705,0.02067149,-0.01972926,0.08997071,0.03503039,FOUR
-0.001021817,0.06145918,-0.03858638,-0.001738414,0.1198118,-0.0006898344,-0.008839831,0.1287231,0.009626538,-0.01530545,0.117638,0.02024487,-0.02151237,0.08985561,0.03417224,FOUR
-0.0008503944,0.06147787,-0.03813252,-0.001249708,0.1198342,-0.0001428127,-0.008411579,0.1287659,0.0100081,-0.01512694,0.1176593,0.02043414,-0.02161897,0.08983693,0.03423205,FOUR
-0.002378285,0.06169209,-0.03669482,0.001027413,0.1198903,0.003654003,-0.00617642,0.12859,0.01452979,-0.01341303,0.1173144,0.02500397,-0.01967629,0.08917052,0.03766835,FOUR
-0.00224746,0.06117293,-0.03543225,0.003126189,0.1195343,0.00799188,-0.004253246,0.1282812,0.01865473,-0.01288938,0.1169583,0.02788419,-0.02046997,0.08860523,0.03892273,FOUR
-0.002467595,0.06103891,-0.03515333,0.004215546,0.1193637,0.008249968,-0.002996892,0.1283474,0.01842156,-0.0116164,0.1171728,0.0272679,-0.02015021,0.0888994,0.03829589,FOUR
-0.00995145,0.06280503,-0.03550646,0.0003014952,0.1198985,0.006267428,-0.005445533,0.1277532,0.01998562,-0.01133507,0.1160177,0.03131771,-0.01474867,0.08754545,0.0433768,FOUR
-0.01127175,0.06171486,-0.04126438,-0.008809566,0.1201108,-0.001321018,-0.01573446,0.1274515,0.01396894,-0.02119957,0.1155372,0.02709496,-0.02286142,0.08754084,0.0415349,FOUR
-0.01187503,0.06086847,-0.04360348,-0.01407827,0.1195572,-0.004230678,-0.02173191,0.1267626,0.01105431,-0.02707902,0.114759,0.02450114,-0.02810621,0.08699709,0.03960505,FOUR
-0.01254423,0.06119773,-0.04378101,-0.01641372,0.1192724,-0.003918022,-0.02427054,0.126189,0.01153755,-0.02946787,0.1139532,0.02500793,-0.03009024,0.08612332,0.03998134,FOUR
-0.01585338,0.06344137,-0.04169899,-0.02090612,0.1185344,-0.0007223785,-0.02911572,0.1243186,0.0154444,-0.0336588,0.1112546,0.02949658,-0.03276768,0.08328566,0.04318368,FOUR
-0.02289042,0.06583011,-0.03680661,-0.02527744,0.1174646,0.005122751,-0.03313034,0.1216464,0.02289712,-0.03623566,0.1074378,0.03856656,-0.03400783,0.07878622,0.05147389,FOUR
-0.02650452,0.06510282,-0.03756973,-0.02547087,0.1178421,0.0004548132,-0.03331127,0.1220693,0.01939425,-0.03679042,0.1076089,0.03753909,-0.03433932,0.07901758,0.05235222,FOUR
-0.02473859,0.06490943,-0.03723767,-0.02375738,0.1182348,0.001497626,-0.03200316,0.1225711,0.01973391,-0.03594359,0.1082204,0.03691271,-0.03362906,0.07973802,0.05120954,FOUR
-0.02055825,0.06448817,-0.03727818,-0.02006813,0.118847,0.002687424,-0.02884682,0.1237086,0.01955727,-0.03350302,0.1098514,0.0348728,-0.03156696,0.08167404,0.04813546,FOUR
-0.008791871,0.06248784,-0.0420807,-0.01021897,0.1201475,0.0006893575,-0.01811076,0.1271877,0.01506835,-0.02385645,0.1149205,0.02714929,-0.02590895,0.08653337,0.04108042,FOUR
-0.007724829,0.06253728,-0.04121643,-0.00940147,0.1200703,0.001621932,-0.01738921,0.127244,0.01546112,-0.02355404,0.1150078,0.02713367,-0.02600633,0.08658662,0.04088691,FOUR
-0.01064067,0.06224552,-0.04058379,-0.009140722,0.1201311,0.001758516,-0.01664739,0.1272237,0.01610202,-0.02246047,0.1149463,0.02837062,-0.02443006,0.08651707,0.04216546,FOUR
-0.01148666,0.06109446,-0.0416491,-0.009125873,0.1201431,-0.0002365708,-0.01667693,0.1275133,0.01394832,-0.02228297,0.1155021,0.02659947,-0.02423353,0.08729509,0.04085127,FOUR
-0.02226134,0.06792307,-0.04247972,0.005078696,0.1226884,0.002098918,-0.01002859,0.1256778,0.02673239,-0.02560783,0.1090129,0.04546013,-0.039235,0.07652032,0.05814394,FOUR
-0.02770428,0.06569177,-0.03998083,0.005193792,0.1228849,-0.002037108,-0.009977676,0.1262437,0.02341372,-0.02560664,0.1095785,0.04414827,-0.03987655,0.07685721,0.05815265,FOUR
-0.0216903,0.06568941,-0.0482949,0.0007475242,0.1225716,-0.003188938,-0.0112323,0.1270643,0.02000517,-0.02257337,0.1121078,0.03918535,-0.03149732,0.08114377,0.05511072,FOUR
-0.02106115,0.06521749,-0.05027246,0.0009171963,0.1224713,-0.004661381,-0.01015909,0.1274139,0.01855665,-0.02087451,0.1128851,0.03782687,-0.02914446,0.08230183,0.0544205,FOUR
-0.02207695,0.06397519,-0.05220354,0.001520328,0.1222737,-0.007672369,-0.006529935,0.1282042,0.015504,-0.0154781,0.1145532,0.03514668,-0.02182402,0.08480808,0.05329797,FOUR
-0.01509176,0.06563634,-0.04568085,0.006498441,0.1218375,-0.003426135,-0.003128849,0.1282696,0.01705179,-0.01340187,0.1153904,0.03374803,-0.02231926,0.08617342,0.04936388,FOUR
-0.01175867,0.06460685,-0.04081953,0.006481595,0.1208164,0.001135468,-0.002289064,0.1283342,0.01770231,-0.01090685,0.1166015,0.03095049,-0.01918136,0.08815783,0.04385024,FOUR
-0.01228558,0.0641526,-0.03724083,0.00665877,0.1204224,0.003237724,-0.001863651,0.1282418,0.01851827,-0.01020277,0.1167538,0.03049827,-0.01851285,0.08847094,0.04200646,FOUR
-0.01503899,0.06278625,-0.03527367,0.006932601,0.1200252,0.001593262,-0.001090467,0.1286375,0.01533639,-0.009017967,0.1177261,0.02619886,-0.01723711,0.08992383,0.03695536,FOUR
-0.017141,0.06374907,-0.03646734,0.006333455,0.1205741,-0.0005154014,-0.0008028299,0.1285537,0.01574171,-0.008462213,0.1172405,0.02861348,-0.01563538,0.0892157,0.04136342,FOUR
-0.02037196,0.06392941,-0.04071492,0.003748678,0.1212439,-0.004889876,-0.001362525,0.1285951,0.01425925,-0.007947378,0.1166772,0.02997851,-0.01249059,0.08846405,0.04587865,FOUR
-0.02159942,0.06346053,-0.04290569,0.00128904,0.121374,-0.005942255,-0.003240153,0.1285624,0.01364136,-0.009206623,0.1163923,0.03014416,-0.01222797,0.08819085,0.04675186,FOUR
-0.02073864,0.06399679,-0.04375285,0.001577884,0.1214122,-0.005430937,-0.002847858,0.1284301,0.01440752,-0.008815758,0.1160786,0.03120384,-0.01175392,0.08779612,0.04780892,FOUR
-0.02126425,0.06616899,-0.04538959,0.003208749,0.1217079,-0.00379163,-0.0009350106,0.127862,0.01813352,-0.007263862,0.1146172,0.03664398,-0.01157371,0.08548602,0.05350024,FOUR
-0.02445366,0.06764647,-0.04542878,0.004546873,0.1220014,-0.002988398,0.0007180721,0.1272626,0.02122059,-0.005907349,0.1129793,0.04182234,-0.01154236,0.08272064,0.05954441,FOUR
-0.03655598,0.06855956,-0.04455221,0.00527586,0.1227314,-0.008630544,0.001697369,0.1262834,0.02393645,-0.007277362,0.1085282,0.05247569,-0.01834442,0.07364216,0.07349169,FOUR
-0.03779595,0.06810805,-0.04360271,0.005999021,0.1226957,-0.009850115,0.002300702,0.1263705,0.02343228,-0.007167228,0.108506,0.05281776,-0.0192147,0.07333401,0.07396775,FOUR
-0.03824907,0.06777838,-0.04331577,0.006127395,0.122706,-0.009843916,0.002220273,0.1263692,0.02352732,-0.007563435,0.1084311,0.05309686,-0.02004924,0.0731861,0.07398537,FOUR
-0.0380306,0.06716651,-0.04379109,0.005616538,0.1226558,-0.01005605,0.001177013,0.1264766,0.02304274,-0.009031452,0.1086806,0.05246115,-0.02176201,0.07357344,0.07308435,FOUR
-0.03719761,0.06663543,-0.04454458,0.005422734,0.1225917,-0.01001567,0.0002358407,0.1265705,0.02260044,-0.01057786,0.108988,0.05158684,-0.02363501,0.07408434,0.07189381,FOUR
-0.03466012,0.0664328,-0.04691273,0.006089687,0.1225026,-0.009480417,-0.0001769364,0.1266015,0.02251545,-0.01227102,0.1092816,0.05055252,-0.02628145,0.07461238,0.07025829,FOUR
-0.02607558,0.06704134,-0.03733096,0.02073349,0.121345,-0.001725078,0.006114349,0.1260716,0.02627665,-0.01558397,0.1104577,0.04695842,-0.03831685,0.07782054,0.06003568,FOUR
-0.02426438,0.06499517,-0.03650358,0.02747189,0.1198454,0.005685776,0.008062303,0.1250961,0.03069329,-0.01779888,0.1106164,0.04676217,-0.04551877,0.07871804,0.05451757,FOUR
-0.0248651,0.06331846,-0.03542659,0.03393619,0.117704,0.01330173,0.01204038,0.1229641,0.03752944,-0.01722968,0.1097477,0.04983711,-0.04877017,0.07869086,0.0524891,FOUR
-0.0284533,0.06233388,-0.03373164,0.03760114,0.1171162,0.0104748,0.01691712,0.1227201,0.03642446,-0.0126375,0.1099074,0.0507507,-0.04717273,0.07896522,0.05368665,FOUR
-0.03192775,0.06186533,-0.02943042,0.03200363,0.119041,0.003307641,0.01343703,0.1252626,0.02876681,-0.01356772,0.1119889,0.04481068,-0.04581693,0.08054581,0.05065536,FOUR
-0.03247219,0.06210196,-0.02874351,0.03042422,0.1194588,0.001712471,0.01264471,0.1256368,0.0275079,-0.01374868,0.1121968,0.04408032,-0.04517122,0.08057326,0.05080059,FOUR
-0.03427377,0.06533676,-0.02678907,0.01993063,0.1212559,-0.005547225,0.008954167,0.1264519,0.02377072,-0.01209664,0.1112608,0.04549769,-0.03779894,0.07847634,0.05760169,FOUR
-0.03470879,0.06682426,-0.03020224,0.01240328,0.1218336,-0.009034574,0.004327163,0.1267851,0.02124846,-0.01325732,0.1107477,0.04500821,-0.0346898,0.07732058,0.06013143,FOUR
-0.03230625,0.06916317,-0.0349052,0.01001272,0.121826,-0.0100553,0.002904221,0.1265688,0.02042785,-0.01266874,0.1103708,0.04467213,-0.0311529,0.07710341,0.06172678,FOUR
-0.03297123,0.06953666,-0.0449264,0.001428291,0.121728,-0.01269606,-0.001538813,0.126534,0.01961225,-0.01216059,0.1100785,0.0459089,-0.02574376,0.07634044,0.06621575,FOUR
-0.03395087,0.06922767,-0.04704499,-0.000176847,0.1218717,-0.01168823,-0.00192336,0.1264388,0.02075371,-0.01044413,0.1098532,0.04768488,-0.02179665,0.07609186,0.06859004,FOUR
-0.03410478,0.06922713,-0.04749149,-0.0002090633,0.1219622,-0.01089349,-0.001703426,0.1263603,0.02140346,-0.009448968,0.109714,0.0484716,-0.0199872,0.07601422,0.06939349,FOUR
-0.03373688,0.06895617,-0.04613966,0.001759507,0.1221447,-0.008979201,-0.0002313778,0.1264148,0.02187452,-0.006133929,0.110088,0.04892483,-0.01468716,0.07716382,0.06955943,FOUR
-0.03376196,0.06881288,-0.04523653,0.001792148,0.1220863,-0.009084225,-9.455532E-05,0.126486,0.02152729,-0.005513243,0.1103091,0.04866832,-0.01376936,0.07759696,0.06926149,FOUR
-0.03365462,0.06835383,-0.04152802,0.001653068,0.1218452,-0.009433836,6.069988E-05,0.1266493,0.02062768,-0.004081756,0.1108669,0.04816547,-0.01197357,0.07867974,0.06846559,FOUR
-0.03368168,0.06806359,-0.03949314,0.001241609,0.1218364,-0.008681536,-0.0007706881,0.1266044,0.02102053,-0.004964396,0.1107889,0.04843801,-0.01282541,0.07865435,0.0683127,FOUR
-0.02070894,0.0643031,-0.04231,0.00101427,0.121261,-0.003874213,-0.005166389,0.1280283,0.01607513,-0.01095387,0.1154519,0.03440905,-0.01562537,0.08692396,0.05010343,FOUR
-0.01499663,0.06401712,-0.04035085,0.002184264,0.120818,0.001063585,-0.00443498,0.1279985,0.01812232,-0.01043348,0.115872,0.03301138,-0.01397772,0.08763093,0.04691201,FOUR
-0.01078177,0.06489649,-0.03676641,0.003279008,0.1202008,0.007624716,-0.00327868,0.12733,0.02318227,-0.009310439,0.1152002,0.03544989,-0.01232003,0.08664754,0.04756182,FOUR
-0.00864993,0.06522286,-0.03479335,0.003221586,0.1197395,0.01050776,-0.002754763,0.1269006,0.02552158,-0.008584797,0.1148466,0.03646857,-0.01126893,0.08614689,0.04779425,FOUR
-0.01023301,0.06436315,-0.03687578,-0.002880141,0.1201064,0.005289614,-0.00807336,0.1272581,0.02129778,-0.01290557,0.1151966,0.03363025,-0.01450419,0.08684313,0.04620552,FOUR
-0.01052495,0.06448424,-0.03691602,-0.003141552,0.120151,0.00554356,-0.008747675,0.1271259,0.02166209,-0.01369172,0.1149298,0.03428361,-0.01535445,0.08652705,0.04679292,FOUR
-0.01024172,0.06364927,-0.03739542,-0.004337274,0.1202827,0.004817307,-0.01118828,0.1271614,0.02046302,-0.01674733,0.1148954,0.03312299,-0.01863528,0.08652219,0.04578453,FOUR
-0.007835642,0.06424201,-0.03631297,-0.000741601,0.1203549,0.007291675,-0.007827543,0.127177,0.0225957,-0.01421513,0.1148659,0.03463367,-0.01758805,0.08611426,0.0468955,FOUR
-0.00425335,0.06348735,-0.03457898,0.002777345,0.1196516,0.009398758,-0.004326746,0.1276752,0.02158618,-0.01106713,0.1160204,0.0317497,-0.01724103,0.08728486,0.04297835,FOUR
-0.005780108,0.06408951,-0.03355518,0.003205076,0.1193712,0.01106602,-0.003620028,0.1272883,0.02377421,-0.01024371,0.1155864,0.03383383,-0.01572812,0.08680877,0.04436609,FOUR
-0.006573878,0.06405228,-0.03437111,0.003421791,0.1196649,0.009748161,-0.00300096,0.1273615,0.0234549,-0.009571999,0.1155826,0.0341655,-0.01459713,0.08681992,0.04543519,FOUR
-0.01612918,0.06219786,-0.03896338,-0.00186488,0.1206987,-0.001368016,-0.006581269,0.1282322,0.0152247,-0.01094029,0.116517,0.02942982,-0.01180102,0.0886142,0.04439408,FOUR
-0.01594571,0.06242418,-0.03973016,-0.002835006,0.1206015,-0.002064794,-0.007591389,0.1281506,0.01489115,-0.01160233,0.1164652,0.02963394,-0.01222431,0.08871782,0.04454055,FOUR
-0.01713546,0.06390917,-0.03958443,-0.001944013,0.1206234,-0.001205891,-0.005821742,0.1279503,0.01660985,-0.00913275,0.1160365,0.03218055,-0.009630665,0.0881542,0.04670691,FOUR
-0.01965467,0.06478569,-0.0378747,-0.001386337,0.1206212,0.0009942949,-0.004647583,0.1276119,0.01918614,-0.007256784,0.1153659,0.03507757,-0.007243797,0.08724898,0.04897609,FOUR
-0.02416594,0.06710806,-0.03382427,-0.001802735,0.1206501,0.006068558,-0.003752157,0.1263444,0.02534571,-0.005211189,0.112832,0.04235575,-0.004393637,0.08396018,0.05517185,FOUR
-0.02461353,0.0670464,-0.03486118,-0.003743552,0.1206796,0.005415618,-0.006200068,0.1262364,0.02499983,-0.007852562,0.1125751,0.04254228,-0.007024318,0.08367294,0.05566695,FOUR
-0.02130771,0.0665006,-0.03543562,-0.004848249,0.1204839,0.006441236,-0.01006453,0.1260687,0.02499104,-0.01359166,0.1125386,0.04128695,-0.01336647,0.08373979,0.05397865,FOUR
-0.02039907,0.0659408,-0.03521466,-0.004499368,0.1204748,0.005821168,-0.01012366,0.1263447,0.02382097,-0.01378756,0.1131801,0.0393452,-0.01351068,0.08459103,0.05192152,FOUR
-0.02395288,0.06615153,-0.0339421,-0.00478439,0.1205762,0.005420864,-0.009346008,0.126224,0.02393466,-0.01192823,0.1128368,0.04053706,-0.01149491,0.08425468,0.05276796,FOUR
-0.02730215,0.06785446,-0.03394157,-0.005186453,0.1209648,0.004462838,-0.008050509,0.1258083,0.02520388,-0.009854116,0.1114446,0.04442745,-0.01040711,0.08215484,0.05752084,FOUR
-0.02892751,0.0684768,-0.03287682,-0.00605312,0.1210574,0.003785104,-0.008226193,0.1255783,0.02538714,-0.009724684,0.1107167,0.04594079,-0.01026926,0.08087155,0.06025788,FOUR
-0.0300691,0.06896955,-0.02926475,-0.006272636,0.1210154,0.004698396,-0.007581018,0.1253387,0.02626941,-0.0080676,0.1103558,0.04670748,-0.007317923,0.08026448,0.06159776,FOUR
-0.03162695,0.06672645,-0.02783221,-0.01056109,0.1206746,0.003561944,-0.01211152,0.1255643,0.02384794,-0.01190533,0.1114442,0.04285124,-0.009130523,0.08216536,0.05762377,FOUR
-0.05197458,0.04834336,0.0129346,-0.0422419,0.1102567,0.01060042,-0.0394928,0.1115421,0.0416733,-0.03562578,0.09018141,0.06772569,-0.03093858,0.0529491,0.08395308,FOUR
-0.05486143,0.03646302,0.02214965,-0.04602602,0.1081799,0.009698868,-0.0435676,0.1095875,0.04135337,-0.03850843,0.08828905,0.06866223,-0.03359678,0.04996327,0.08527386,FOUR
-0.05744752,0.02556321,0.02504736,-0.04924529,0.1073026,0.004989356,-0.05000753,0.1084912,0.03599131,-0.04548547,0.08859488,0.06430241,-0.04147439,0.050578,0.08151782,FOUR
-0.05787468,0.02871993,0.02272171,-0.04854952,0.1079454,0.004305512,-0.05163165,0.1081638,0.03343251,-0.04788123,0.08912548,0.0609875,-0.0441144,0.0521082,0.07840416,FOUR
-0.05241947,0.05003521,-0.0007892549,-0.04135432,0.1115182,0.002961814,-0.04857046,0.1111083,0.03029743,-0.05022066,0.09170008,0.05448484,-0.04957569,0.05630359,0.07067922,FOUR
-0.04687119,0.05747768,-0.01125118,-0.03884554,0.112798,0.00211817,-0.04744342,0.1125294,0.0282017,-0.05075667,0.09325889,0.05128488,-0.0507654,0.05874401,0.06719059,FOUR
-0.02778908,0.06851092,-0.03576612,-0.03157105,0.1158869,-0.0001922846,-0.04248597,0.1173848,0.0212265,-0.04886146,0.1000536,0.04057419,-0.04974387,0.06864822,0.05562791,FOUR
-0.008750267,0.06999308,-0.0256542,-0.005393356,0.1167465,0.02746978,-0.01276939,0.1214525,0.04275325,-0.01860797,0.1081029,0.04990837,-0.02234579,0.07761937,0.05701065,FOUR
-0.007554531,0.07478964,-0.02209735,-0.0005738884,0.1149869,0.03594798,-0.007896066,0.1181204,0.0521065,-0.01493169,0.1035991,0.05940944,-0.02059078,0.07247591,0.06442764,FOUR
-0.01098782,0.07373151,-0.02460182,0.003725976,0.1169804,0.02991009,-0.003112063,0.1203969,0.04722726,-0.01018206,0.106342,0.05550832,-0.01487698,0.0756419,0.06229243,FOUR
-0.01339345,0.06982568,-0.02718019,-0.002883092,0.1180979,0.02275154,-0.008652046,0.1227256,0.03970316,-0.01424965,0.1091166,0.04926303,-0.01584474,0.0789133,0.05846944,FOUR
-0.01128988,0.07086128,-0.02110502,-0.00140775,0.1156322,0.0319455,-0.007478736,0.1196183,0.04822472,-0.01342686,0.1051112,0.05768099,-0.01473032,0.07461536,0.06466332,FOUR
-0.01031771,0.0720678,-0.01833329,5.196035E-05,0.1142291,0.03700623,-0.00649187,0.1174433,0.05349812,-0.01303896,0.1024826,0.06241152,-0.01494911,0.07171884,0.06809714,FOUR
-0.01026019,0.07466248,-0.01214439,0.003081024,0.1107031,0.04732707,-0.003621221,0.1114717,0.06545404,-0.01131831,0.09544712,0.0733535,-0.01450767,0.06437427,0.0758445,FOUR
-0.01032261,0.07548317,-0.01129162,0.002464086,0.1100579,0.0492259,-0.004382052,0.1100913,0.06769097,-0.01252417,0.0937674,0.07518619,-0.0161134,0.06260139,0.0769515,FOUR
-0.01092633,0.07586527,-0.01134336,0.001830943,0.1100072,0.04948798,-0.004771344,0.1096849,0.06826201,-0.01284052,0.09324953,0.07565364,-0.01633005,0.06203499,0.07726517,FOUR
-0.01128503,0.07598713,-0.01169243,0.00147225,0.1101772,0.04914352,-0.005022712,0.1097874,0.06803694,-0.01304469,0.09332934,0.07545844,-0.01646098,0.06210366,0.07713261,FOUR
-0.01320487,0.07641333,-0.01361024,-0.001817837,0.1114877,0.04624495,-0.007668376,0.1109324,0.06558222,-0.01490308,0.09440657,0.07318425,-0.01754231,0.0629901,0.07568389,FOUR
-0.01275805,0.07547277,-0.01640037,-0.003332786,0.1131077,0.04166791,-0.009631,0.1134697,0.06069311,-0.01598553,0.09764177,0.0684332,-0.01859927,0.06635082,0.07221118,FOUR
-0.01316605,0.07524917,-0.01700193,-0.003424816,0.1134139,0.0407663,-0.009778567,0.1140819,0.05950251,-0.01541822,0.09849024,0.06727642,-0.01812297,0.06725293,0.07118589,FOUR
-0.01386643,0.0749259,-0.01746139,-0.002994254,0.1138123,0.03977582,-0.009242475,0.1146802,0.05844277,-0.01481059,0.09917182,0.06637394,-0.01751033,0.06801844,0.07047758,FOUR
-0.01457544,0.07502601,-0.01793283,-0.001759812,0.1142812,0.03888527,-0.007508576,0.1151268,0.05776721,-0.01323212,0.09925079,0.06654873,-0.01631609,0.06804726,0.0708594,FOUR
-0.02453865,0.07598373,-0.02178523,-0.008944854,0.1174412,0.02687368,-0.01113438,0.1183172,0.04776904,-0.01661143,0.1008188,0.06024352,-0.01441649,0.06937832,0.07011718,FOUR
-0.02966598,0.07610422,-0.02650377,-0.009921744,0.1189692,0.02199471,-0.01071736,0.1193839,0.04488671,-0.01665849,0.1004731,0.06034106,-0.01360994,0.0689145,0.07166159,FOUR
-0.03152687,0.07423082,-0.02764496,0.01205395,0.1205325,0.01898545,0.009641439,0.1204665,0.04575625,0.002245102,0.10265,0.06464708,-0.005615342,0.072725,0.06983802,FOUR
-0.02317875,0.06983945,-0.01869088,0.01470422,0.1174058,0.02452686,0.01187668,0.1212451,0.04358298,0.004303146,0.1066359,0.05698723,-0.001392581,0.0768998,0.06453228,FOUR
-0.02742161,0.07166731,-0.01670021,0.01052644,0.1210461,0.01355314,0.003471714,0.1223986,0.03793043,-0.007368587,0.1046034,0.0568521,-0.01556848,0.07080302,0.07284504,FOUR
-0.02756825,0.06993982,-0.02101332,0.009013515,0.1215692,0.008347064,0.002526186,0.124722,0.03092045,-0.009437881,0.1081076,0.04914358,-0.01567088,0.07609466,0.06611896,FOUR
-0.02924145,0.06787837,-0.01578557,0.007391311,0.1213903,0.008478224,0.000699047,0.1246206,0.03036013,-0.009673633,0.1083786,0.04854003,-0.01463029,0.07686144,0.06544852,FOUR