THUMB_INDEX_ANGLE,INDEX_MIDDLE_ANGLE,MIDDLE_RING_ANGLE,RING_PINKY_ANGLE,target
44.47529,13.64312,13.09518,20.286,OPEN
44.38348,13.57271,13.08695,20.23841,OPEN
44.34269,13.53179,13.12122,20.25608,OPEN
44.27425,13.51736,13.18268,20.2763,OPEN
44.14256,13.4575,13.31202,20.29981,OPEN
44.02907,13.42237,13.3166,20.26477,OPEN
43.86851,13.37239,13.2558,20.16385,OPEN
43.87149,13.39928,13.26777,20.16806,OPEN
43.86236,13.45414,13.30719,20.19658,OPEN
43.86906,13.55872,13.40451,20.28715,OPEN
43.8625,13.56643,13.43098,20.33048,OPEN
43.93159,13.56951,13.48017,20.3815,OPEN
43.92436,13.56269,13.50765,20.4087,OPEN
43.94431,13.50531,13.4071,20.30364,OPEN
44.05994,13.20959,13.19099,20.13072,OPEN
44.15888,12.93634,13.05965,19.95711,OPEN
44.21385,12.7831,13.04465,19.79433,OPEN
44.11044,12.89495,13.12798,19.81771,OPEN
44.08613,13.01305,13.23988,19.86065,OPEN
44.05056,13.06205,13.31789,19.89577,OPEN
44.09277,13.17086,13.47734,20.02467,OPEN
44.00254,13.25928,13.68935,20.14255,OPEN
44.02056,13.33354,13.85181,20.22667,OPEN
44.17346,13.3588,13.85549,20.27653,OPEN
44.39848,13.34575,13.73513,20.23604,OPEN
44.44855,13.31193,13.67739,20.20093,OPEN
44.42615,13.29105,13.62472,20.16804,OPEN
44.39758,13.28696,13.62423,20.16875,OPEN
44.3868,13.30224,13.62966,20.15034,OPEN
44.33733,13.31889,13.69496,20.14892,OPEN
44.31139,13.29654,13.72047,20.16635,OPEN
44.3202,13.28093,13.73933,20.18127,OPEN
44.33735,13.27235,13.72729,20.18373,OPEN
44.40467,13.28289,13.71824,20.15163,OPEN
44.59642,13.3468,13.79206,20.16217,OPEN
44.97161,13.39055,13.84405,20.2086,OPEN
47.38164,13.43174,13.88179,20.46454,OPEN
50.59689,13.41908,13.69389,20.73397,OPEN
55.42795,13.48386,13.39096,20.97561,OPEN
59.46019,13.61872,13.22296,21.0728,OPEN
65.73165,13.8801,13.03704,21.11547,OPEN
68.58371,14.01676,13.01225,21.14155,OPEN
69.3953,14.08752,13.05203,21.11894,OPEN
69.75301,14.07945,13.12958,20.9719,OPEN
69.9481,14.01453,13.14587,20.82519,OPEN
70.18883,13.90836,13.12025,20.64929,OPEN
70.46375,13.79568,13.0346,20.49405,OPEN
70.61013,13.78298,13.05108,20.40721,OPEN
70.67222,13.79015,13.07373,20.3143,OPEN
70.76804,13.77824,13.06016,20.25752,OPEN
70.82867,13.78812,13.08054,20.25721,OPEN
70.87628,13.84092,13.12267,20.28184,OPEN
70.84912,13.87828,13.15313,20.29565,OPEN
70.86086,13.89751,13.14297,20.29291,OPEN
70.81326,13.8715,13.06521,20.21644,OPEN
70.95687,13.78544,12.94618,20.14274,OPEN
71.05531,13.72293,12.85371,20.10057,OPEN
71.01353,13.83129,12.848,20.13272,OPEN
70.95006,13.85626,12.85702,20.15287,OPEN
70.96465,13.80543,12.85096,20.15537,OPEN
71.062,13.73529,12.81259,20.12676,OPEN
71.04076,13.72294,12.77305,20.08477,OPEN
70.93191,13.76467,12.76562,20.09717,OPEN
70.80471,13.87524,12.79031,20.21347,OPEN
70.09732,14.36479,13.10826,20.61592,OPEN
69.65897,14.58853,13.26686,20.83509,OPEN
69.23662,14.67514,13.30879,20.99915,OPEN
68.54916,14.70244,13.24398,21.17493,OPEN
67.04897,14.70167,13.10228,21.34065,OPEN
63.60518,14.59685,12.93233,21.34353,OPEN
59.75723,14.45414,12.80662,21.23026,OPEN
56.66198,14.32138,12.80893,21.13171,OPEN
53.84659,14.30144,12.97681,21.06609,OPEN
51.248,14.37263,13.21894,21.01074,OPEN
49.7395,14.49397,13.34526,20.96418,OPEN
47.12824,14.74951,13.49119,20.8992,OPEN
46.04001,14.8003,13.44373,20.84053,OPEN
44.2915,14.73792,13.31841,20.72444,OPEN
42.72111,14.61141,13.21339,20.57749,OPEN
41.55483,14.5531,13.03779,20.51225,OPEN
40.52054,14.54781,12.90081,20.4661,OPEN
39.92786,14.55756,12.77415,20.45771,OPEN
37.51273,14.53572,12.15719,20.38655,OPEN
36.34853,14.5096,11.91674,20.30111,OPEN
34.85292,14.49641,11.65165,20.16258,OPEN
33.68156,14.49389,11.49081,20.00767,OPEN
32.53892,14.51989,11.34092,19.87894,OPEN
31.4171,14.57997,11.22755,19.81159,OPEN
30.3202,14.60634,11.13979,19.75708,OPEN
29.27026,14.6691,11.12274,19.78719,OPEN
28.20449,14.71497,11.08942,19.76634,OPEN
27.14783,14.74221,11.08724,19.67407,OPEN
26.95317,14.61849,11.04473,19.56395,OPEN
31.47906,13.90449,11.24864,19.36674,OPEN
39.19053,13.43704,12.30506,19.69742,OPEN
44.2001,13.21029,12.91093,20.00134,OPEN
45.52241,13.32001,12.96237,20.17325,OPEN
45.75868,13.38005,12.90357,20.24192,OPEN
47.13389,13.82907,13.33002,20.61693,OPEN
47.89392,14.03083,13.31095,20.46121,OPEN
49.15319,14.1615,13.31057,20.35914,OPEN
49.19695,13.58115,12.74774,19.10085,OPEN
49.69056,13.16848,12.37416,18.37264,OPEN
51.92252,13.13681,12.47027,18.58915,OPEN
53.73798,13.22544,12.6063,19.30162,OPEN
52.18526,12.95348,12.66884,19.83798,OPEN
48.76876,12.28668,12.57554,19.98971,OPEN
46.12807,12.24113,12.72506,19.82987,OPEN
46.19891,12.56289,12.92726,19.92715,OPEN
46.79848,12.96292,12.87858,19.9488,OPEN
47.51097,13.22089,12.59957,19.98433,OPEN
47.60861,13.25921,12.5436,19.90048,OPEN
48.04657,13.30223,12.60821,19.87815,OPEN
49.94571,13.6121,13.04454,20.0724,OPEN
51.73867,13.35674,12.88917,19.80473,OPEN
52.27522,13.19364,12.97876,19.44214,OPEN
52.68436,13.00682,12.79449,18.84532,OPEN
53.18753,12.55239,12.25861,17.75048,OPEN
52.40732,12.50902,12.08883,17.38116,OPEN
53.07406,12.9218,11.67065,17.52273,OPEN
53.72377,13.90752,11.17713,18.3798,OPEN
53.52286,13.61857,11.0556,18.65689,OPEN
50.29425,12.65813,11.51954,18.57863,OPEN
46.35716,11.9332,12.37121,18.53939,OPEN
43.19026,11.89675,13.17901,18.03397,OPEN
41.64562,12.42762,13.92885,18.10535,OPEN
37.25299,13.1866,13.65403,17.71803,OPEN
36.39496,13.33188,14.05271,18.14111,OPEN
42.40491,13.98979,14.20137,18.53785,OPEN
51.35667,14.63238,13.87208,18.60337,OPEN
56.93252,15.18301,13.38616,17.8125,OPEN
62.09296,14.69875,12.92795,16.45711,OPEN
63.68948,13.55465,11.84844,15.71639,OPEN
63.21531,13.74547,11.15944,16.05163,OPEN
61.22221,15.23339,12.42086,15.84368,OPEN
60.67031,15.59617,12.82245,15.92453,OPEN
59.8184,15.93991,12.88324,15.69763,OPEN
59.37319,15.71185,12.13897,15.65144,OPEN
57.80423,14.73065,11.76822,16.37249,OPEN
51.47376,14.72892,12.99622,17.73436,OPEN
45.33307,14.20752,13.67196,18.57505,OPEN
40.51352,13.69644,14.89864,19.58053,OPEN
38.76649,13.9938,15.5712,20.02079,OPEN
42.04738,13.56789,14.5729,19.73482,OPEN
45.45222,14.50256,13.52003,20.28228,OPEN
46.26601,15.96247,13.51981,21.17277,OPEN
49.71473,16.89363,13.15838,21.83004,OPEN
51.49113,16.55844,13.18325,21.43738,OPEN
47.10146,13.94458,13.35817,19.80961,OPEN
46.97956,12.75407,13.21171,18.87145,OPEN
47.56416,12.36287,13.00944,18.50392,OPEN
48.54009,12.17827,12.49842,18.23806,OPEN
48.21849,12.4184,12.08457,18.56793,OPEN
48.49134,13.07479,11.75046,19.68086,OPEN
49.67894,13.71769,12.3276,20.82241,OPEN
51.706,14.28891,13.32763,22.32728,OPEN
54.36216,14.31705,13.48254,22.36128,OPEN
57.02879,13.84169,13.06104,21.03682,OPEN
58.53836,13.98812,12.67397,20.71575,OPEN
58.44682,14.2677,12.46453,20.05983,OPEN
56.76826,14.13017,12.4549,19.6473,OPEN
54.30019,14.08731,12.08224,19.94952,OPEN
52.5739,13.95189,12.03873,20.47998,OPEN
51.25471,14.29259,12.04503,20.31508,OPEN
51.1741,14.58713,12.17813,20.01824,OPEN
51.51362,14.78579,11.83608,20.21559,OPEN
53.31685,14.80032,11.97625,20.65785,OPEN
54.70726,14.65305,12.5276,21.05216,OPEN
55.76764,14.9029,13.7896,21.98028,OPEN
55.96087,15.9438,14.49157,22.89171,OPEN
53.44452,17.02106,15.25389,22.82449,OPEN
51.78746,17.2406,14.76253,22.1431,OPEN
51.29717,16.07512,13.5031,21.80227,OPEN
52.51165,15.88107,13.13905,22.13677,OPEN
53.28962,15.56616,13.00974,22.37879,OPEN
54.48128,14.88872,13.08085,21.75474,OPEN
54.30036,14.89703,13.10558,21.2468,OPEN
53.80621,14.86565,13.57582,20.93829,OPEN
54.32703,14.72536,13.92438,20.9769,OPEN
54.55602,14.28665,13.94586,21.32232,OPEN
53.75879,13.61294,13.80127,21.9817,OPEN
52.76871,13.50525,13.92585,22.1645,OPEN
51.54745,13.10353,13.83985,23.49312,OPEN
50.81392,12.7489,13.70879,24.01571,OPEN
50.27203,12.68229,13.81426,23.85078,OPEN
50.59419,13.16171,13.92511,23.19532,OPEN
52.78535,13.38874,13.37222,22.35657,OPEN
54.69154,13.95726,12.98745,21.34763,OPEN
56.97459,14.55329,12.93065,21.45434,OPEN
57.73206,14.84789,12.89792,21.44106,OPEN
57.07141,15.38963,13.81994,21.27275,OPEN
56.4669,15.83168,13.68393,20.51972,OPEN
55.05161,16.14266,13.05403,20.0612,OPEN
52.97463,16.48731,12.53333,19.82977,OPEN
51.59527,16.67696,12.74884,19.91723,OPEN
50.45791,16.4434,12.89286,20.48176,OPEN
50.24334,16.3056,13.41801,20.81485,OPEN
50.73332,16.03017,13.9801,21.43921,OPEN
50.66854,15.58007,13.83458,22.1541,OPEN
51.61868,15.28418,13.36657,23.12947,OPEN
54.00278,15.29358,13.21203,23.93047,OPEN
56.6445,15.55128,13.29711,23.87983,OPEN
58.86898,15.9237,13.49444,23.70123,OPEN
59.64888,16.18795,13.6641,23.54454,OPEN
58.52695,16.60407,13.79765,23.46405,OPEN
56.95568,16.80217,13.69192,23.42168,OPEN
56.77818,16.24217,13.60061,23.31664,OPEN
56.00935,14.97804,13.3027,23.54481,OPEN
53.27478,13.01593,11.69892,22.26006,OPEN
44.65506,9.182047,8.93857,16.87976,OPEN
36.8981,8.165247,7.646499,13.13909,OPEN
36.67298,9.362083,9.880414,13.58606,OPEN
48.00064,13.32311,13.20396,18.12029,OPEN
54.70419,15.18727,13.85116,18.43159,OPEN
59.28046,15.76209,13.38005,18.03459,OPEN
62.72572,15.1545,12.37303,17.23111,OPEN
63.18415,14.42655,12.15713,16.96129,OPEN
62.45964,14.30264,12.31787,16.48222,OPEN
62.2762,14.48904,12.27825,16.24755,OPEN
62.42749,14.72985,12.19838,16.44546,OPEN
62.40496,14.68004,12.25408,16.96762,OPEN
62.34579,14.64721,12.53089,17.58843,OPEN
62.37544,14.63192,12.66905,18.00495,OPEN
62.95218,14.76694,12.8524,18.37904,OPEN
64.29244,14.81074,12.68806,18.38629,OPEN
64.88052,14.64253,11.85267,18.06911,OPEN
63.81811,14.63365,11.64273,17.97661,OPEN
60.34701,14.79722,12.40025,17.61252,OPEN
55.58214,15.2862,13.10627,17.46739,OPEN
48.16946,14.35823,13.30446,17.75362,OPEN
38.2406,12.48006,13.57245,17.48321,OPEN
33.47163,9.242056,9.573311,14.82091,OPEN
34.7845,8.398121,8.096818,12.97862,OPEN
35.13383,8.688036,8.11462,12.0803,OPEN
34.19527,9.845345,8.614795,12.39739,OPEN
33.89081,10.45,8.979819,13.01734,OPEN
33.76334,10.31969,8.924713,13.05298,OPEN
33.69394,10.07214,8.758247,12.90182,OPEN
33.70361,9.729812,8.641997,12.66677,OPEN
35.12265,9.473076,8.567839,12.73877,OPEN
36.66278,9.26987,8.627622,13.12713,OPEN
38.12676,9.1182,8.902408,14.3131,OPEN
42.37774,9.940419,9.594275,15.64504,OPEN
47.31342,11.30571,10.43128,17.37945,OPEN
51.29273,13.86157,11.88612,20.58858,OPEN
52.71747,15.23868,12.6587,22.21396,OPEN
53.37976,16.18552,13.21274,23.16501,OPEN
55.17854,17.3711,13.97276,24.22191,OPEN
56.65048,18.48716,14.18794,23.71653,OPEN
57.47789,19.40813,14.22704,23.29599,OPEN
58.38249,20.50777,14.2722,22.53464,OPEN
57.93694,20.90998,14.31431,22.29716,OPEN
57.83017,20.78633,14.33146,22.33607,OPEN
58.00147,20.75856,14.41219,22.26852,OPEN
57.75401,20.4292,14.72806,22.03066,OPEN
57.58444,19.91654,14.96135,21.80619,OPEN
56.71268,19.50603,15.11376,21.71438,OPEN
56.17613,19.47028,15.20223,21.64935,OPEN
55.76803,19.53098,15.30694,21.74372,OPEN
55.70016,19.5943,15.44293,22.03003,OPEN
55.88237,19.48067,15.53555,22.43034,OPEN
56.29446,19.66918,15.2375,22.54921,OPEN
56.97202,19.43561,14.63386,22.33886,OPEN
58.2332,17.92631,13.87858,22.64999,OPEN
57.00315,16.09806,13.29822,23.39857,OPEN
54.42373,13.01009,11.8058,21.89992,OPEN
52.31995,11.33678,10.57747,19.49607,OPEN
48.66165,10.92726,10.7055,17.80155,OPEN
43.99965,10.85433,11.27915,16.48583,OPEN
41.93597,10.31015,10.75801,15.5213,OPEN
44.09607,10.06151,9.625594,15.06042,OPEN
45.17542,10.35269,9.539081,15.24716,OPEN
39.54803,9.351707,8.889599,13.85447,OPEN
36.13109,9.002088,8.70624,12.91932,OPEN
34.13516,10.2557,9.518865,13.12267,OPEN
38.93337,13.25575,13.31417,17.19096,OPEN
46.55526,15.14642,15.66583,20.45719,OPEN
51.74988,15.8866,16.13012,20.72434,OPEN
55.54035,15.89879,14.96539,19.89383,OPEN
57.14847,16.3548,14.68386,18.81194,OPEN
56.90561,15.79535,14.58065,17.9483,OPEN
56.8298,16.09169,14.63783,18.70259,OPEN
59.22603,16.19566,14.5098,19.32351,OPEN
59.51663,16.69901,14.59009,19.26429,OPEN
56.67439,17.56893,15.03035,19.60392,OPEN
55.84242,18.09204,15.11348,19.69729,OPEN
55.55309,18.35513,15.17069,19.67189,OPEN
55.07793,19.77944,15.62469,19.52821,OPEN
58.45134,20.22316,15.40382,19.1012,OPEN
63.84095,19.61576,15.57651,18.95394,OPEN
65.6806,19.28743,15.59139,19.08922,OPEN
65.2584,18.79938,15.34881,19.02743,OPEN
63.90094,17.1854,15.38904,19.24302,OPEN
63.50064,16.35285,15.34904,19.86897,OPEN
62.44752,16.05788,15.1103,20.05834,OPEN
64.09138,17.02009,15.21162,19.84034,OPEN
65.45432,17.75962,15.62391,19.7782,OPEN
65.80316,17.36024,16.1549,19.69059,OPEN
66.74143,16.68609,16.09699,19.41866,OPEN
66.80477,16.28042,16.41979,19.02329,OPEN
66.85299,16.04624,16.5873,19.29008,OPEN
67.66151,16.22491,16.63078,19.32351,OPEN
68.76826,16.86052,16.60562,19.12409,OPEN
68.41347,17.57167,16.70041,18.97504,OPEN
66.34071,17.8341,16.14629,18.53163,OPEN
62.88971,17.63807,15.64015,18.75623,OPEN
60.66217,17.75857,14.68931,19.45978,OPEN
57.96667,17.89583,14.24778,19.04265,OPEN
57.66859,16.58932,13.75306,17.2097,OPEN
56.61922,15.87577,13.2532,16.60602,OPEN
55.64603,15.53923,12.6137,16.27538,OPEN
53.7494,15.28392,12.32501,16.17781,OPEN
54.4831,14.59219,12.48895,16.80271,OPEN
53.23078,14.4273,12.79973,17.32752,OPEN
51.23498,14.91832,13.38501,18.03449,OPEN
50.14776,15.04879,13.79341,18.72488,OPEN
49.4162,14.95818,14.37669,19.41539,OPEN
49.03781,14.98796,15.03218,19.7861,OPEN
45.28403,14.51417,15.37241,19.96506,OPEN
39.41653,12.51884,12.93151,18.08776,OPEN
46.47231,11.55645,11.04543,18.55536,OPEN
57.5625,14.28674,11.93804,21.84591,OPEN
62.96795,16.37098,12.70358,23.07474,OPEN
64.22244,17.70985,13.09553,22.8969,OPEN
64.33581,18.08018,12.90565,22.95002,OPEN
63.09318,16.90057,13.17368,23.11576,OPEN
58.9543,15.46298,12.62458,22.92396,OPEN
57.19926,13.71743,11.61432,21.923,OPEN
54.98499,11.00738,9.406381,18.83384,OPEN
44.7404,9.391261,8.070395,14.4629,OPEN
44.98576,13.76114,12.45155,17.29931,OPEN
51.77136,17.47074,18.14219,22.6991,OPEN
52.45496,17.3829,19.16321,23.40631,OPEN
53.34871,16.01408,18.29245,22.09026,OPEN
59.30871,14.5535,16.65433,20.75159,OPEN
64.64423,14.62514,16.08763,20.44695,OPEN
62.42093,16.14005,16.94823,21.4807,OPEN
61.27026,16.64095,17.20228,21.83632,OPEN
58.49503,16.87847,16.60956,21.60022,OPEN
56.66375,16.52937,16.25048,21.52877,OPEN
55.31848,16.17081,15.83617,21.27397,OPEN
54.4497,15.11635,15.40697,21.60494,OPEN
52.98761,15.06053,15.83819,22.06259,OPEN
52.9324,15.74245,16.53826,22.69776,OPEN
52.92053,16.12672,16.87873,22.06129,OPEN
52.12149,16.43099,17.72781,21.35348,OPEN
47.12055,15.1395,17.34296,20.76661,OPEN
44.08417,15.02965,17.33906,20.45721,OPEN
50.15086,15.81734,16.83177,20.16761,OPEN
49.5691,16.05924,16.80181,19.80704,OPEN
49.01126,15.50571,17.05117,19.66377,OPEN
47.60781,15.51592,16.78085,19.24488,OPEN
45.29345,14.356,16.39002,19.68483,OPEN
48.67521,14.40948,15.63594,17.7578,OPEN
54.25015,12.83043,15.82474,17.29439,OPEN
50.06479,17.06445,16.67254,19.68088,OPEN
49.64993,20.10766,18.0223,23.53402,OPEN
49.08097,19.05483,18.85939,25.42934,OPEN
49.9449,16.30856,15.216,27.34726,OPEN
50.96557,16.01531,13.61255,26.48171,OPEN
57.27928,16.96797,13.9104,26.50316,OPEN
59.29566,17.71726,15.03022,27.66045,OPEN
57.63734,16.63539,15.57548,28.46239,OPEN
55.81123,16.23936,15.25418,28.19031,OPEN
55.38092,16.56945,15.09037,26.91151,OPEN
54.21435,16.89848,15.66476,25.67937,OPEN
55.50045,17.70476,15.80247,24.29744,OPEN
56.7782,18.35677,15.39941,23.54131,OPEN
57.22495,17.86789,14.97997,22.87057,OPEN
57.18037,16.1074,13.82121,22.48794,OPEN
55.97479,13.91591,12.26482,21.46969,OPEN
51.95229,11.40431,10.09409,18.5844,OPEN
37.15551,8.566967,8.00967,13.68894,OPEN
36.52031,11.55647,10.20292,14.9928,OPEN
41.14684,14.52344,13.35091,18.54468,OPEN
49.93843,17.28553,16.16919,22.81061,OPEN
57.53304,17.56279,17.3215,23.53978,OPEN
60.09601,16.98588,17.27832,23.18237,OPEN
60.58831,16.5437,16.84546,22.95875,OPEN
57.29058,16.27653,16.35714,22.69367,OPEN
56.73261,16.13827,16.07116,21.9554,OPEN
58.9063,16.31786,15.73582,20.98183,OPEN
59.51046,16.64905,15.51381,20.01787,OPEN
58.33618,16.81891,15.47106,19.50627,OPEN
56.81133,17.13331,15.414,19.43131,OPEN
55.764,17.46711,15.3414,19.46721,OPEN
55.10493,17.65969,15.25953,19.59318,OPEN
55.18007,17.81079,15.26189,19.73012,OPEN
54.28518,17.49226,15.0514,19.84156,OPEN
54.79237,16.51,14.54938,19.78677,OPEN
53.05349,15.5334,13.96084,19.50976,OPEN
50.3175,15.35001,14.13291,19.69136,OPEN
50.10411,15.44075,14.46205,19.70629,OPEN
48.00957,15.42486,14.64996,19.05037,OPEN
41.28914,14.40518,14.82551,18.76101,OPEN
34.98246,13.09016,14.6979,18.27073,OPEN
26.78851,10.03388,10.64658,14.24205,OPEN
25.20718,8.177237,7.453904,12.08188,OPEN
25.9336,7.255662,7.407269,11.92121,OPEN
29.59006,7.085127,8.061462,13.12848,OPEN
32.27228,9.278559,8.897065,15.59884,OPEN
31.23376,12.82809,10.81096,19.58211,OPEN
29.03496,14.96029,12.96391,22.59951,OPEN
27.76917,15.83125,13.6818,22.84937,OPEN
26.70648,15.79408,14.04396,22.33854,OPEN
26.25764,15.61764,14.1982,21.7159,OPEN
26.64736,15.47311,14.39695,21.11357,OPEN
28.20262,15.39992,13.91455,21.13128,OPEN
29.86217,15.7629,13.41137,21.91629,OPEN
30.43288,15.86767,13.12825,22.48689,OPEN
30.80126,15.70716,13.09688,22.75927,OPEN
33.70282,15.73647,13.28334,23.07972,OPEN
34.96829,16.02527,13.38179,23.09498,OPEN
36.41722,16.34098,13.47253,23.08762,OPEN
42.35719,17.36217,13.48383,23.04863,OPEN
47.69261,17.70792,13.37612,22.92189,OPEN
52.8393,17.39721,13.3968,22.77162,OPEN
57.219,17.63094,13.33908,22.51324,OPEN
65.15099,18.66367,13.26754,21.81709,OPEN
73.10819,19.81422,13.31262,20.87634,OPEN
74.49075,20.27426,13.90928,20.50015,OPEN
72.28166,20.28326,14.81599,20.47048,OPEN
70.48218,20.09296,15.27529,20.52419,OPEN
68.59888,20.29445,15.43853,20.56358,OPEN
67.87925,20.43137,15.44185,20.65306,OPEN
67.75656,20.68627,15.42931,20.86235,OPEN
67.19635,20.91895,15.17544,20.99017,OPEN
66.55369,21.11043,14.84868,20.93791,OPEN
67.08137,21.04013,14.80728,20.94869,OPEN
68.16793,21.53444,14.42782,20.55644,OPEN
68.10855,21.86038,14.47622,20.25485,OPEN
67.11124,22.20278,14.23646,20.11701,OPEN
66.22907,22.66947,14.00003,19.63835,OPEN
65.74596,22.81095,14.05194,19.25321,OPEN
66.26862,22.52137,14.45604,19.42283,OPEN
69.37201,21.97927,14.87215,20.35743,OPEN
69.69982,21.73702,14.86099,20.57591,OPEN
71.33339,21.27494,14.88648,20.89778,OPEN
72.43383,21.0674,14.8307,20.80495,OPEN
72.58996,20.8041,14.75691,20.32681,OPEN
74.28504,20.58893,15.04509,20.57796,OPEN
73.95707,20.43969,15.43068,21.18409,OPEN
72.1004,20.27077,15.417,21.12344,OPEN
70.53589,19.58771,15.27722,21.31046,OPEN
70.93234,18.79055,14.65832,21.2298,OPEN
69.64513,18.04414,14.32751,20.85687,OPEN
70.26217,17.81463,14.08354,20.60339,OPEN
73.97961,17.37239,13.69272,20.11989,OPEN
78.83693,17.05287,13.80625,19.37199,OPEN
77.44641,16.42261,14.60552,19.76516,OPEN
71.61587,15.66596,16.34538,20.50733,OPEN
70.34731,16.07634,17.38017,21.93747,OPEN
68.28292,17.22789,18.08391,23.07408,OPEN
63.67144,18.43498,18.72547,23.65479,OPEN
60.5258,19.02716,18.88198,23.71295,OPEN
56.53662,19.15696,18.8302,23.68457,OPEN
55.7513,19.25351,19.2303,23.56147,OPEN
56.48516,19.39201,19.41543,23.64995,OPEN
54.92392,18.47555,19.03434,23.80413,OPEN
52.45672,17.16974,18.14544,23.17007,OPEN
50.13985,16.90778,17.23176,21.74302,OPEN
48.24074,16.87556,16.84668,20.93159,OPEN
48.27137,16.81557,16.69521,20.86306,OPEN
49.8194,16.70672,16.68038,20.98847,OPEN
50.95104,16.61735,16.8078,21.32009,OPEN
51.41138,16.56043,16.83485,21.5157,OPEN
51.3321,16.55913,17.05065,21.84608,OPEN
52.11752,16.50322,17.15775,21.98474,OPEN
52.59103,16.51663,17.55268,22.609,OPEN
54.89527,17.01441,18.43984,23.70404,OPEN
57.9373,17.37136,18.45104,24.37417,OPEN
62.42981,17.35651,17.18013,24.82018,OPEN
64.19643,17.83716,16.65582,24.94676,OPEN
65.99588,18.52522,15.72451,22.68924,OPEN
67.15421,18.88125,15.71877,22.44292,OPEN
69.2476,18.46147,14.15823,21.68714,OPEN
70.22057,18.51497,13.17769,21.27793,OPEN
71.62592,18.86092,13.48096,20.71416,OPEN
71.37569,18.93889,14.25981,20.89116,OPEN
71.53733,19.24833,14.62388,21.06921,OPEN
71.63176,19.3547,14.91531,21.42237,OPEN
71.02306,19.30185,14.81962,21.56865,OPEN
70.36635,18.81856,15.04314,21.41749,OPEN
70.66067,18.31296,14.92172,21.37055,OPEN
71.23241,17.86043,14.51137,21.93801,OPEN
69.74952,17.68428,14.94711,22.78964,OPEN
67.19008,17.84732,15.58753,23.46588,OPEN
65.99583,17.95054,16.08515,23.68543,OPEN
64.16163,18.03824,16.18824,23.47844,OPEN
63.5241,18.58261,16.519,23.03854,OPEN
60.86119,17.73348,16.93507,23.76536,OPEN
60.26988,18.28422,17.14385,23.68442,OPEN
59.19731,18.6992,17.97194,22.94037,OPEN
57.58802,18.98196,17.3149,22.19159,OPEN
54.76192,18.23674,17.78745,22.74904,OPEN
53.44727,15.75887,20.60966,24.03648,OPEN
48.98012,14.93142,19.47338,23.70775,OPEN
43.22527,16.07548,18.27839,22.82749,OPEN
42.09116,16.40851,17.58859,22.28697,OPEN
41.62147,16.02288,16.61149,21.38967,OPEN
42.15442,14.73233,15.467,20.16865,OPEN
43.5691,13.75094,15.01518,19.60821,OPEN
46.71091,13.60971,14.93949,19.79775,OPEN
51.45465,13.86826,15.18223,20.67538,OPEN
55.55408,14.33651,14.92109,21.39617,OPEN
56.74314,14.55193,14.16654,22.27959,OPEN
51.99578,13.94752,13.4993,23.67686,OPEN
48.19473,12.8939,12.61679,22.87249,OPEN
46.14347,12.68878,12.18989,22.13,OPEN
41.98122,13.94342,11.94486,20.49081,OPEN
38.24381,15.1092,11.70462,18.57013,OPEN
36.5294,14.74605,11.23135,18.24029,OPEN
35.86411,14.14242,10.93769,18.17252,OPEN
35.41518,13.64499,10.8391,18.04809,OPEN
35.17334,13.07572,10.87301,18.13266,OPEN
34.36164,12.8795,11.03251,17.96347,OPEN
33.22532,13.16335,10.95145,17.57692,OPEN
33.52649,13.64196,11.00951,17.27994,OPEN
33.84505,13.84112,11.05706,17.37589,OPEN
34.35689,13.89757,11.16377,17.65558,OPEN
35.22858,13.83364,11.41863,18.53217,OPEN
35.93839,13.84561,11.75001,19.44208,OPEN
36.54457,14.28335,12.10535,20.27345,OPEN
38.56249,15.10186,12.49672,21.07885,OPEN
42.35162,15.83292,12.88203,21.65286,OPEN
49.66446,16.77568,13.27433,22.39613,OPEN
61.41342,17.39875,13.66471,23.04746,OPEN
73.04544,17.80033,14.31449,23.30717,OPEN
78.16965,18.35834,14.79572,22.42938,OPEN
78.71812,18.87807,15.13081,21.57575,OPEN
77.7347,19.17708,15.28313,21.17116,OPEN
75.84731,19.19453,15.61341,21.09912,OPEN
75.62857,18.93663,15.5564,21.16973,OPEN
75.91477,18.7606,15.35971,21.15661,OPEN
76.32031,18.83274,15.26048,21.09789,OPEN
77.00995,18.8338,15.01452,20.99408,OPEN
77.7739,18.55706,14.90879,20.74617,OPEN
78.37818,18.30997,14.8561,20.75055,OPEN
79.89307,17.97495,14.81315,21.08505,OPEN
78.5801,17.27671,14.89494,21.756,OPEN
73.10759,16.96184,14.49053,22.20896,OPEN
64.81944,16.64875,13.60201,22.25981,OPEN
60.18261,16.59709,13.09441,22.34487,OPEN
54.35595,16.75328,12.60001,22.34643,OPEN
49.9955,16.97348,12.50724,21.85872,OPEN
47.00964,16.63656,12.30378,20.70724,OPEN
44.80013,16.20395,12.00638,19.60787,OPEN
43.39214,15.3254,11.21918,18.5314,OPEN
42.31744,14.22711,10.8779,18.46064,OPEN
40.92814,13.56003,10.677,18.1076,OPEN
39.59907,13.10892,10.10377,17.29495,OPEN
38.97001,12.66891,9.687731,16.54131,OPEN
38.42559,12.05589,9.195799,15.69547,OPEN
37.61066,11.90327,8.892008,15.16331,OPEN
36.79641,12.04233,8.794865,15.00739,OPEN
38.40075,12.17628,8.604278,15.19332,OPEN
41.14631,12.70644,9.323776,16.37292,OPEN
42.10581,13.6204,10.50343,17.74837,OPEN
46.30979,15.77684,12.0854,19.74661,OPEN
50.73446,17.01127,12.10092,20.57064,OPEN
55.2021,16.58567,12.0364,21.79626,OPEN
59.16256,15.69888,12.71309,23.00128,OPEN
59.91211,15.9918,14.55825,23.7901,OPEN
56.67458,15.22382,15.31454,22.30187,OPEN
55.00463,14.20096,15.08915,20.67195,OPEN
55.45226,13.9925,15.04192,20.15768,OPEN
64.26431,14.51577,15.40078,20.75546,OPEN
67.27708,15.15678,15.56791,22.2628,OPEN
67.42332,15.84297,17.29856,23.64942,OPEN
63.57532,18.22426,17.4758,22.98548,OPEN
61.70204,19.07952,17.41977,22.36215,OPEN
59.17288,18.5095,17.1355,22.15678,OPEN
58.14276,17.17422,16.57791,22.40549,OPEN
57.90878,17.19536,15.40717,22.31416,OPEN
58.66911,17.56106,14.74475,22.08535,OPEN
58.57061,18.18202,14.3892,22.0569,OPEN
59.8499,19.12387,13.98899,22.40845,OPEN
61.25036,18.86427,13.75324,22.66256,OPEN
61.97607,18.19864,13.86868,22.65529,OPEN
62.51923,17.61747,14.09167,22.64799,OPEN
61.34333,16.64388,14.71555,22.06539,OPEN
59.37781,16.19955,15.11025,20.82158,OPEN
60.21039,15.26119,14.43752,20.78443,OPEN
59.95496,14.1738,13.54513,20.71346,OPEN
55.83397,13.2751,13.09714,20.46642,OPEN
48.8149,13.11386,13.05841,19.49838,OPEN
43.51723,14.07569,13.29721,19.06375,OPEN
40.3661,13.80135,12.79916,18.11285,OPEN
40.17196,13.17039,11.88315,17.23376,OPEN
44.48996,12.7369,11.79737,17.61827,OPEN
46.00414,12.00707,12.16296,18.12958,OPEN
47.82261,12.25749,12.72067,19.51654,OPEN
50.23861,13.15394,12.37554,20.06541,OPEN
51.32616,14.54235,12.24865,20.38873,OPEN
53.17833,15.16913,13.00199,20.62805,OPEN
55.17166,15.17642,13.78025,20.54845,OPEN
55.20866,15.42752,14.26925,20.98603,OPEN
53.95145,14.92534,14.56511,20.37241,OPEN
53.72784,15.27661,14.69029,20.54067,OPEN
53.17846,16.08854,14.50396,20.80264,OPEN
52.24597,17.11233,13.68731,20.70613,OPEN
49.26989,15.93866,14.05787,21.84326,OPEN
49.61422,14.49701,13.72453,22.47203,OPEN
48.48333,13.90225,13.9388,22.40219,OPEN
46.41299,13.36626,14.07261,21.04756,OPEN
44.26619,13.68034,14.59529,19.82423,OPEN
43.20781,14.83492,15.42421,19.86369,OPEN
44.0869,15.29266,15.41356,20.19992,OPEN
44.87518,14.9004,14.80659,20.03591,OPEN
45.34548,13.65907,13.98289,19.67646,OPEN
46.88773,13.3629,13.51404,20.05085,OPEN
48.41045,13.40772,13.34873,20.65868,OPEN
55.37259,13.44142,12.51383,21.61471,OPEN
59.43332,14.22441,12.30793,20.70584,OPEN
59.56301,15.05505,12.39085,20.5055,OPEN
59.13697,14.04464,13.68093,21.11567,OPEN
57.94543,13.78229,14.49918,21.44164,OPEN
58.103,14.60371,14.75688,21.7615,OPEN
55.29235,15.06193,14.48089,20.85472,OPEN
54.88816,15.02616,14.3119,20.18709,OPEN
53.72276,15.10999,14.8854,19.86154,OPEN
54.58121,15.81085,14.17749,19.93027,OPEN
51.83853,16.2725,13.62236,20.13883,OPEN
53.66244,15.33874,13.19268,21.66742,OPEN
52.46088,13.75857,13.30662,22.62063,OPEN
51.59082,13.25323,13.36887,23.04454,OPEN
51.09285,13.53854,13.32505,22.94586,OPEN
50.86659,14.35708,13.75971,22.4379,OPEN
51.32392,14.97687,13.88862,22.15244,OPEN
52.51276,15.17709,13.80154,22.03488,OPEN
53.12473,14.83293,13.57106,21.76571,OPEN
53.26166,14.63436,13.41087,21.81381,OPEN
54.3442,14.20734,13.09678,22.16373,OPEN
55.20552,13.59726,13.05707,22.14951,OPEN
55.54549,13.57731,13.32219,22.06505,OPEN
56.57401,14.52991,13.86683,21.79461,OPEN
56.04108,15.55473,14.24486,21.52927,OPEN
55.43758,16.43387,14.4157,20.96275,OPEN
55.15565,16.34268,13.97334,20.94134,OPEN
55.6752,16.07416,13.86063,20.99879,OPEN
56.14728,15.71896,13.96632,21.12619,OPEN
56.40458,15.70701,13.93319,21.16074,OPEN
56.61107,15.94659,13.94808,20.9635,OPEN
56.42326,16.29694,14.16372,21.04703,OPEN
56.76978,16.21136,14.24975,21.44267,OPEN
56.47585,16.34757,14.0343,21.04928,OPEN
56.10792,16.38155,13.7718,20.45505,OPEN
55.74988,15.89668,13.88842,20.85386,OPEN
54.03279,15.97796,13.94458,22.35674,OPEN
52.43256,15.67285,13.11156,22.72052,OPEN
50.4732,14.7086,12.4657,21.72525,OPEN
48.96794,13.82271,12.40892,20.60682,OPEN
48.68248,12.89217,12.42342,19.5212,OPEN
50.48434,13.60402,12.48254,19.93209,OPEN
52.82502,15.50579,13.23045,21.97479,OPEN
53.72243,16.61529,13.82586,22.33044,OPEN
53.83926,16.72995,13.72992,21.50599,OPEN
53.1092,17.23323,13.50082,20.22592,OPEN
52.96193,17.14273,13.74518,19.65043,OPEN
52.3647,16.42596,14.48356,19.36847,OPEN
51.03751,15.82642,14.74325,20.11713,OPEN
49.112,15.6167,14.68089,20.52575,OPEN
46.90527,16.90315,14.66177,19.72469,OPEN
46.87629,18.00208,13.98405,19.52376,OPEN
47.77034,18.22932,13.93891,19.944,OPEN
48.8006,17.51306,14.12478,20.33994,OPEN
49.64755,16.60028,14.45717,20.22387,OPEN
51.02228,16.40069,14.63621,20.12773,OPEN
52.30066,14.45242,13.92111,20.30677,OPEN
43.78646,10.66295,11.21206,17.26628,OPEN
33.73263,11.20853,10.98394,15.91984,OPEN
54.33646,15.6902,14.19198,18.45306,OPEN
62.85805,17.45669,15.32882,19.60861,OPEN
62.93223,16.65593,14.71485,19.5672,OPEN
65.37792,15.14613,13.74334,19.35173,OPEN
65.83926,14.34509,13.078,19.09839,OPEN
64.42255,14.27483,12.85242,19.16325,OPEN
62.09264,14.76134,13.9161,19.18112,OPEN
63.33742,15.34642,14.51038,19.75375,OPEN
65.06691,15.87663,14.87698,20.69413,OPEN
64.54649,15.84827,15.05808,21.37688,OPEN
63.26439,15.57008,14.94391,21.63588,OPEN
60.77635,15.11842,14.68473,21.77592,OPEN
59.97501,15.05207,14.72497,21.53478,OPEN
58.61487,15.02007,14.67665,21.3204,OPEN
58.69237,14.88476,14.46909,20.93922,OPEN
60.20735,14.9683,14.5073,20.74929,OPEN
61.20245,15.20246,14.69105,20.51498,OPEN
61.6778,15.27021,14.69305,20.38308,OPEN
62.34169,15.27293,14.61301,20.29647,OPEN
62.38782,15.19805,14.49542,20.28074,OPEN
62.5122,15.12282,14.27026,20.25452,OPEN
62.63425,15.05008,14.05149,20.15227,OPEN
62.79322,15.05598,14.02578,20.05498,OPEN
63.18003,15.02916,14.01084,19.85404,OPEN
63.49426,14.98868,13.91199,19.618,OPEN
63.98428,15.00118,13.74655,19.47622,OPEN
64.20012,14.90385,13.52568,19.30596,OPEN
64.06245,15.0094,13.57781,19.31738,OPEN
63.53323,15.02505,13.51527,19.48997,OPEN
63.17273,14.95709,13.38507,19.66247,OPEN
61.91664,14.9398,13.51506,19.61525,OPEN
61.25361,14.75874,14.37353,19.0348,OPEN
56.55176,14.05046,13.85094,17.97537,OPEN
45.5118,13.34315,11.54637,16.57054,OPEN
32.20506,11.75021,10.47557,15.60708,OPEN
26.13548,10.61293,9.353367,14.68152,OPEN
35.935,10.01382,10.14841,15.90099,OPEN
41.18176,9.326811,12.94526,18.12015,OPEN
46.72488,10.22712,15.02582,19.48649,OPEN
50.79706,12.71057,16.13686,20.42771,OPEN
53.31935,13.68886,16.47791,21.29408,OPEN
53.18341,13.67989,16.3749,21.22743,OPEN
52.14446,13.38235,15.82495,20.66637,OPEN
52.24282,12.76558,15.21543,20.04411,OPEN
52.22337,12.36045,15.37861,20.24391,OPEN
53.12841,12.47253,16.26184,20.70813,OPEN
53.16957,12.26458,17.15119,21.07064,OPEN
53.87336,11.1144,18.27201,21.14553,OPEN
53.8351,10.77463,18.62979,21.03362,OPEN
54.39359,10.48014,18.55396,21.13742,OPEN
53.63005,11.23449,19.35272,21.53484,OPEN
53.16311,10.80305,21.28265,21.44368,OPEN
46.10844,18.41924,27.27542,22.11126,OPEN
40.82854,15.3641,34.461,21.7243,OPEN
40.00244,9.926858,43.62983,21.67616,OPEN
39.47395,9.499763,46.96586,20.72354,OPEN
41.19324,8.535779,42.39482,20.1344,OPEN
42.2595,13.00059,31.8517,18.26354,OPEN
39.22019,24.07219,14.56169,17.13716,OPEN
34.69764,25.97021,20.85143,19.10158,OPEN
33.27562,18.32531,21.54845,22.98526,OPEN
31.44446,15.5441,27.01813,25.28345,OPEN
32.44227,15.81749,28.37493,25.75596,OPEN
36.42695,18.91339,24.43734,23.89537,OPEN
39.30537,16.81179,22.36934,22.40392,OPEN
47.62118,13.16858,20.57123,21.86638,OPEN
43.22611,13.39116,24.63806,26.83126,OPEN
37.55292,12.95826,17.44294,22.30359,OPEN
41.1088,8.419209,13.78168,19.87806,OPEN
43.40598,7.371821,12.51374,19.00342,OPEN
46.00976,11.57302,17.13528,22.17104,OPEN
46.32915,15.7738,16.12662,22.14505,OPEN
45.91583,16.00919,14.0317,21.52075,OPEN
46.58155,15.6432,14.68523,21.30109,OPEN
53.95744,16.21297,15.32448,20.12947,OPEN
60.42767,16.73946,14.85927,19.62938,OPEN
60.39619,17.8917,14.56506,20.09638,OPEN
56.76524,16.6567,14.13429,21.35284,OPEN
54.45279,15.62824,13.41856,20.80673,OPEN
53.247,15.38346,13.00003,20.56389,OPEN
53.52737,14.9244,13.14433,21.05264,OPEN
54.06553,13.59767,12.61437,20.991,OPEN
54.95353,14.35902,12.41923,21.71166,OPEN
54.9961,13.85917,11.81802,21.49561,OPEN
52.78964,13.9275,11.96151,20.76527,OPEN
52.59769,14.09347,12.15416,20.388,OPEN
52.67373,14.04163,12.29084,19.8111,OPEN
52.70941,14.03002,12.54465,19.49077,OPEN
52.71794,14.04051,12.5441,19.26089,OPEN
52.98857,14.12279,12.64565,18.81162,OPEN
51.49429,14.07117,12.73013,19.03842,OPEN
51.06407,14.15682,13.16266,20.72474,OPEN
51.10924,13.93177,13.4765,21.2901,OPEN
51.12605,14.44355,13.75073,22.10331,OPEN
52.38152,14.78636,13.14433,22.22034,OPEN
53.56516,14.39302,12.75079,22.40433,OPEN
53.5832,14.5543,12.89613,23.64772,OPEN
52.97226,14.65246,12.32878,22.7546,OPEN
54.3767,14.7699,12.26288,22.86901,OPEN
54.44466,14.68577,12.40618,22.63744,OPEN
54.83513,14.22081,12.18667,21.75673,OPEN
50.27918,12.47364,12.35502,20.37008,OPEN
38.87786,12.16277,12.7309,17.45727,OPEN
34.02801,12.37408,12.30807,15.69757,OPEN
39.89552,14.17657,13.4973,17.40896,OPEN
49.97854,16.07897,15.16866,20.22768,OPEN
57.26366,16.06181,15.26675,20.86052,OPEN
61.60025,16.01981,14.90412,20.39153,OPEN
65.01645,15.49126,13.87655,19.36484,OPEN
67.48656,14.80601,13.1005,18.67921,OPEN
67.72574,14.71989,12.5441,18.54869,OPEN
66.32652,14.93011,12.17636,18.37041,OPEN
63.40051,15.22953,12.37429,18.60951,OPEN
63.03103,14.97993,12.4398,18.87445,OPEN
63.39032,14.87306,12.4105,19.10742,OPEN
64.14534,14.98074,12.49468,19.11766,OPEN
64.66328,15.04379,12.55911,19.05736,OPEN
65.28935,15.37274,12.6435,18.96425,OPEN
65.50441,15.56891,13.00886,18.51209,OPEN
64.7824,15.5558,13.29414,18.10623,OPEN
63.70348,15.42181,13.49474,17.78068,OPEN
62.78999,14.9269,14.04579,17.84232,OPEN
62.70535,15.01438,14.40505,17.7295,OPEN
62.20275,15.11357,14.81029,18.0671,OPEN
61.36282,14.65666,14.43828,18.37151,OPEN
61.1565,14.58007,14.3644,18.75079,OPEN
61.37595,14.60145,14.29612,18.87783,OPEN
61.21241,14.6727,14.20695,18.81774,OPEN
60.62814,14.90294,14.04879,18.63177,OPEN
59.86934,14.87963,13.67159,17.96597,OPEN
60.28788,15.0975,13.97772,17.98234,OPEN
60.85341,15.01256,13.75546,17.70626,OPEN
61.46879,14.62208,12.60016,17.15532,OPEN
61.56282,14.44117,11.84761,17.04602,OPEN
60.41735,14.53221,11.74435,16.91993,OPEN
57.87692,14.6547,12.11959,16.75846,OPEN
54.39103,14.59466,12.45706,16.70493,OPEN
46.4275,14.18471,12.53336,17.38162,OPEN
36.62342,12.48099,11.02218,16.77032,OPEN
37.05141,10.72372,11.1221,16.92069,OPEN
44.85224,10.82982,11.69154,18.85404,OPEN
49.79926,13.20385,12.02467,20.90486,OPEN
52.63546,15.5499,12.52413,22.07377,OPEN
51.59589,16.75954,12.62014,22.35266,OPEN
49.92122,16.95945,12.32328,21.61439,OPEN
47.84089,16.27957,12.23585,21.59872,OPEN
48.37117,16.49062,12.69251,22.95022,OPEN
51.14967,16.17933,13.13424,23.55396,OPEN
50.75178,15.47532,13.16635,23.19915,OPEN
51.57959,14.91113,13.53373,22.86479,OPEN
53.30408,14.46183,13.47394,22.66994,OPEN
53.97171,14.2777,13.24929,22.82701,OPEN
51.84004,14.1773,12.561,22.46401,OPEN
43.39454,14.23497,11.53732,21.25977,OPEN
42.28903,14.07254,11.6767,20.90895,OPEN
47.32991,13.54849,12.10255,20.72871,OPEN
50.51082,13.21122,12.32141,20.43372,OPEN
50.94965,13.19771,13.01631,20.11456,OPEN
50.56783,13.56684,13.51468,20.05214,OPEN
50.84644,13.27215,13.55558,19.89225,OPEN
51.41832,13.51508,13.33117,20.24085,OPEN
52.42841,13.89704,12.63545,20.49312,OPEN
53.97977,14.25916,11.49454,20.44518,OPEN
54.86963,13.65547,11.20532,20.42431,OPEN
54.82515,13.2339,11.13827,20.36002,OPEN
54.70675,13.02233,11.0706,20.2472,OPEN
54.2875,12.78927,10.85883,19.75496,OPEN
53.72293,12.94994,10.5802,19.42559,OPEN
52.63311,13.17168,10.67708,19.32147,OPEN
51.16365,13.3299,11.37077,19.25733,OPEN
49.15988,12.5925,11.61288,18.8561,OPEN
48.18458,12.56666,11.3242,18.36824,OPEN
46.57068,13.50973,11.53618,18.87317,OPEN
46.07999,14.08584,11.56756,19.27383,OPEN
48.72108,14.65405,11.74757,20.56108,OPEN
53.25194,15.08177,12.03169,21.52842,OPEN
56.21448,15.57585,12.53531,21.50222,OPEN
56.99457,15.54891,13.14756,21.38032,OPEN
56.66122,15.50694,13.41736,21.5343,OPEN
55.90095,15.3261,13.21182,21.53858,OPEN
53.88234,14.80818,12.65594,21.41122,OPEN
51.14186,13.94875,12.24255,21.61041,OPEN
47.90286,13.68779,11.66692,20.83147,OPEN
44.72881,13.22154,10.44499,18.89906,OPEN
45.41541,12.32923,10.35839,18.35642,OPEN
45.87349,10.80677,10.40106,16.89368,OPEN
44.94321,10.60324,10.7995,16.77442,OPEN
45.41814,10.92114,11.35364,17.32281,OPEN
45.90428,11.77298,12.04351,18.04712,OPEN
44.99821,13.75793,13.42546,19.36877,OPEN
44.37322,13.82313,12.90519,19.49568,OPEN
44.42384,13.58234,12.39378,19.34777,OPEN
44.73377,13.61985,12.50678,19.52548,OPEN
44.45132,14.15642,13.44312,19.63926,OPEN
44.97968,14.25547,13.71345,19.67538,OPEN
45.26596,13.78675,13.57847,19.32959,OPEN
45.99178,12.87699,12.77147,18.94831,OPEN
46.31632,12.33611,12.08827,18.72398,OPEN
46.62597,12.12732,11.62481,18.31529,OPEN
46.04978,12.78285,11.63527,18.76934,OPEN
45.93617,13.22723,11.29003,19.29481,OPEN
47.61234,13.96373,11.392,20.62092,OPEN
52.17384,14.28087,11.79548,21.7563,OPEN
53.72504,14.15049,12.85974,21.68572,OPEN
51.27248,14.41241,13.02635,21.7189,OPEN
49.51575,14.39662,13.13,21.84406,OPEN
45.91512,13.69709,12.69406,22.13999,OPEN
42.35069,13.57365,12.2956,21.24643,OPEN
41.37949,13.72821,11.97897,20.75556,OPEN
43.26611,13.61209,12.04027,20.30463,OPEN
47.63622,12.71704,11.74893,19.87131,OPEN
48.95226,12.12192,11.71028,19.54089,OPEN
49.79109,11.83751,12.53267,19.30597,OPEN
51.7266,12.23419,12.51966,19.2734,OPEN
53.94635,12.46176,11.83295,18.89372,OPEN
53.66425,12.47955,11.30559,18.53193,OPEN
52.11954,12.42061,11.18866,18.327,OPEN
50.48193,12.1382,11.13257,18.21966,OPEN
49.03135,11.97049,11.05309,17.99669,OPEN
48.15083,12.16076,11.61464,18.28411,OPEN
49.47977,12.81081,12.18324,18.89891,OPEN
50.73063,13.12177,12.41486,19.69232,OPEN
52.81261,14.52896,13.08307,21.03014,OPEN
54.57596,16.29088,13.60993,22.05046,OPEN
52.85908,16.91185,13.33807,22.1567,OPEN
50.31077,16.02193,13.16855,22.2512,OPEN
49.50226,15.78683,13.32702,22.88951,OPEN
50.16663,16.32966,12.90864,22.76862,OPEN
50.47858,16.31971,12.66413,23.52102,OPEN
49.2854,16.08873,12.74638,23.81992,OPEN
49.82475,15.59068,12.52234,23.12868,OPEN
52.97365,15.63173,13.00245,22.31427,OPEN
55.50105,15.69713,13.57731,22.14039,OPEN
57.96872,16.03757,14.03881,22.94273,OPEN
57.64659,16.79577,13.4334,22.42268,OPEN
57.73285,16.9749,12.71377,21.60436,OPEN
56.48833,17.11274,12.77289,20.86184,OPEN
55.64482,17.34343,12.92499,20.49808,OPEN
53.52205,17.02393,13.32317,20.41771,OPEN
54.63409,16.38698,13.5876,20.05378,OPEN
54.80198,16.01299,13.52523,19.83835,OPEN
53.92472,15.66066,13.53122,19.93016,OPEN
52.69726,15.36897,13.65334,20.21356,OPEN
51.23534,15.71732,13.477,20.36382,OPEN
49.10548,16.80985,12.93317,20.65781,OPEN
47.97769,17.83348,12.5403,21.12978,OPEN
48.25635,18.12434,13.0054,21.81059,OPEN
47.83399,17.44665,13.40994,21.90476,OPEN
48.49946,17.22849,13.87782,21.53182,OPEN
48.16412,17.58079,14.29177,21.33652,OPEN
37.69433,17.73716,14.04737,20.8441,OPEN
36.43704,17.47923,14.08869,20.7902,OPEN
39.143,16.19987,13.78385,20.95488,OPEN
42.04871,15.90928,13.69251,20.54136,OPEN
45.97425,16.21918,13.90442,20.90331,OPEN
50.75404,15.74014,13.88215,20.67875,OPEN
51.99639,14.79977,14.31467,20.22502,OPEN
42.85947,13.91386,15.05823,19.76595,OPEN
37.00513,13.20348,15.53651,19.59842,OPEN
33.10056,12.144,15.8892,19.63143,OPEN
23.10455,12.77956,15.78647,19.63278,OPEN
12.54075,17.09585,16.17873,19.50599,OPEN
6.602658,19.61248,15.89491,19.17636,OPEN
7.521779,21.85856,15.31783,19.25324,OPEN
7.091658,21.79539,15.36739,19.36142,OPEN
8.517998,20.08649,15.47104,19.40024,OPEN
13.53928,18.22414,15.19738,19.6992,OPEN
23.06472,14.24203,14.66455,19.75994,OPEN
29.70892,16.46932,14.56292,20.21745,OPEN
48.94164,18.73666,13.87392,21.10862,OPEN
56.56188,18.41007,13.27782,21.441,OPEN
53.1614,18.43765,14.02539,21.01496,OPEN
50.83188,16.77534,15.46605,21.4354,OPEN
49.94368,15.15303,15.39,24.36235,OPEN
51.7912,12.81573,12.27751,22.6158,OPEN
44.42823,8.691291,8.412745,17.46361,OPEN
40.71637,7.535906,7.654194,14.55964,OPEN
38.86106,7.008183,7.638307,12.7735,OPEN
36.88025,6.795003,7.784295,11.80245,OPEN
34.05262,7.611617,8.403521,12.28492,OPEN
32.72636,8.77203,9.034899,13.01256,OPEN
33.24007,9.507479,9.17541,13.39307,OPEN
31.79524,10.16341,9.347733,13.72437,OPEN
31.69008,10.74334,9.581727,13.86322,OPEN
32.38294,10.95308,9.619813,13.96798,OPEN
33.2261,10.62453,9.494548,13.78725,OPEN
33.78385,10.40917,9.264589,14.17884,OPEN
34.51421,10.4369,9.26145,14.49236,OPEN
35.60627,10.2909,9.087159,14.03861,OPEN
37.75124,10.61135,9.39601,14.3841,OPEN
40.03644,10.41949,9.522085,15.57113,OPEN
46.93079,12.01007,11.59539,19.99452,OPEN
49.21464,12.85098,12.87996,22.11191,OPEN
55.53908,14.63487,13.97314,23.62362,OPEN
57.82149,15.13849,14.4893,22.77165,OPEN
55.34832,14.82602,14.43615,22.43636,OPEN
55.28075,14.51422,14.40134,22.37619,OPEN
56.12193,14.29555,14.38839,22.01667,OPEN
54.25792,14.86547,14.45024,21.87971,OPEN
51.80326,15.73386,14.65608,21.74944,OPEN
47.2071,17.24638,13.92843,21.63232,OPEN
42.77141,18.56668,13.71721,20.74241,OPEN
40.14168,18.04246,14.12261,19.6931,OPEN
41.92465,16.80789,14.86013,19.96784,OPEN
38.64272,15.00432,15.37415,19.98707,OPEN
34.40329,14.41958,15.13251,19.92212,OPEN
24.50294,14.15879,15.31481,19.28648,OPEN
19.08546,14.57999,15.56128,19.71149,OPEN
15.8382,14.7821,16.04148,20.57536,OPEN
13.14996,15.85305,15.64759,21.1022,OPEN
17.84473,14.73298,15.32705,21.01563,OPEN
18.15586,14.9592,15.43247,20.36687,OPEN
22.18764,13.53413,15.0247,20.11148,OPEN
28.89856,12.20226,15.31317,19.73114,OPEN
29.70482,12.42513,15.45333,19.53222,OPEN
31.69141,13.19075,15.42983,19.46613,OPEN
31.11243,14.84452,15.11881,19.21759,OPEN
32.45173,16.09087,14.89878,19.27306,OPEN
46.52272,17.34726,14.27482,20.27063,OPEN
49.82599,18.03533,13.95682,20.72498,OPEN
49.23238,18.05066,14.11214,21.13934,OPEN
49.89116,17.34635,14.67206,22.17196,OPEN
46.47745,15.72631,14.93651,23.50065,OPEN
46.7782,13.34399,14.14606,24.33682,OPEN
44.02806,12.23387,12.45064,22.61727,OPEN
43.39969,11.85295,12.11173,20.99065,OPEN
45.00072,10.87698,10.71732,17.43375,OPEN
44.11989,9.801809,9.881767,15.50306,OPEN
40.68463,9.293246,9.975099,14.22184,OPEN
36.6948,8.854035,9.758665,13.11095,OPEN
35.6053,8.421914,9.453156,12.39833,OPEN
35.26782,9.553886,10.69345,13.41167,OPEN
35.64602,10.68157,11.05416,14.74079,OPEN
40.94611,12.47827,11.81106,16.44026,OPEN
47.63377,13.77294,12.86626,17.49389,OPEN
35.2705,14.48593,13.20804,18.14043,OPEN
41.37691,14.1573,12.65824,18.22902,OPEN
41.507,13.0964,11.83451,17.41142,OPEN
42.05271,11.60329,11.00841,16.54932,OPEN
45.83229,11.64842,11.4028,17.50589,OPEN
51.44906,12.81449,12.30842,19.58326,OPEN
55.1954,14.53647,13.02697,21.78991,OPEN
56.06226,17.08795,13.55927,22.71797,OPEN
53.08341,18.83014,13.91421,21.97067,OPEN
50.01421,18.85284,14.65809,21.75708,OPEN
50.69274,17.34252,15.48112,22.29726,OPEN
50.55688,16.34083,15.55682,22.97956,OPEN
48.27848,15.46587,15.47924,22.91601,OPEN
47.44585,14.92055,14.96352,23.15826,OPEN
46.55839,14.39794,14.50589,23.49478,OPEN
40.89447,13.66024,14.03382,22.83819,OPEN
33.16214,13.38773,14.53186,21.33191,OPEN
18.56662,18.15566,14.67946,20.60223,OPEN
7.513582,26.79867,14.95776,19.91463,OPEN
5.666488,28.05692,15.12389,19.51658,OPEN
5.561126,31.8483,15.39718,20.4068,OPEN
5.884265,34.46256,15.67037,21.03752,OPEN
5.964994,35.03126,15.69112,21.01549,OPEN
5.867252,33.91558,15.39911,20.37216,OPEN
6.084698,32.55578,15.07541,19.69027,OPEN
6.147396,31.58455,14.90378,19.33927,OPEN
6.509154,30.28844,14.96271,19.81776,OPEN
18.8455,18.07192,15.10932,19.90396,OPEN
31.12978,15.26144,15.29994,19.25355,OPEN
50.31149,17.47751,14.86214,20.46974,OPEN
58.95462,17.96738,14.31935,21.3774,OPEN
60.60277,17.95413,13.65328,22.40056,OPEN
57.88572,17.8986,13.12391,22.72862,OPEN
57.4516,17.11727,12.84147,22.49791,OPEN
59.22253,16.63403,13.11521,21.21578,OPEN
60.35521,15.80951,14.0343,21.46406,OPEN
55.33911,12.86936,12.78761,22.37721,OPEN
44.24646,10.18188,10.85259,18.646,OPEN
32.84909,9.150297,9.139597,14.62408,OPEN
23.03986,9.545652,10.14121,13.67351,OPEN
28.66082,11.22056,11.36205,13.54356,OPEN
41.7286,14.83022,13.93903,18.59113,OPEN
49.06038,16.82759,15.26258,21.99671,OPEN
50.72974,17.1578,15.37885,22.75455,OPEN
53.33847,16.28925,15.2311,22.41739,OPEN
55.23357,15.41055,15.16139,21.35619,OPEN
55.85284,14.46399,14.32756,20.36614,OPEN
55.4012,13.87957,13.70695,20.27126,OPEN
54.32363,13.63769,13.06716,19.99043,OPEN
51.85956,13.58596,12.84735,19.83409,OPEN
48.51266,13.78011,12.93744,19.63646,OPEN
40.9287,12.74532,12.47214,17.97537,OPEN
36.20602,12.51563,11.6679,16.4361,OPEN
30.47872,11.39634,10.56878,15.03779,OPEN
33.59669,11.24728,10.99202,15.97091,OPEN
47.61082,14.20921,15.10869,22.57402,OPEN
53.82182,16.34763,16.05501,23.32391,OPEN
53.11988,16.38917,15.78796,22.39822,OPEN
51.72074,15.97435,15.38662,21.77701,OPEN
50.87423,16.34957,14.88953,22.1306,OPEN
52.55035,16.61301,14.06217,22.22755,OPEN
52.90247,17.0369,14.1174,22.76557,OPEN
52.57797,17.08573,14.38717,22.6003,OPEN
52.68186,16.82887,14.61416,22.51916,OPEN
51.63329,16.66092,14.87404,22.33393,OPEN
49.2182,16.46331,15.08986,22.2004,OPEN
51.56976,16.51332,15.15261,22.4976,OPEN
54.91233,16.87803,14.61528,22.28408,OPEN
56.39871,16.92571,14.24481,22.18745,OPEN
56.97277,17.05782,14.19376,22.32669,OPEN
56.99995,16.91192,14.43489,22.19582,OPEN
56.1333,16.83315,14.82104,22.12971,OPEN
55.43784,17.18911,14.37141,22.70809,OPEN
55.27381,17.63579,13.47892,22.96982,OPEN
54.89259,17.95946,13.16821,22.75373,OPEN
53.96646,17.59628,13.53016,22.04945,OPEN
54.46069,17.59112,13.75364,21.95944,OPEN
56.51868,17.46695,13.88391,21.83726,OPEN
58.44268,16.76014,14.15234,21.98188,OPEN
57.07691,14.98569,14.47283,23.40368,OPEN
52.30415,13.66955,14.22511,23.09467,OPEN
47.73988,13.68097,13.59933,21.48851,OPEN
41.18497,11.90516,11.56959,18.47804,OPEN
30.68126,10.15755,9.775293,14.96615,OPEN
25.69122,10.19103,9.519443,13.68764,OPEN
43.33229,13.67957,13.04209,17.1148,OPEN
49.64678,14.68353,14.65016,18.16477,OPEN
36.54844,13.38607,14.9879,16.63039,OPEN
32.73716,12.43957,14.8324,15.74463,OPEN
37.38377,13.70507,13.74834,17.9347,OPEN
45.98678,15.58026,14.61809,20.44017,OPEN
47.18063,16.30483,15.25591,21.76649,OPEN
44.04846,15.8807,15.01291,21.20686,OPEN
39.08543,15.43106,14.42241,19.6543,OPEN
42.46209,15.46195,15.38811,19.39312,OPEN
31.40203,13.52978,13.74844,17.23086,OPEN
31.23964,10.98758,11.29083,14.91017,OPEN
38.33439,8.820335,9.346619,14.35819,OPEN
45.15202,11.17938,11.81106,19.37607,OPEN
55.34826,15.13348,15.41258,23.80434,OPEN
61.34687,16.84946,16.9859,24.06457,OPEN
62.11934,17.71519,17.5734,22.39659,OPEN
61.53155,17.38155,16.69509,20.44105,OPEN
60.78944,17.06155,15.65555,20.55988,OPEN
54.83828,16.67461,14.74138,21.22872,OPEN
53.67,16.37126,13.9625,21.24457,OPEN
52.62089,16.18227,14.24326,21.04738,OPEN
52.12791,15.60351,14.5205,20.85279,OPEN
50.07683,15.43502,14.70624,21.36752,OPEN
41.44191,15.31746,14.95153,21.50344,OPEN
38.49596,15.13377,15.23392,21.58921,OPEN
40.37392,15.56705,15.08939,21.27937,OPEN
43.86507,15.70475,15.11421,21.19564,OPEN
45.97123,16.15073,15.04992,21.22417,OPEN
50.08128,16.41658,14.35752,21.68799,OPEN
52.49514,16.58613,13.43878,21.77142,OPEN
53.13533,16.80427,13.30085,21.74799,OPEN
53.45942,16.68615,13.66466,21.86256,OPEN
55.29749,16.03645,14.20212,21.72936,OPEN
56.66119,16.13695,14.08501,21.66857,OPEN
57.22485,16.25611,14.06534,21.14466,OPEN
57.98186,15.49804,14.10305,21.05934,OPEN
56.50658,14.52742,13.73284,22.08732,OPEN
54.07104,13.92726,13.48703,22.72111,OPEN
50.7183,13.56946,13.58525,22.20064,OPEN
44.51931,12.9682,13.65509,19.88672,OPEN
36.96585,11.85209,11.5235,16.43844,OPEN
41.73055,13.97388,12.43073,16.40045,OPEN
48.05331,16.32635,15.18386,19.65164,OPEN
48.90387,16.44782,15.91179,20.32401,OPEN
42.36157,15.77946,16.0521,19.98814,OPEN
39.85022,14.89154,15.08268,19.05186,OPEN
38.02065,14.54267,14.66243,18.62483,OPEN
43.27921,15.18903,14.55339,19.34834,OPEN
46.01325,15.633,14.56003,20.15678,OPEN
46.76535,15.97627,14.57316,20.79645,OPEN
44.33998,15.4587,14.23707,20.53223,OPEN
40.85683,14.96024,13.7703,19.6865,OPEN
39.50891,14.74841,14.5558,19.24887,OPEN
39.41068,14.78219,15.09743,18.93349,OPEN
36.87959,11.94177,11.99769,16.78988,OPEN
43.98137,10.3872,11.08307,17.36653,OPEN
50.68819,11.85845,12.62261,20.59296,OPEN
55.23734,14.26304,13.82827,22.70335,OPEN
58.8308,15.79254,14.24004,23.26722,OPEN
58.93616,16.849,13.58586,21.60647,OPEN
60.80687,17.42665,13.56332,21.11275,OPEN
61.70392,17.37531,13.62505,20.66133,OPEN
61.62487,17.20366,13.45066,21.00734,OPEN
59.08674,17.10638,13.39175,21.49243,OPEN
57.87757,17.15134,13.34665,21.74504,OPEN
57.26347,16.8231,13.1465,21.66106,OPEN
56.85255,16.15191,12.98113,21.67826,OPEN
59.69011,15.74026,12.83982,21.85295,OPEN
59.02689,15.09125,13.06705,21.71142,OPEN
58.57788,14.46344,12.94343,21.48504,OPEN
57.60928,14.19142,12.94153,21.39956,OPEN
55.66507,14.10829,13.01075,21.09839,OPEN
54.41042,14.39525,13.27108,21.15005,OPEN
52.73475,14.69837,13.67526,21.32377,OPEN
51.7162,14.57342,13.69099,21.27875,OPEN
49.73543,14.15686,13.63503,20.86927,OPEN
49.19079,14.02506,13.48431,20.54675,OPEN
48.60884,13.92989,13.2842,20.12291,OPEN
48.17422,14.09124,13.32362,20.03192,OPEN
47.65464,14.2845,13.45389,20.03752,OPEN
46.32026,14.23847,14.1226,20.00253,OPEN
45.91006,14.23493,14.38182,20.07315,OPEN
45.9979,14.23312,14.50822,20.20669,OPEN
46.23185,14.17803,14.4796,20.25219,OPEN
46.25714,14.0863,14.42083,20.21925,OPEN
46.07551,13.93877,14.41551,20.12697,OPEN
46.05473,13.79107,14.44278,20.02637,OPEN
46.38293,13.60316,14.37911,19.9059,OPEN
47.09667,13.7008,14.27828,19.97613,OPEN
47.58149,13.83006,14.11535,19.98127,OPEN
47.48863,13.89669,14.00322,19.98192,OPEN
47.38413,13.88562,14.03278,19.9884,OPEN
48.16243,13.74745,13.78937,19.93719,OPEN
49.27859,13.29947,13.56678,20.00998,OPEN
50.0529,13.44332,13.40376,20.15969,OPEN
49.59186,14.34858,13.72814,20.62704,OPEN
49.13626,14.94998,14.06213,20.84343,OPEN
49.83675,15.0794,13.75251,20.8138,OPEN
50.57322,15.14738,13.45924,20.73267,OPEN
49.95354,15.45074,13.60294,20.77993,OPEN
48.28054,15.68362,14.1275,20.7997,OPEN
47.79167,15.65632,14.38346,20.641,OPEN
49.04629,16.1667,14.94193,20.70005,OPEN
50.6454,16.36157,15.01728,20.8908,OPEN
50.80899,16.5414,15.35345,20.99673,OPEN
49.69755,16.27138,15.31038,20.61251,OPEN
47.04929,16.11574,15.0138,20.29605,OPEN
46.97273,16.29774,14.69335,20.36844,OPEN
