THUMB_INDEX_ANGLE,INDEX_MIDDLE_ANGLE,MIDDLE_RING_ANGLE,RING_PINKY_ANGLE,target
32.77207,51.44975,21.3407,21.06395,COOL
33.73167,54.96373,19.53256,20.19857,COOL
33.73939,57.93056,17.70266,19.78905,COOL
31.08737,59.41311,16.05303,19.6907,COOL
28.03241,58.82988,15.61558,20.08483,COOL
22.64886,56.55983,15.03771,20.13184,COOL
19.11451,54.66118,14.6783,19.86743,COOL
18.94594,54.07881,14.64823,19.71007,COOL
19.7109,53.65563,14.77234,19.66351,COOL
20.99632,54.03266,15.16622,19.89912,COOL
23.69078,55.75226,15.07923,19.75217,COOL
28.8084,59.36643,14.42847,19.26933,COOL
34.21824,62.48925,14.6004,19.1806,COOL
35.86923,62.02753,15.35082,19.29435,COOL
34.9281,59.74302,16.27687,19.43609,COOL
32.69452,58.23199,16.24995,19.3943,COOL
29.28492,57.01185,15.25592,19.34913,COOL
26.54239,54.54726,14.87527,19.13815,COOL
21.1512,53.03373,14.23743,18.92198,COOL
20.04933,53.97659,13.89995,18.89305,COOL
19.2416,55.6767,13.94864,19.26293,COOL
18.9714,57.28736,14.0542,19.50316,COOL
19.26213,57.87198,14.09204,19.54925,COOL
19.23323,57.66828,13.97543,19.35126,COOL
20.14648,56.7582,14.04516,19.19186,COOL
23.65902,55.15889,14.21044,19.0916,COOL
27.7921,55.13008,14.11694,18.98142,COOL
27.50321,50.25698,15.30159,18.60549,COOL
25.83937,49.75852,15.55914,18.36413,COOL
20.40666,46.80602,15.63951,18.04391,COOL
17.37309,41.60069,18.54033,17.07029,COOL
15.94387,40.19144,19.17251,16.7103,COOL
15.63725,39.74268,19.54106,16.4811,COOL
14.95828,40.98,19.30165,16.84733,COOL
19.11646,51.98031,14.64849,18.44616,COOL
28.79914,54.96387,16.21792,20.34325,COOL
32.43877,51.52498,21.06713,22.24642,COOL
28.10199,47.07029,23.97217,22.21465,COOL
26.55821,47.67067,21.47098,21.8012,COOL
26.63006,48.95861,18.53314,21.02565,COOL
25.01558,50.18382,16.28216,20.32243,COOL
24.63244,52.09163,15.02413,19.65953,COOL
23.88058,53.0961,14.68926,19.41149,COOL
24.37265,54.18178,14.58004,19.22685,COOL
26.6074,55.52228,14.76595,19.24719,COOL
27.40419,55.75579,14.84658,19.2417,COOL
27.46503,55.79962,14.94807,19.32698,COOL
27.49133,56.39708,15.07413,19.414,COOL
27.7215,56.57972,15.24642,19.50527,COOL
28.63486,56.99076,15.18854,19.6745,COOL
29.79499,56.46811,15.10248,20.01841,COOL
31.05516,54.81784,15.56121,20.69464,COOL
28.33374,49.98705,16.56446,21.20267,COOL
26.0645,46.96535,17.30195,21.40775,COOL
25.50554,43.929,18.61368,22.02812,COOL
24.80789,43.52509,18.99134,22.45322,COOL
22.88509,43.40192,18.86266,22.61777,COOL
20.31834,44.53417,18.53341,22.89591,COOL
21.94808,46.46763,18.27863,23.13306,COOL
27.12152,48.10894,18.13163,22.73897,COOL
31.06752,49.23593,17.79005,22.06474,COOL
31.78065,49.05203,17.96496,21.67304,COOL
29.21646,47.51716,18.51722,21.51572,COOL
25.34985,45.6778,19.10394,21.35944,COOL
23.50019,46.67453,19.00043,21.08952,COOL
24.1065,50.62196,16.92875,20.91352,COOL
24.82114,54.35768,15.23898,19.59896,COOL
29.21417,58.28961,14.94904,19.32812,COOL
32.49158,61.83221,15.0456,19.37661,COOL
36.31857,65.29487,15.82101,19.75786,COOL
40.5513,66.24581,16.83862,19.91316,COOL
40.31303,64.08809,17.10431,20.12181,COOL
39.56772,60.52151,17.25693,20.39938,COOL
35.61923,55.73968,17.13245,20.29545,COOL
32.63108,55.29096,16.49679,20.02393,COOL
30.53375,56.32725,15.93366,19.96538,COOL
29.26615,57.73696,15.52472,19.9404,COOL
26.90815,61.29725,14.65243,20.01997,COOL
24.50105,63.62793,13.65182,20.1398,COOL
23.12712,64.55769,13.43835,20.2494,COOL
20.39145,62.95849,13.69946,20.36436,COOL
18.48265,60.36223,14.18103,20.46299,COOL
18.89011,58.39453,14.55759,20.4628,COOL
22.02531,59.04386,14.43218,20.03085,COOL
29.42853,62.37532,13.93971,19.10235,COOL
30.51884,62.66363,13.74767,18.35173,COOL
29.19283,62.24538,13.74892,18.10475,COOL
16.95082,50.15514,14.89481,18.74905,COOL
15.52045,46.88552,17.02305,19.39536,COOL
8.811623,44.50026,16.42166,19.5607,COOL
16.43233,49.67365,14.97515,19.28068,COOL
33.79028,60.20494,14.92266,19.0012,COOL
35.84158,62.90719,15.52802,19.69509,COOL
32.76046,60.13245,16.82134,21.07403,COOL
26.22752,55.09592,17.8406,22.57453,COOL
21.87103,53.19772,18.01111,23.00653,COOL
16.63963,50.01217,18.59313,23.81716,COOL
16.0814,50.08293,18.65762,24.1184,COOL
16.94865,53.49378,18.26567,24.01326,COOL
16.11354,55.41022,17.80046,23.90771,COOL
14.57474,55.47647,17.20675,23.49438,COOL
13.97926,55.15695,16.99684,23.14837,COOL
14.00414,54.08907,16.97319,22.89893,COOL
15.07939,50.65163,17.9449,22.95011,COOL
18.14515,49.33489,18.80062,22.64748,COOL
26.29486,55.65622,14.6473,20.07393,COOL
28.80613,61.99941,12.64511,17.94327,COOL
28.45694,65.72688,12.722,15.98844,COOL
28.25603,63.77499,13.93687,16.1251,COOL
27.90942,59.58181,13.91942,15.98975,COOL
24.53882,55.47522,13.79422,17.16635,COOL
17.82294,51.23625,16.79508,19.00946,COOL
12.32298,48.93176,17.8437,18.67984,COOL
13.6117,52.25167,17.6029,19.00455,COOL
16.70865,56.89894,13.63372,18.79573,COOL
21.01981,62.16096,13.34972,18.34282,COOL
28.80404,64.75701,13.56671,18.62749,COOL
31.59136,63.39895,13.93657,18.97338,COOL
23.94125,57.25068,14.19697,19.57016,COOL
13.63156,49.78229,14.64114,20.10546,COOL
9.942595,46.86068,14.86445,20.36397,COOL
7.79581,45.76373,14.95415,20.38882,COOL
8.097546,46.31284,15.05501,20.35301,COOL
13.00483,50.58344,14.93639,20.10733,COOL
16.45719,54.0234,14.78722,19.81059,COOL
18.04476,55.2457,14.7752,19.52269,COOL
19.0707,55.9427,14.77424,19.39936,COOL
21.47498,57.54808,14.72242,19.37757,COOL
23.30145,59.45168,14.56826,19.32367,COOL
23.82375,60.53137,14.4793,19.35311,COOL
22.76347,60.01564,14.47136,19.3518,COOL
17.18257,54.94331,14.59825,19.65412,COOL
14.18733,52.0062,14.60165,19.88703,COOL
14.50109,52.87743,14.51888,19.89272,COOL
16.5237,55.5871,14.20157,19.86547,COOL
19.0156,58.32969,13.77958,19.69646,COOL
18.87225,58.23365,13.6892,19.61911,COOL
17.09777,55.54993,14.1827,19.49128,COOL
21.30769,56.6408,14.06091,18.7458,COOL
23.28864,58.00423,12.66599,17.79963,COOL
24.42714,58.40213,12.82109,18.15267,COOL
22.51793,55.12701,14.81009,20.03636,COOL
21.90442,54.71043,17.63261,22.15646,COOL
21.19519,55.01583,18.87148,22.79285,COOL
16.50157,54.95118,18.43563,22.38318,COOL
7.716937,51.56039,17.27669,21.83261,COOL
4.258828,47.62167,18.1083,22.68213,COOL
3.016556,44.91268,21.30892,23.96386,COOL
7.56434,46.09012,22.5053,23.24736,COOL
8.215158,44.82792,21.9602,23.44611,COOL
3.851835,44.97456,19.50948,23.42775,COOL
7.319683,43.68484,16.9853,22.91195,COOL
7.668463,42.43959,16.63291,22.33635,COOL
8.867848,42.35327,16.61885,22.02442,COOL
15.20843,46.41401,14.95004,20.19863,COOL
21.96398,55.98214,13.1846,18.8782,COOL
29.22164,69.4063,13.25379,17.97326,COOL
28.81461,71.5065,13.32542,17.46484,COOL
27.35158,65.8827,12.89422,17.73984,COOL
27.9833,59.6708,12.21674,24.61782,COOL
28.72697,53.22043,12.38806,20.9239,COOL
31.76926,49.8277,13.20271,19.72536,COOL
33.0309,50.26451,12.57744,20.52194,COOL
23.44077,54.81701,13.11846,16.48915,COOL
27.67122,60.42806,11.48779,15.93691,COOL
17.80732,63.44003,10.11878,16.31026,COOL
12.5975,59.45545,16.3867,21.35974,COOL
8.409734,54.75894,21.79034,23.91221,COOL
6.973361,50.91618,24.18866,25.1882,COOL
6.686947,46.89347,23.9445,24.84284,COOL
6.980924,43.12561,23.79435,24.19075,COOL
9.751046,44.91694,21.93851,23.83875,COOL
11.43682,48.20182,19.33931,23.2984,COOL
6.387305,45.58993,17.06927,22.75148,COOL
4.909037,43.28892,16.73425,22.39123,COOL
10.68868,43.27375,16.81687,21.56327,COOL
22.66002,52.10657,13.39698,18.24311,COOL
29.20387,64.31287,12.23203,16.67479,COOL
30.17511,64.40657,12.82258,16.40697,COOL
30.68755,61.46159,12.63107,18.44714,COOL
23.41304,55.62667,13.4872,15.9691,COOL
20.78561,57.26244,13.88572,17.75453,COOL
21.62301,58.06205,13.69918,16.82614,COOL
25.98374,61.6869,13.67554,16.69678,COOL
28.62017,62.30204,13.87383,16.64111,COOL
26.65472,59.09496,14.3611,17.31678,COOL
27.45373,59.97231,14.90327,19.15947,COOL
32.35381,61.50906,16.64517,22.3199,COOL
30.96399,58.70447,19.78642,23.94203,COOL
18.26913,54.39546,20.91889,23.65434,COOL
13.88433,52.60069,19.71125,23.14174,COOL
12.27822,50.06232,17.59182,22.35909,COOL
10.69102,45.5461,16.80024,22.13037,COOL
9.513473,42.60627,16.98591,22.2625,COOL
9.399169,43.14204,16.37349,21.46894,COOL
12.82864,46.72246,14.35684,19.56854,COOL
17.82024,51.92183,13.31942,18.65942,COOL
23.11183,59.10581,13.20684,18.09022,COOL
26.21276,61.80524,13.2386,15.46645,COOL
26.98707,59.7491,12.39688,15.18756,COOL
28.44587,60.67185,11.84377,15.54388,COOL
27.87989,57.81749,12.27131,17.64813,COOL
29.51177,53.61982,13.75446,18.75045,COOL
29.60339,53.82456,16.87214,17.77587,COOL
28.66851,57.7506,14.2794,17.44135,COOL
28.30996,58.72832,13.80291,18.98561,COOL
30.04842,55.64663,15.66678,21.3729,COOL
18.89685,51.28548,18.8793,23.68719,COOL
9.357758,49.56898,20.44061,24.38253,COOL
9.804637,50.87432,20.79976,23.64276,COOL
12.8985,54.05884,19.24501,23.04903,COOL
16.16489,54.19421,17.2772,22.74676,COOL
16.58415,50.39476,16.38608,22.69333,COOL
14.68787,46.70969,16.73091,22.61069,COOL
16.72199,46.11774,16.23629,21.05282,COOL
22.93203,54.67149,13.43866,18.80217,COOL
27.25556,64.25355,12.48919,17.14871,COOL
29.78757,62.28687,12.38079,16.57637,COOL
32.46807,60.00685,12.03359,18.30886,COOL
25.70255,51.69675,14.46027,17.65293,COOL
21.28642,46.57881,16.98016,18.97503,COOL
23.93136,46.82466,14.87936,17.84262,COOL
26.35414,51.87358,12.85137,15.59089,COOL
25.58201,57.07165,13.11154,15.8711,COOL
26.26412,63.95962,14.3416,16.78097,COOL
27.93118,64.21918,15.13783,17.93171,COOL
31.90431,65.23221,14.56497,18.30754,COOL
31.49256,64.47636,14.00754,18.57897,COOL
28.14488,64.17112,13.72764,18.26753,COOL
25.33154,64.05272,13.67342,18.2485,COOL
22.67389,62.97202,13.73506,17.92742,COOL
21.75518,61.46616,13.78197,17.83468,COOL
21.54895,61.07907,13.85645,18.01187,COOL
19.96644,59.29959,13.83741,18.42921,COOL
18.2307,55.94327,13.86761,18.86434,COOL
14.26411,49.57936,14.08462,19.24019,COOL
10.74942,44.96537,15.19397,19.94991,COOL
11.52408,41.33431,18.75005,22.12119,COOL
11.50972,38.83522,20.48233,23.2224,COOL
14.45789,38.21645,21.70981,23.86242,COOL
15.26664,37.74399,23.68623,24.55458,COOL
12.89168,34.5384,27.54494,24.81287,COOL
11.8198,39.04075,25.19706,24.69844,COOL
10.15705,48.14904,20.05861,23.72922,COOL
9.235185,52.10231,18.67149,22.9966,COOL
8.970472,53.90591,17.65258,21.99741,COOL
10.79339,55.49894,16.73994,21.46642,COOL
14.89772,54.44238,12.78582,18.35825,COOL
14.77194,50.49244,10.43053,15.18891,COOL
17.60414,53.23349,8.060074,14.2166,COOL
23.8115,55.49679,10.64198,16.45165,COOL
27.01034,60.91418,10.72181,17.43,COOL
26.90102,65.07209,12.28052,17.53499,COOL
26.55795,66.24123,13.56559,17.83915,COOL
26.71862,66.04897,13.88669,18.56276,COOL
26.88443,63.22563,13.85204,18.73944,COOL
26.10786,60.07604,14.17878,19.20654,COOL
23.41402,56.58134,14.23,19.44593,COOL
21.76383,55.91572,13.91802,19.41127,COOL
21.73105,56.3374,13.77433,19.28131,COOL
22.24397,57.49968,13.59658,18.99912,COOL
22.83306,58.59766,13.49598,18.76379,COOL
22.94575,59.66282,13.37212,18.63142,COOL
21.94564,58.95409,13.25259,18.64221,COOL
20.04406,57.6716,13.20572,18.71718,COOL
19.3313,58.4699,13.1372,18.68421,COOL
19.50387,58.83587,13.08137,18.59538,COOL
19.40546,58.18663,13.10958,18.60423,COOL
16.62317,52.44565,13.96459,19.30106,COOL
9.500509,44.93825,15.67497,20.69812,COOL
3.676049,39.0523,17.25748,21.81228,COOL
3.383561,37.53526,17.91773,22.01155,COOL
3.090158,37.53233,18.05655,21.90049,COOL
3.657733,36.89534,17.88983,21.74493,COOL
4.154495,37.15067,18.21981,21.51506,COOL
6.707241,37.44114,19.03139,21.26341,COOL
10.33221,36.74389,20.67472,21.03154,COOL
10.3703,34.87396,21.85176,20.94395,COOL
10.38872,34.12548,22.45142,20.84807,COOL
13.82098,40.58616,19.36004,20.46274,COOL
20.73406,49.20331,16.60012,20.52738,COOL
28.20849,54.1283,16.09627,20.59569,COOL
31.67391,57.01813,15.5031,20.22274,COOL
31.87932,58.39391,15.21794,19.67927,COOL
31.55233,59.59429,15.20431,19.4047,COOL
31.3493,60.78059,14.73601,19.06864,COOL
29.95151,60.39438,14.08307,19.10402,COOL
31.30883,59.08627,14.54485,19.38366,COOL
32.5737,58.15903,15.01754,19.57478,COOL
34.51227,57.35956,15.61652,20.24544,COOL
37.26936,56.35958,17.11263,21.04782,COOL
32.65028,49.90805,21.32822,22.11359,COOL
29.09102,46.26475,23.16234,22.45197,COOL
28.66157,43.92251,22.95917,22.57015,COOL
30.19348,44.27847,21.72408,23.03444,COOL
23.77889,48.12741,20.39894,23.22684,COOL
14.72472,50.01649,18.83929,23.1149,COOL
13.20617,51.00771,18.66527,23.53378,COOL
15.46218,48.34496,20.05241,24.19309,COOL
23.31399,45.19653,22.52085,24.12943,COOL
26.21024,47.50797,17.99063,21.77331,COOL
24.64484,54.35296,12.68598,17.9574,COOL
30.00325,58.2912,12.06969,14.54914,COOL
36.27224,62.86835,13.13998,27.1249,COOL
34.59034,61.20657,13.27874,30.54187,COOL
32.67486,60.65321,12.79993,31.28717,COOL
28.94012,59.18411,12.92984,17.89394,COOL
20.77395,59.46026,12.60243,17.38733,COOL
26.58178,65.29306,12.97379,18.46225,COOL
29.13685,67.20155,13.37634,18.3615,COOL
26.99485,66.08202,13.7916,17.51853,COOL
23.5328,61.30602,13.84481,23.11773,COOL
23.70116,57.97375,14.30837,34.03615,COOL
21.89361,56.49881,14.97655,33.79708,COOL
21.60459,56.5105,14.58713,30.33562,COOL
23.86763,56.86666,13.98867,26.65197,COOL
25.06327,57.10339,13.66833,26.46299,COOL
24.36864,57.82149,13.74464,23.24755,COOL
22.93028,58.05297,13.73937,17.81908,COOL
21.90545,57.98129,13.76364,16.60161,COOL
20.90616,58.82952,13.94353,17.31027,COOL
25.78965,60.86613,13.02441,16.82252,COOL
29.05864,56.40972,12.48592,16.4205,COOL
29.43502,49.15012,14.84737,15.89375,COOL
23.21612,33.97537,21.19383,17.25664,COOL
16.31633,28.93629,20.10227,20.86096,COOL
13.31988,30.60201,23.39606,23.71383,COOL
12.09354,43.53268,18.38552,23.46433,COOL
11.40871,55.88164,15.08938,21.20618,COOL
11.75507,57.10142,15.93488,20.25417,COOL
12.68815,56.56161,15.25103,20.43574,COOL
12.74212,50.86469,15.60044,22.47253,COOL
15.25456,46.98089,14.61076,20.90541,COOL
23.05133,53.02243,13.32393,17.97842,COOL
26.43906,58.34546,13.01091,16.36139,COOL
28.09827,61.97988,13.28004,16.36366,COOL
28.63601,63.73856,14.02394,17.25044,COOL
27.74677,63.28963,14.46236,17.08615,COOL
24.21991,60.99585,14.08157,17.29427,COOL
20.22748,58.46943,13.94929,17.93949,COOL
18.37266,57.98767,14.00192,18.09341,COOL
19.11567,59.22881,14.24598,18.54552,COOL
19.65546,59.51712,14.15676,18.8162,COOL
20.52174,60.21225,14.02766,18.83233,COOL
21.23479,60.80654,13.88269,18.60865,COOL
21.24029,60.14968,13.59324,18.01141,COOL
20.24132,59.4192,13.86913,18.06091,COOL
18.35675,57.24664,15.95823,18.6912,COOL
18.02322,56.52484,17.66643,18.77938,COOL
18.0586,55.65133,18.22499,18.51624,COOL
17.53878,55.34549,17.98705,18.43316,COOL
18.73167,56.673,13.9771,17.67416,COOL
20.63845,61.43011,13.20203,17.32569,COOL
24.67702,63.70188,13.33372,18.04044,COOL
31.73756,61.29514,15.11788,19.84814,COOL
33.78939,55.59547,18.43417,21.71117,COOL
30.6949,50.40905,20.24758,23.03426,COOL
23.62508,48.86116,19.71959,23.74128,COOL
18.01269,50.51278,18.63008,24.12352,COOL
16.5668,53.91066,17.95556,24.28947,COOL
15.00589,55.70054,17.59596,24.18884,COOL
13.13853,55.49688,17.49978,24.40608,COOL
13.1918,55.25767,17.34398,24.39755,COOL
12.10625,52.93605,17.53462,23.90693,COOL
10.98519,49.60345,18.36514,23.54687,COOL
11.93477,45.5366,20.2681,23.85016,COOL
9.887358,38.07125,24.8341,24.98658,COOL
10.63471,47.44033,24.02347,25.1624,COOL
11.13312,52.9502,23.06983,25.55613,COOL
10.84988,54.02542,20.63539,24.73131,COOL
8.687923,52.02596,17.66233,22.51982,COOL
8.479777,54.49065,17.18615,21.92369,COOL
11.04379,55.10985,17.67791,22.18475,COOL
28.97613,55.45858,17.99348,22.81029,COOL
32.98659,55.38661,20.45115,23.71262,COOL
3.935819,55.94376,20.72337,22.98643,COOL
5.057453,54.95264,18.52727,22.36913,COOL
6.195238,51.16913,17.81856,21.86186,COOL
9.189919,50.14073,18.2005,22.09065,COOL
12.95253,53.28321,18.49047,22.49531,COOL
11.77713,52.56483,17.91465,22.59085,COOL
7.158454,50.97738,17.61581,23.23093,COOL
6.544426,50.68331,18.1518,24.52713,COOL
8.704457,50.84408,17.93328,24.52924,COOL
17.64794,54.68711,17.35861,23.71398,COOL
16.33412,50.17852,17.62131,23.34182,COOL
17.40585,44.68489,18.32176,22.78652,COOL
23.2955,46.69893,16.87007,21.01083,COOL
26.7473,54.22415,13.55662,19.04963,COOL
28.99663,63.12807,12.40718,17.32845,COOL
28.90804,67.82239,12.56096,16.61848,COOL
28.93514,70.5067,13.67963,16.43206,COOL
28.49183,68.45214,13.56783,20.35275,COOL
28.48676,67.78336,13.25562,28.96014,COOL
28.48852,69.43054,13.26038,26.0073,COOL
27.55835,69.7859,13.18033,17.99448,COOL
30.12179,66.08845,13.43087,19.243,COOL
34.96388,60.34021,16.78172,21.54106,COOL
34.12737,54.36798,20.09955,22.62571,COOL
26.55684,48.47236,20.79905,22.7755,COOL
19.41477,46.57618,19.48549,23.1585,COOL
15.57066,46.04948,18.65279,23.43164,COOL
13.04811,45.70448,18.09693,23.23738,COOL
11.82683,44.62281,17.97899,22.86868,COOL
12.58252,44.21943,17.92983,22.45852,COOL
13.96807,44.32681,17.69323,21.98459,COOL
17.49824,49.84013,15.02424,20.6132,COOL
23.63712,57.45813,13.07995,18.70953,COOL
24.74543,63.34299,12.4116,16.5217,COOL
26.36025,62.81487,13.22093,20.31112,COOL
27.90898,60.4257,13.44847,24.88619,COOL
25.43957,56.55058,13.31242,22.19709,COOL
22.70625,54.33072,13.6458,19.03665,COOL
21.04837,52.77224,16.05445,20.60069,COOL
21.17115,52.09222,18.78401,19.39583,COOL
18.85306,50.92635,19.4391,18.32942,COOL
18.0484,50.95657,19.34945,18.17577,COOL
17.33996,52.25272,19.04776,18.30566,COOL
18.59129,53.87289,18.46587,19.10505,COOL
20.4462,53.98423,13.78955,18.04027,COOL
20.20972,58.55095,13.65283,17.03557,COOL
19.51343,61.21892,13.40382,17.03115,COOL
25.96533,60.35288,15.34298,20.60779,COOL
29.18336,54.64484,20.24202,22.22305,COOL
27.13237,51.61939,21.21159,22.61573,COOL
21.74305,48.30018,20.75693,22.52895,COOL
17.53489,47.43398,19.32432,22.2067,COOL
16.78486,47.87994,17.97903,22.13672,COOL
16.13959,47.4755,17.48948,22.19207,COOL
12.99299,44.10066,17.15389,22.17388,COOL
6.141365,39.59604,16.70442,21.78385,COOL
1.589178,36.72029,16.54291,21.65969,COOL
1.722151,35.24153,16.35279,21.41283,COOL
0.2454926,35.98549,16.11754,21.1149,COOL
3.61996,36.88944,16.46032,20.93128,COOL
4.975829,37.83652,16.92915,21.09852,COOL
15.92261,41.52889,18.92367,22.44342,COOL
24.24888,49.78448,19.53717,24.24526,COOL
22.95449,57.40005,19.04263,24.74188,COOL
22.75699,61.42843,17.60123,23.00193,COOL
20.86593,58.82022,17.50189,21.79541,COOL
21.24153,52.18325,19.09868,21.76683,COOL
22.06757,47.12077,20.35786,21.5905,COOL
20.82396,46.59472,20.32648,21.51232,COOL
20.68112,49.40384,19.33239,21.3371,COOL
22.19872,54.8366,17.72045,20.99773,COOL
19.74303,54.81625,17.74165,21.14033,COOL
14.84516,53.54301,18.14649,21.50271,COOL
7.975185,50.35213,18.71972,22.19592,COOL
6.633386,46.60235,20.70276,23.53738,COOL
12.90939,43.91246,23.13435,24.1735,COOL
20.40622,43.93515,23.63905,23.41482,COOL
24.6389,47.31454,19.51798,21.22018,COOL
24.7897,51.83919,14.26226,18.13083,COOL
23.8811,53.23711,12.15883,16.43241,COOL
24.16677,52.62664,12.15294,15.57307,COOL
24.56859,51.81108,12.25163,14.99855,COOL
24.98113,49.92749,12.63837,14.77719,COOL
26.40093,37.98019,22.76164,14.49383,COOL
26.04852,27.44361,32.57711,15.14265,COOL
25.19413,29.70944,31.38326,15.57058,COOL
24.03702,49.55635,14.89214,14.97165,COOL
23.12264,49.16103,14.08515,14.20717,COOL
24.5893,18.3006,40.29007,13.16441,COOL
24.76443,11.0928,48.56627,12.80531,COOL
24.19813,14.15227,46.66018,13.85578,COOL
25.07538,13.14402,47.0931,15.32136,COOL
24.91864,23.4791,38.89835,16.08422,COOL
22.65144,34.55175,31.30024,16.04975,COOL
16.50715,60.4213,12.90063,19.64025,COOL
20.18214,65.59411,12.54795,20.24153,COOL
29.54709,62.00933,14.26086,20.40068,COOL
34.83888,63.81457,15.20901,20.65677,COOL
35.57017,62.04192,16.13895,20.95,COOL
34.07098,61.11714,16.12234,20.73636,COOL
33.65864,60.04748,16.34317,20.81442,COOL
29.21159,57.85295,16.89034,21.5924,COOL
25.97677,55.26329,17.59144,22.35386,COOL
25.1736,55.49859,17.87019,23.03253,COOL
23.56243,56.84237,18.1746,23.83744,COOL
22.57662,57.90173,18.32361,24.22576,COOL
22.29514,59.21838,18.1816,24.58701,COOL
22.73774,61.64969,17.93138,24.98842,COOL
20.17143,60.5076,17.56494,25.14767,COOL
16.48145,56.46479,17.71227,25.3566,COOL
13.06219,52.1407,18.26229,25.56724,COOL
12.48167,49.00575,18.62819,25.42373,COOL
16.51292,48.86729,19.28131,24.87905,COOL
25.56376,49.01155,21.17837,23.44965,COOL
29.39352,53.3739,17.82444,21.84077,COOL
29.8672,55.80584,15.70848,20.75814,COOL
29.09426,58.26149,13.32584,19.28875,COOL
26.68789,59.34966,12.70362,18.48316,COOL
25.88787,60.48635,12.56527,18.02608,COOL
25.18273,61.44653,12.56442,17.78491,COOL
24.34844,62.47007,12.70315,17.516,COOL
23.43952,63.089,12.8212,16.81462,COOL
22.71992,63.23396,12.93892,16.53543,COOL
21.73276,62.97139,13.02018,16.93589,COOL
24.41094,62.63661,12.99716,17.90733,COOL
30.61856,62.92053,13.46901,18.69804,COOL
32.74408,61.55134,14.3525,19.13625,COOL
32.73773,59.8438,14.93867,19.60045,COOL
31.84868,57.96795,15.99102,20.18474,COOL
31.4465,57.93337,16.29795,20.37736,COOL
32.16789,58.5538,16.33313,20.38528,COOL
32.08363,59.64169,15.54185,19.33605,COOL
31.91988,62.87409,14.35023,18.56274,COOL
31.32489,66.23599,13.32584,17.67873,COOL
29.68101,67.21561,12.96709,17.11066,COOL
28.80904,69.11519,13.09842,15.78275,COOL
30.76563,69.81402,13.01428,17.14073,COOL
32.28496,69.12575,13.40804,23.57454,COOL
32.34288,67.8494,13.97618,24.40731,COOL
31.43827,67.1189,14.36261,20.43102,COOL
30.36685,64.51595,14.37075,17.64032,COOL
30.10689,61.93861,13.89187,17.34989,COOL
29.44943,58.97186,13.17594,17.21247,COOL
29.58817,56.80694,12.60155,19.444,COOL
27.27921,58.04957,13.16345,17.43562,COOL
22.50193,59.35254,13.08064,17.09155,COOL
27.00001,61.44262,13.80851,18.99898,COOL
34.94685,58.59702,18.57792,21.68831,COOL
36.2841,54.03724,23.75184,23.36204,COOL
28.78921,56.53536,21.83714,23.64602,COOL
22.83097,60.58775,18.66118,23.91054,COOL
21.70102,62.63431,17.51104,24.56313,COOL
21.2945,62.99782,16.68625,24.32564,COOL
19.47475,61.50795,16.3569,23.88363,COOL
16.94004,56.07583,17.87804,23.40142,COOL
15.55294,53.93118,18.95415,22.83929,COOL
14.57858,51.66507,19.98211,22.64757,COOL
12.52084,49.26068,22.83035,23.57506,COOL
11.82735,51.33837,25.34061,24.21896,COOL
14.69917,54.34118,25.13555,24.245,COOL
18.24092,60.09819,18.75086,22.98789,COOL
19.62345,66.8175,12.20951,19.13214,COOL
22.05074,69.25523,11.19598,14.6647,COOL
29.8734,73.1651,12.26915,15.94978,COOL
38.65509,77.36261,12.22102,25.31783,COOL
42.99549,78.37386,10.38254,28.18803,COOL
41.96926,77.28276,11.11436,27.46288,COOL
34.96343,75.6206,13.02421,18.82682,COOL
29.42209,72.3969,13.26013,19.04361,COOL
27.1562,68.24268,14.21205,17.80283,COOL
30.57689,66.15102,14.94466,18.90815,COOL
32.02476,61.88593,15.75604,18.54517,COOL
32.34394,60.04418,15.93862,18.41348,COOL
31.889,58.56826,16.05059,18.40315,COOL
32.0648,60.47195,14.83937,18.71722,COOL
31.6443,60.74643,14.61925,18.75597,COOL
31.11088,59.54513,14.4953,18.63648,COOL
30.5962,56.77796,14.0941,17.99493,COOL
26.80864,53.29447,14.20528,18.0128,COOL
25.27638,53.41462,13.44164,18.05143,COOL
26.29667,54.02069,13.1939,17.99471,COOL
29.44607,54.25539,13.85063,18.35385,COOL
29.01242,52.65052,14.68994,18.73375,COOL
29.19522,51.43439,15.31216,18.85848,COOL
28.92452,51.17783,15.29789,19.07785,COOL
27.22213,52.3598,14.78609,19.35252,COOL
26.25289,52.26475,15.09563,19.26595,COOL
24.80545,52.259,15.7931,19.14239,COOL
23.92,51.85128,18.35772,20.12407,COOL
21.55835,49.34745,21.67584,22.26484,COOL
21.80197,47.83923,23.72655,23.40579,COOL
17.84195,43.39581,26.13827,23.78628,COOL
13.56499,41.17964,21.99635,23.14521,COOL
16.41012,44.53618,14.60514,21.10107,COOL
20.80205,44.21412,11.13502,19.14248,COOL
22.54891,40.4982,11.51083,17.57145,COOL
23.46092,35.50531,16.11416,17.04161,COOL
20.69837,32.76841,21.88728,18.45448,COOL
15.10148,45.72921,16.58393,19.69898,COOL
13.06267,50.86351,16.17595,21.04504,COOL
12.09297,53.1198,14.97683,22.15251,COOL
13.33206,55.86954,13.70791,20.72081,COOL
17.46379,57.03435,12.95732,19.37073,COOL
25.61034,56.16659,14.26828,18.3941,COOL
30.37271,57.8723,15.04327,17.91906,COOL
31.74365,60.91378,14.45294,17.97059,COOL
32.1646,63.32111,13.86799,18.20083,COOL
32.4318,63.6972,13.47117,18.43066,COOL
31.55096,62.43152,13.36843,18.52922,COOL
30.65915,60.94046,13.39155,18.40346,COOL
28.72519,58.62524,13.81605,18.37905,COOL
28.77848,55.48145,16.85493,18.73655,COOL
25.65526,48.97266,23.92066,20.17426,COOL
21.67422,31.09834,41.5367,21.30257,COOL
15.42869,26.95934,44.09996,21.44958,COOL
15.43119,54.57457,15.21106,19.89665,COOL
26.63146,50.47989,13.10525,16.50835,COOL
33.38148,40.36665,17.87004,15.36963,COOL
33.5484,38.1657,19.96352,16.23406,COOL
27.2698,39.5903,18.90926,16.90396,COOL
22.236,31.0627,26.02135,16.08563,COOL
14.61155,54.95219,11.34436,16.62426,COOL
16.9656,61.49031,11.34444,16.78422,COOL
22.47734,61.81058,10.98484,16.92728,COOL
26.54735,62.1835,12.63854,17.44728,COOL
29.37293,59.2822,16.59679,18.30934,COOL
29.28865,54.08708,20.65675,19.71056,COOL
25.91235,48.74427,25.20022,21.92349,COOL
25.69598,52.86404,22.59702,23.55997,COOL
19.82767,59.1241,17.76628,23.34464,COOL
19.94038,63.91835,15.92761,22.50454,COOL
18.72347,64.17406,15.9183,22.27443,COOL
17.60085,61.92568,16.11518,22.15627,COOL
17.93061,60.18287,16.25084,21.96562,COOL
16.82761,57.48626,16.68305,22.00529,COOL
15.53743,56.94456,17.53261,22.18056,COOL
13.7682,54.00781,19.73132,23.81462,COOL
17.04688,51.55955,21.91787,24.26454,COOL
23.2447,48.20045,22.90329,23.20586,COOL
23.7708,57.5943,14.49502,20.01481,COOL
27.33002,67.72537,10.30385,15.98808,COOL
32.58883,70.75787,13.75719,16.32566,COOL
31.13704,64.3839,12.96976,33.85999,COOL
32.66372,57.08881,12.55371,45.65054,COOL
38.28036,49.88234,11.26518,54.19085,COOL
35.82499,49.25644,12.04677,52.78389,COOL
26.43924,63.51474,13.35819,42.49014,COOL
26.28537,69.26443,13.66722,27.73656,COOL
27.04674,69.51258,11.20024,17.52962,COOL
29.22046,61.62042,16.18111,22.17459,COOL
26.68097,54.21806,22.15103,23.49531,COOL
23.24957,55.23445,21.46374,23.40928,COOL
21.26702,59.27705,19.69208,22.79698,COOL
19.06162,61.7548,17.72665,22.70113,COOL
17.31987,61.71134,16.78404,22.82346,COOL
15.72036,61.39688,16.28988,23.00579,COOL
15.16988,60.8485,16.17389,23.09727,COOL
15.42916,60.43565,16.27943,22.94507,COOL
16.39758,60.56699,16.62016,22.64377,COOL
16.4325,59.54336,17.40034,22.41179,COOL
16.30682,58.68442,18.03247,22.17567,COOL
15.4367,57.09526,18.82013,22.18391,COOL
13.94144,53.83265,19.86167,23.15961,COOL
13.83286,50.75136,20.88611,23.90789,COOL
22.29239,52.09282,21.58526,23.64785,COOL
27.7508,53.34511,20.28463,22.20022,COOL
29.04257,58.74836,15.43226,20.25634,COOL
27.50752,60.1618,13.47981,18.98103,COOL
26.41216,59.33206,13.5153,18.53198,COOL
24.57461,57.89701,13.65794,18.36993,COOL
22.1335,55.4956,13.57733,18.10383,COOL
22.30852,54.94836,12.81994,17.81124,COOL
23.48368,55.2197,12.67414,17.89986,COOL
23.08833,54.98867,12.83979,18.17663,COOL
22.23634,53.97592,13.06038,18.54252,COOL
21.4212,53.09066,13.1807,18.79808,COOL
21.46791,53.02473,13.22411,18.82481,COOL
20.07471,51.53179,13.29749,18.81143,COOL
23.30607,53.8578,14.08928,18.18113,COOL
23.33593,52.62686,16.17779,18.50255,COOL
20.37369,46.53296,23.46045,19.75071,COOL
19.24858,29.93156,43.2042,20.71116,COOL
18.48937,45.87465,28.91976,21.42147,COOL
18.26432,67.85845,14.24025,20.32205,COOL
18.23564,67.16267,14.56023,19.66298,COOL
19.66284,65.02712,12.58019,18.8121,COOL
20.54902,62.67536,10.45681,17.25424,COOL
20.93299,63.95311,10.77344,16.94531,COOL
19.13539,63.83737,11.75799,18.5209,COOL
16.99647,63.13744,13.6273,18.63029,COOL
15.77874,58.19545,16.33936,20.81755,COOL
16.75703,57.51754,16.12269,21.31647,COOL
17.00255,56.83733,14.61045,20.42482,COOL
20.54015,55.45033,13.86045,18.54601,COOL
25.20916,56.28255,13.94242,17.90766,COOL
27.56533,56.04486,14.37317,17.73081,COOL
27.77001,56.63971,13.72502,17.83153,COOL
26.71022,57.42132,13.10799,18.07126,COOL
24.62119,55.28771,12.76086,18.35737,COOL
23.64746,53.96032,12.79308,18.56273,COOL
22.96333,53.25094,12.88739,18.78459,COOL
23.90214,54.35526,12.87572,18.73876,COOL
24.98969,56.1,12.90613,18.69555,COOL
25.65118,57.60222,13.08998,18.6257,COOL
25.86044,58.55393,13.36271,18.589,COOL
23.97464,57.68319,13.84195,18.91294,COOL
23.57244,59.02969,13.90691,18.73405,COOL
26.65731,64.13791,13.69437,17.83605,COOL
29.30417,66.92632,13.77212,16.36395,COOL
29.49226,66.64649,13.76941,16.89577,COOL
27.13717,63.66134,13.28863,18.11272,COOL
25.79572,60.88638,12.82346,18.91477,COOL
23.71396,59.63492,12.75837,30.19366,COOL
23.9843,62.56033,13.12442,28.3742,COOL
26.30396,65.44183,13.32231,19.14969,COOL
27.9682,63.78437,12.75646,18.41778,COOL
29.29292,56.84766,17.89217,20.52176,COOL
26.0835,49.64884,23.80625,21.88901,COOL
21.95952,48.04014,24.75379,21.6346,COOL
18.0666,48.68058,22.03399,21.41566,COOL
17.61184,50.95748,18.85265,22.02961,COOL
17.66676,53.53973,16.96374,22.56153,COOL
18.1142,55.26472,16.23089,22.72464,COOL
18.46906,57.1223,16.05838,22.77504,COOL
16.27112,56.50945,16.34583,22.89379,COOL
13.93606,54.39139,16.55203,22.70795,COOL
14.59925,52.35772,16.66901,22.34697,COOL
15.92338,51.2809,17.1078,22.11075,COOL
16.24206,50.80045,17.60172,21.91865,COOL
15.55864,50.27642,18.4009,22.12495,COOL
15.65131,50.0263,19.47979,22.39905,COOL
14.24633,49.48945,19.95606,22.2726,COOL
12.17868,49.88698,19.7464,22.35019,COOL
9.028828,50.57211,18.66954,22.33355,COOL
5.785435,48.65847,17.98476,22.67132,COOL
4.771959,45.70021,17.63459,22.86561,COOL
5.397609,44.27609,17.32559,22.41352,COOL
8.539344,42.40944,17.31197,21.58202,COOL
13.27736,42.90981,17.91269,20.76844,COOL
14.75931,42.81667,18.1035,19.71462,COOL
12.45717,45.99749,16.24023,19.5058,COOL
8.672083,47.35149,15.38353,19.9264,COOL
5.373412,46.7547,14.95124,20.29974,COOL
3.025239,45.28014,14.78676,20.50348,COOL
1.934518,43.35479,14.70471,20.61874,COOL
2.834347,43.08011,14.35544,20.36107,COOL
4.707901,44.19609,14.00982,19.96254,COOL
12.03911,48.24253,13.46772,19.11039,COOL
20.30559,51.67354,13.9494,17.96487,COOL
24.30565,53.72722,15.51583,18.34325,COOL
23.12004,57.10573,15.93801,19.6819,COOL
20.28905,59.98355,15.84952,21.12307,COOL
20.58979,58.01034,18.03737,21.80615,COOL
23.21661,68.83213,12.90965,20.6235,COOL
26.40693,73.77087,12.60473,18.55596,COOL
27.82672,70.46235,11.41239,15.18223,COOL
29.8237,58.85823,11.31712,12.42588,COOL
29.55659,47.23796,11.21645,12.86133,COOL
31.483,41.55092,11.44959,12.89367,COOL
29.91236,44.08392,11.99255,12.46257,COOL
27.15263,59.35527,13.20792,15.61363,COOL
22.77351,66.8083,15.7251,13.12792,COOL
18.18426,66.23576,13.32022,15.99094,COOL
18.12288,63.32821,11.48643,19.3922,COOL
19.87028,61.10462,13.37016,20.64589,COOL
24.25051,59.62584,14.76508,20.81342,COOL
29.32055,60.53992,15.52499,20.54599,COOL
30.91676,61.60408,15.54608,20.10088,COOL
30.95857,62.36478,15.24213,19.84859,COOL
30.61947,63.64917,14.79466,19.47567,COOL
30.69652,65.32837,14.42664,19.05031,COOL
30.44249,68.69682,13.51084,18.40389,COOL
29.69032,69.68555,13.214,17.81222,COOL
27.92978,69.97352,13.23187,17.00022,COOL
26.71144,69.88582,13.54598,16.6683,COOL
27.38879,68.54837,13.69147,21.31045,COOL
29.22352,63.15353,13.13849,36.31639,COOL
23.16482,52.24803,16.86362,19.50899,COOL
16.15451,45.79545,21.58069,21.9361,COOL
14.39034,42.65243,22.26579,22.21482,COOL
16.40948,43.89309,21.47338,22.33407,COOL
18.95512,45.88319,19.89414,22.04696,COOL
21.28328,51.17674,18.39189,20.16468,COOL
24.59959,58.80858,13.5092,17.10159,COOL
23.02074,65.6116,13.04088,16.71632,COOL
24.31074,64.40377,13.0359,19.4586,COOL
30.61144,58.52401,20.15532,22.32981,COOL
29.07316,60.90026,19.69573,22.54849,COOL
22.32915,62.3525,17.53673,22.46507,COOL
19.66532,62.04773,16.78746,22.68187,COOL
18.71644,60.83357,16.34664,22.87371,COOL
22.71057,58.05847,17.89692,22.82322,COOL
23.69925,54.6201,19.01928,20.68426,COOL
22.21423,62.95493,11.96061,18.47684,COOL
22.14548,64.87209,10.63713,17.34007,COOL
22.4993,65.35493,10.84197,16.89502,COOL
21.94473,65.34258,10.85999,17.51181,COOL
20.42943,62.41522,12.66643,19.56471,COOL
22.53334,58.78274,19.82504,22.98113,COOL
19.89641,58.98973,19.31031,23.57901,COOL
17.42944,59.81657,17.86308,23.26482,COOL
15.6795,59.87959,17.02179,22.62394,COOL
13.11196,58.9936,16.81153,22.29831,COOL
11.00128,56.5608,16.98488,22.37963,COOL
15.02271,55.36403,17.47455,23.08774,COOL
20.27017,54.73733,17.79828,23.56993,COOL
23.82914,55.16178,19.05488,23.34936,COOL
24.39236,53.92611,19.8254,23.14066,COOL
23.82981,53.27658,19.71569,23.15181,COOL
20.84989,54.12902,19.12605,23.26216,COOL
17.39927,53.39911,18.74074,23.52559,COOL
16.16194,53.82848,18.36115,23.35235,COOL
15.89089,53.96484,18.22081,23.3125,COOL
13.81927,54.40086,17.65623,22.91746,COOL
11.73477,54.41352,17.34336,22.61226,COOL
11.9297,55.22126,17.01822,22.07996,COOL
14.69804,58.12615,16.5859,21.38951,COOL
15.84928,58.83961,16.58182,21.23121,COOL
15.20293,58.04077,16.69718,21.33022,COOL
14.4869,55.60199,17.3962,21.83179,COOL
19.06387,55.54815,19.27114,22.84203,COOL
22.72602,57.20015,17.80379,21.53591,COOL
24.18209,61.60328,10.52805,17.38461,COOL
28.54527,60.76584,10.30133,13.67696,COOL
28.69734,61.48728,12.69586,15.83455,COOL
26.86514,61.15138,13.46117,17.22101,COOL
25.05591,60.39937,13.7322,17.72304,COOL
24.64938,60.87485,13.91039,18.93118,COOL
21.87717,61.46631,12.79649,17.41805,COOL
18.94236,62.35995,12.37382,17.69929,COOL
21.49436,59.59363,15.46044,20.3435,COOL
25.66259,56.00386,18.9884,21.498,COOL
26.35951,55.25792,18.65258,21.02903,COOL
27.08059,56.91235,16.21593,19.74306,COOL
27.37997,58.30603,14.26185,18.59296,COOL
28.40346,57.66213,13.19592,17.84532,COOL
29.86653,55.81335,13.37972,17.74793,COOL
28.94482,55.86219,13.27894,18.0066,COOL
26.95434,56.45896,13.36326,18.59431,COOL
25.60932,56.47322,13.52232,18.96235,COOL
23.73267,55.60034,13.68129,19.17184,COOL
23.46389,54.48811,13.79015,19.01528,COOL
23.99015,52.0837,14.39769,19.16165,COOL
19.69176,46.10622,17.50455,21.09654,COOL
18.47081,44.65023,18.96087,22.60608,COOL
19.70925,53.61234,17.30006,23.08684,COOL
18.59528,58.94482,16.74742,23.12346,COOL
18.42653,61.45457,16.53206,22.88323,COOL
17.08511,60.89012,16.33704,22.63046,COOL
14.88721,58.75851,16.04222,22.39758,COOL
13.75561,56.81429,16.28599,22.28561,COOL
14.12086,54.71872,17.4382,22.53131,COOL
15.31237,48.60286,19.50399,22.54214,COOL
13.86672,45.97575,18.54,21.60238,COOL
19.25838,53.68641,13.38226,18.88227,COOL
21.81404,58.42289,12.17918,17.23494,COOL
25.54869,62.71412,12.94212,15.60864,COOL
28.97501,62.44154,13.14797,17.07608,COOL
29.50534,60.82201,12.87233,26.16737,COOL
27.57726,59.18224,12.80665,28.96441,COOL
23.54873,56.59658,12.81027,21.37232,COOL
19.9155,53.76379,13.45427,17.7316,COOL
19.4581,53.26267,13.81373,18.02014,COOL
19.19479,53.91138,13.849,18.25879,COOL
21.69333,58.1656,13.6236,19.8785,COOL
22.93266,62.6456,13.00073,19.6717,COOL
24.23038,63.63087,12.22637,16.78631,COOL
26.13061,63.11949,12.81895,18.00875,COOL
26.17895,55.95515,17.79891,20.30395,COOL
23.75418,52.82156,19.24066,20.99538,COOL
21.0279,50.58644,19.39443,21.22232,COOL
20.9774,50.34962,19.5667,21.20214,COOL
21.87798,50.7362,19.69233,21.24144,COOL
22.78868,51.1726,19.75059,21.58508,COOL
21.22257,51.88991,18.62482,21.29148,COOL
20.137,54.32255,15.5697,19.82658,COOL
23.20921,55.74305,13.65367,18.36102,COOL
27.42757,57.78106,12.44733,17.67686,COOL
25.07319,57.78475,13.08674,18.39499,COOL
19.00687,54.94437,14.08772,19.21437,COOL
18.22133,56.00584,14.53277,19.46999,COOL
18.51754,57.73232,14.5787,19.26276,COOL
20.31176,59.1448,14.17373,18.17925,COOL
25.20319,58.59988,13.47334,15.67012,COOL
34.04499,58.91676,12.77059,15.31422,COOL
29.77153,59.78116,13.44785,17.4532,COOL
26.37503,61.44093,14.0022,18.82583,COOL
22.43254,62.27308,14.4896,19.95469,COOL
20.50428,62.85421,13.96865,18.90049,COOL
19.36279,62.97147,12.65661,18.39005,COOL
15.74479,58.2657,16.32326,23.14647,COOL
9.936086,52.06188,18.88148,26.21685,COOL
4.635359,46.55356,18.43349,26.21358,COOL
1.221573,41.28297,16.61241,25.90661,COOL
3.680574,36.05552,16.45638,25.72358,COOL
8.348097,29.78139,17.27899,24.36185,COOL
18.70942,32.38983,20.23504,21.80419,COOL
24.66626,29.38163,25.17213,24.58202,COOL
30.19703,29.44555,33.64964,20.95198,COOL
30.16723,52.47767,18.89126,17.00602,COOL
28.14459,56.89921,16.29641,17.48419,COOL
24.03236,54.04767,15.72845,18.63742,COOL
20.74205,52.36312,15.22522,18.73109,COOL
18.62143,53.5177,14.40361,19.18129,COOL
18.12553,55.14252,14.25902,19.56354,COOL
18.60675,55.38184,14.51189,19.86771,COOL
21.76745,51.36964,15.18928,19.92809,COOL
25.54311,53.43078,14.4256,18.62918,COOL
25.84885,59.24711,13.33875,17.21589,COOL
21.10707,62.21497,11.60792,16.67254,COOL
18.0837,59.29928,12.84778,19.0473,COOL
19.84999,54.16913,16.2647,21.13032,COOL
17.1534,52.17923,18.45438,21.83734,COOL
18.03531,56.08345,16.45119,21.67998,COOL
16.43892,55.84613,16.26081,21.45393,COOL
14.30552,55.26925,16.01661,21.10377,COOL
13.42182,54.33442,16.05056,20.8385,COOL
15.35072,55.32454,16.1873,20.99453,COOL
20.146,58.14931,16.40208,21.52099,COOL
21.57771,58.50833,16.51636,21.80353,COOL
21.11471,59.13356,16.70947,21.75725,COOL
14.24824,55.07558,16.70936,21.28935,COOL
9.021557,52.83986,16.76307,21.2297,COOL
1.542816,48.51323,16.6172,21.79859,COOL
3.23186,46.11705,16.17937,22.26503,COOL
7.249467,44.60818,16.09997,22.41952,COOL
10.04255,42.45265,16.39822,22.34127,COOL
7.659936,40.22701,16.66382,21.99711,COOL
4.662831,39.46831,16.45696,21.62193,COOL
4.656651,39.25478,16.27129,21.39323,COOL
5.041,39.07222,16.23797,21.41793,COOL
5.060783,38.58518,16.18793,21.45543,COOL
5.025001,38.93723,16.09067,21.50035,COOL
4.742723,39.6978,16.1367,21.54161,COOL
4.48847,39.98862,16.09499,21.60396,COOL
4.502848,40.03714,16.06024,21.64289,COOL
4.461946,39.87939,16.0728,21.6235,COOL
4.351497,39.61677,16.04117,21.5161,COOL
4.14723,39.3844,15.91055,21.3424,COOL
3.299899,39.79264,15.75253,21.1161,COOL
2.993102,40.16384,15.60878,21.02066,COOL
3.212357,40.56041,15.43766,21.03391,COOL
3.587196,40.63159,15.42498,21.1161,COOL
3.668531,40.31899,15.44256,21.16114,COOL
3.677753,40.12226,15.4826,21.22963,COOL
3.591396,40.16661,15.32909,21.16338,COOL
3.584738,41.47058,14.88273,20.64612,COOL
10.95677,47.39607,14.4062,20.13577,COOL
17.31994,50.40662,14.18288,19.30764,COOL
22.05774,51.39149,13.805,18.16837,COOL
25.67596,54.19827,13.62748,17.15388,COOL
30.12717,59.5818,10.94713,15.76781,COOL
28.30873,43.53125,21.48852,15.96403,COOL
24.26451,10.45056,53.87532,16.55636,COOL
19.43036,7.658142,59.06553,16.20918,COOL
14.47579,8.908739,51.26875,14.46467,COOL
20.40454,24.84713,38.47989,14.67519,COOL
22.69062,45.61083,20.66424,17.72605,COOL
23.82836,51.22745,15.35505,20.67546,COOL
18.87796,45.48823,22.06479,26.05416,COOL
14.72559,50.18908,22.05932,24.53395,COOL
8.00788,49.34457,19.84239,22.23677,COOL
5.703892,48.48205,17.94636,22.13625,COOL
8.001577,48.2209,16.76401,22.44899,COOL
7.954877,44.96456,16.3306,22.25702,COOL
7.688093,42.53411,16.05189,21.8818,COOL
12.50019,39.72579,16.74317,20.774,COOL
18.3565,40.39589,18.02525,19.6787,COOL
24.86128,46.57732,16.1117,18.45166,COOL
28.96731,63.91003,12.25424,17.17075,COOL
29.52808,70.86727,13.47933,16.20555,COOL
29.6209,66.4052,13.90964,19.57791,COOL
28.33487,61.5471,14.2315,25.99453,COOL
24.95439,57.87751,13.21094,19.96351,COOL
29.16401,54.51152,11.73375,32.87555,COOL
32.94931,52.17633,10.44092,39.85977,COOL
34.99509,51.4287,10.03776,43.42579,COOL
28.6486,54.17715,12.41734,23.13781,COOL
23.821,55.40894,14.35814,17.89944,COOL
17.41873,56.43839,14.9019,19.95589,COOL
3.107972,43.79148,15.24112,21.62347,COOL
3.233556,36.28609,15.45543,21.15803,COOL
2.102451,34.25121,14.95673,20.68769,COOL
2.833449,33.16614,14.78864,20.01394,COOL
3.762027,36.34932,15.20585,20.57479,COOL
2.309189,40.63824,15.60826,22.0188,COOL
4.667743,42.76957,15.52821,22.59207,COOL
6.786512,43.82115,15.9548,22.23151,COOL
7.560681,42.28431,16.79367,21.57926,COOL
7.650681,40.26349,16.52172,20.45121,COOL
8.289369,42.18035,15.8658,19.92239,COOL
8.550653,42.98613,15.85705,19.48644,COOL
7.524648,40.81783,16.05481,19.64879,COOL
7.238146,38.89409,15.71001,19.68393,COOL
6.477536,37.45153,15.88063,19.62426,COOL
8.301558,36.7363,16.74998,19.24703,COOL
8.830041,42.70488,15.0364,19.55932,COOL
11.29852,46.38439,14.81098,19.69058,COOL
17.58394,50.80745,13.54089,17.22626,COOL
22.71574,58.49935,11.83769,14.63571,COOL
24.79099,64.44254,12.58743,14.70129,COOL
24.72981,67.57961,13.31281,16.04994,COOL
25.33051,66.81731,12.87789,16.79381,COOL
29.55769,67.01066,13.50031,18.3805,COOL
30.24004,65.7114,13.86429,19.00161,COOL
30.18766,61.91668,14.25874,19.37412,COOL
31.07179,59.39584,14.71406,19.5033,COOL
25.48016,52.93431,16.99395,21.15223,COOL
12.94029,46.36738,17.78754,22.20683,COOL
9.451263,45.98164,17.65594,22.72252,COOL
10.34614,48.06951,17.2196,22.63602,COOL
13.67933,51.23623,16.86582,22.46974,COOL
15.60357,53.32312,16.55249,22.26,COOL
16.1293,54.14596,16.44864,22.09735,COOL
15.55785,53.6581,16.52014,22.07444,COOL
16.47898,53.31983,16.77373,22.10755,COOL
19.67638,53.58638,17.3009,22.02876,COOL
22.22042,52.80185,18.03279,21.82955,COOL
24.35792,50.94687,19.13453,21.59869,COOL
24.40449,47.68446,20.98507,21.63859,COOL
24.75909,46.79777,22.86052,21.66813,COOL
24.75392,54.64997,17.50229,21.19612,COOL
23.44265,59.85496,12.95596,19.04537,COOL
20.87583,61.19968,10.89873,17.50298,COOL
23.3083,60.58111,9.549708,13.72732,COOL
26.43737,57.50121,10.75938,13.49255,COOL
23.04552,51.86634,12.33288,15.91999,COOL
16.95478,46.37954,14.37901,18.14241,COOL
12.99312,42.55406,17.93289,20.37028,COOL
11.43592,38.6815,20.58535,21.31103,COOL
11.12429,45.57001,18.38164,19.5516,COOL
10.39605,49.46276,16.46327,17.75815,COOL
9.045569,50.44252,15.14082,17.36299,COOL
6.086116,47.01857,14.1877,18.57488,COOL
4.692396,45.6734,13.89525,20.06139,COOL
4.409489,45.03072,13.8221,19.53669,COOL
4.024625,42.94714,14.91798,19.24886,COOL
4.22095,41.80626,14.71981,19.19075,COOL
10.82506,47.91866,14.13392,18.53352,COOL
16.13618,60.47726,11.63183,19.60172,COOL
25.32197,59.44948,16.49475,22.10728,COOL
32.86222,56.25507,19.63645,22.97334,COOL
21.06354,52.55424,20.81648,23.32932,COOL
12.16612,53.46605,19.04164,23.39561,COOL
10.06943,53.72133,17.72786,23.44799,COOL
8.980585,53.48415,16.45041,23.10367,COOL
8.95311,52.4942,16.19889,22.73436,COOL
8.782214,52.09237,16.30856,22.51384,COOL
8.062997,51.38999,16.45149,22.38812,COOL
9.071599,51.7821,17.11284,23.12614,COOL
12.42378,51.20103,19.43218,23.61893,COOL
18.44681,51.2587,21.75121,23.35466,COOL
24.15876,55.67561,18.20838,21.42284,COOL
24.63557,61.43763,13.313,19.32905,COOL
24.71389,65.09972,11.04241,17.15809,COOL
27.31013,65.98943,9.54559,14.84742,COOL
29.43901,65.51629,11.17496,14.57963,COOL
23.55861,53.33644,13.79223,16.92429,COOL
21.96763,51.04332,14.48464,17.08802,COOL
21.41343,48.50728,16.171,16.98222,COOL
23.00625,47.90535,21.95148,20.09072,COOL
24.60849,50.84398,22.45436,20.72844,COOL
25.69931,52.4783,20.61488,20.28982,COOL
26.373,52.02289,19.37593,19.63772,COOL
29.17935,52.42768,19.94435,19.34986,COOL
30.60702,55.03817,17.93287,18.44893,COOL
27.89454,59.34645,12.87256,17.01447,COOL
23.49056,59.31457,12.23061,16.49425,COOL
15.25477,60.94319,12.09494,17.55471,COOL
15.27235,62.48654,12.30144,19.21373,COOL
22.75049,55.92275,20.15623,23.27272,COOL
16.62506,55.10482,20.57046,23.45998,COOL
12.97762,58.10573,17.93297,23.75947,COOL
13.04966,59.3576,16.6047,23.22932,COOL
12.27715,57.41484,16.43189,22.7021,COOL
12.68696,55.36951,16.46997,22.22307,COOL
10.72209,53.91971,16.76381,22.24119,COOL
11.04669,55.25202,16.76614,22.8812,COOL
14.27781,57.44728,17.10994,23.80344,COOL
16.09339,56.54987,16.83592,23.88156,COOL
14.44767,52.85061,16.71868,23.57509,COOL
6.033222,41.49474,16.71415,22.55123,COOL
4.762385,38.86056,16.69521,21.73913,COOL
4.375422,39.38678,16.3819,20.91027,COOL
7.816377,42.51896,15.17235,19.95786,COOL
14.56451,46.55548,13.79448,19.05452,COOL
18.76963,48.87244,13.06125,17.91025,COOL
22.01473,52.6892,12.59015,17.11515,COOL
20.39211,52.47955,14.615,18.57137,COOL
16.24686,44.96357,22.05949,20.65134,COOL
16.11815,42.57283,25.62545,21.76736,COOL
20.07693,55.58291,17.31804,20.7226,COOL
31.89341,59.35527,13.60914,16.11999,COOL
33.42827,56.35822,12.14342,15.14214,COOL
33.95983,47.33007,12.64158,13.92463,COOL
29.23853,31.59782,25.24355,14.6247,COOL
26.49346,37.15627,23.91316,16.13182,COOL
26.93145,42.65831,20.31798,17.6539,COOL
20.76152,49.07299,18.74104,21.85861,COOL
17.98018,57.24253,21.99093,22.88456,COOL
16.31436,56.65945,21.70046,21.59007,COOL
15.54761,53.60518,20.85966,20.85308,COOL
16.31367,50.67645,19.46732,20.82997,COOL
19.33363,51.58727,18.9791,21.47164,COOL
16.60443,51.64235,18.36162,21.52589,COOL
11.46616,50.49815,17.40315,21.56655,COOL
7.236656,50.52531,16.92768,22.00763,COOL
6.751017,52.38753,16.49455,22.44787,COOL
10.10842,55.34901,16.60529,23.13565,COOL
13.02824,56.43538,16.82141,23.69479,COOL
12.16745,53.75199,17.12927,24.12667,COOL
11.41549,50.97138,17.55167,24.29763,COOL
8.694025,47.26717,17.50912,24.04797,COOL
10.30824,46.08882,17.44824,23.1532,COOL
13.90633,45.41729,18.16345,22.19549,COOL
18.59057,46.90267,17.74047,21.06356,COOL
21.71702,48.90316,17.07533,20.31253,COOL
24.88532,52.63958,15.39934,19.07821,COOL
26.54905,59.08631,11.21203,16.57114,COOL
26.85105,61.34003,9.593434,15.36966,COOL
25.98924,63.06945,9.333278,14.75202,COOL
24.44528,62.30253,10.84371,15.77442,COOL
21.00462,61.30219,12.08129,17.88588,COOL
19.36434,62.35644,12.64146,18.31091,COOL
18.4011,63.09901,11.23447,17.41068,COOL
19.43973,64.37622,10.72631,18.12927,COOL
19.25756,57.61618,19.5473,22.64488,COOL
18.20103,54.20839,21.89118,24.14967,COOL
12.93004,55.36458,19.99518,23.96549,COOL
10.19611,57.50744,17.01908,23.29759,COOL
9.952638,56.37242,16.32509,22.76128,COOL
12.04894,56.36113,16.17489,22.49949,COOL
14.52378,56.72289,15.87747,22.49604,COOL
16.92713,57.71575,15.88285,22.53017,COOL
20.08987,60.64582,16.72608,23.43458,COOL
19.9084,60.22514,17.37776,23.88556,COOL
19.31012,57.24256,18.11015,24.15173,COOL
22.0545,55.29611,20.41802,23.92129,COOL
25.0827,53.6822,22.78454,23.65626,COOL
27.96121,55.31881,21.03017,22.35288,COOL
24.98237,60.39306,13.84622,19.90692,COOL
24.36452,65.21911,9.720248,16.39224,COOL
26.68882,65.81477,10.20675,14.36852,COOL
29.54332,65.57914,12.39734,15.06588,COOL
29.32183,64.43933,13.36688,15.38659,COOL
27.55925,61.74602,13.77241,15.31395,COOL
26.19352,61.17465,13.73034,15.8344,COOL
26.52904,61.71383,13.62587,15.56737,COOL
26.26298,61.97126,13.70351,15.87423,COOL
24.36649,63.7145,12.72005,15.88031,COOL
23.31013,64.89917,11.05298,16.57065,COOL
21.94438,63.9784,11.7782,18.31778,COOL
22.9905,59.15419,16.07305,20.90585,COOL
22.13374,57.26801,19.82565,23.31198,COOL
16.52009,59.76229,17.47884,23.61949,COOL
12.21903,57.20827,16.26854,23.64278,COOL
10.2628,52.7407,15.95356,23.4188,COOL
12.60483,50.54668,16.12367,23.03752,COOL
13.50871,47.2991,16.51227,22.77505,COOL
11.6291,43.73943,16.77206,22.32722,COOL
10.0927,40.71572,16.94325,22.11088,COOL
9.617524,40.45623,16.9395,21.92987,COOL
11.62229,42.49724,16.96163,21.70664,COOL
15.4759,45.31432,16.79139,21.23869,COOL
24.94834,53.5713,14.67303,19.33077,COOL
27.34161,60.96004,13.05001,18.15553,COOL
26.74574,66.52268,13.13071,17.18141,COOL
26.1413,67.78874,14.6859,16.6217,COOL
26.79299,66.39352,15.02889,17.62141,COOL
29.67371,65.2714,13.7984,20.81606,COOL
29.92393,63.7437,13.04344,20.51625,COOL
29.17179,61.67899,13.04332,16.91104,COOL
25.68942,56.35994,13.55627,17.37289,COOL
19.74225,51.58569,13.95194,19.45837,COOL
15.37075,50.8756,15.67316,19.66005,COOL
13.76114,49.46025,18.32855,19.67116,COOL
14.04723,48.68312,19.58428,19.7063,COOL
14.22154,50.21048,18.98752,19.26582,COOL
14.16659,51.81553,16.01876,18.32595,COOL
19.28284,54.03896,12.89244,16.29251,COOL
23.64942,57.61796,13.24519,15.56899,COOL
25.74123,63.16472,13.23685,16.84345,COOL
24.11849,64.08447,12.37024,16.4292,COOL
22.47435,63.11253,12.49433,17.85828,COOL
22.90597,61.03952,13.42715,19.21616,COOL
23.42514,58.19228,14.05205,19.16371,COOL
23.46626,55.89484,14.17836,18.9355,COOL
24.01184,54.93363,14.01297,18.77718,COOL
22.89121,53.86436,13.59802,18.8672,COOL
22.46232,53.86913,13.37835,18.95304,COOL
21.67777,53.8014,13.52825,19.11416,COOL
20.62249,54.32778,13.80062,19.31923,COOL
16.20279,52.32718,14.29397,19.79152,COOL
10.4591,48.70675,14.73372,20.16293,COOL
4.810556,43.10452,15.14568,20.41761,COOL
4.581762,41.16504,15.21963,20.38277,COOL
4.786142,40.35634,15.19688,20.35945,COOL
4.840072,40.39944,15.29719,20.678,COOL
4.584283,40.87212,15.33666,20.75157,COOL
3.960668,41.35749,15.13306,20.57815,COOL
12.1188,47.10687,14.05344,19.53464,COOL
22.7531,53.36636,15.16738,18.64202,COOL
25.17201,58.47163,15.5373,19.13258,COOL
24.50127,60.83894,12.79516,18.84497,COOL
24.73522,62.34373,10.43149,15.95139,COOL
28.29079,63.21605,11.02657,12.83447,COOL
30.89522,63.55532,12.63087,11.40899,COOL
27.96419,54.24561,13.17383,14.3362,COOL
25.10921,43.76587,16.76975,17.68961,COOL
23.2792,41.55785,19.92803,19.58475,COOL
25.22034,41.87116,21.34595,20.46474,COOL
26.8924,43.49789,21.62374,19.82199,COOL
26.91169,50.75592,16.56955,18.02371,COOL
23.15838,58.29058,12.99037,17.04767,COOL
20.63155,64.5304,12.49979,15.65042,COOL
19.05646,62.54929,11.44396,16.92748,COOL
21.36123,61.54138,12.24492,18.4173,COOL
28.49376,62.2052,13.57875,18.83195,COOL
32.1643,62.99238,15.04835,19.38021,COOL
33.6558,63.30056,14.80103,19.27834,COOL
34.49488,62.82093,14.25846,18.78886,COOL
34.89645,59.04786,15.19405,18.79149,COOL
34.0849,56.95853,15.79023,19.09276,COOL
31.88618,54.53268,17.02327,19.99375,COOL
27.80596,51.84454,18.77881,21.12508,COOL
