THUMB_INDEX_ANGLE,INDEX_MIDDLE_ANGLE,MIDDLE_RING_ANGLE,RING_PINKY_ANGLE,target
65.35223,68.74233,24.90816,61.33048,LOVE
66.03214,68.25835,24.50414,61.06553,LOVE
67.2492,66.45657,24.22613,60.5895,LOVE
68.49627,65.46326,24.23208,59.91829,LOVE
69.41237,65.15009,23.99834,59.42377,LOVE
68.69518,65.34718,23.54579,61.4518,LOVE
66.80626,65.6274,23.88704,61.55817,LOVE
65.56374,65.22396,24.10072,60.65736,LOVE
65.29117,65.22096,24.25946,60.50114,LOVE
65.20882,64.84917,24.22631,59.99513,LOVE
65.1799,64.99551,24.31962,59.78336,LOVE
65.13921,65.29359,24.39083,59.89053,LOVE
65.10342,65.8102,24.25105,60.63429,LOVE
65.20953,66.11688,24.26443,60.99004,LOVE
65.98545,66.61598,24.16842,62.02966,LOVE
66.47668,66.51163,24.12997,62.29122,LOVE
66.69449,65.98595,24.17675,62.21589,LOVE
66.82991,65.88942,24.35546,62.31227,LOVE
66.92873,66.04913,24.50427,62.22845,LOVE
66.87353,65.81537,24.35675,62.01408,LOVE
66.8709,65.09849,23.97912,61.55701,LOVE
66.40773,65.45788,24.04975,61.47402,LOVE
66.48866,67.11674,25.25517,60.88291,LOVE
66.49329,67.86591,26.25426,60.23242,LOVE
66.78719,68.36572,27.45204,59.20042,LOVE
66.78412,68.23761,27.65504,58.79134,LOVE
66.455,68.04501,27.42285,58.88192,LOVE
66.13637,67.56446,26.91548,59.27574,LOVE
66.05286,67.13158,26.48771,59.74006,LOVE
66.29342,66.83769,26.20626,60.06851,LOVE
66.4438,65.96333,25.18234,60.60071,LOVE
66.38715,64.95134,23.99127,61.38925,LOVE
67.03209,64.92013,23.58641,61.86063,LOVE
67.94968,66.63337,22.02082,61.36472,LOVE
70.4455,70.6292,22.67253,60.72159,LOVE
71.41868,72.33068,23.51597,60.42142,LOVE
72.21556,74.09929,25.10028,59.46163,LOVE
72.06966,74.02715,25.8085,59.16518,LOVE
71.59216,73.21143,25.59237,59.07051,LOVE
70.29021,71.34149,23.30193,60.72598,LOVE
69.57674,70.43024,22.29159,62.4365,LOVE
68.4205,69.23779,23.07913,62.91092,LOVE
66.94781,68.12318,23.81778,63.08385,LOVE
63.84478,66.82334,25.11364,63.37896,LOVE
61.05807,66.50039,25.38073,62.93201,LOVE
56.29041,66.66499,25.80201,62.45836,LOVE
53.46085,66.8177,26.18228,62.15065,LOVE
51.30177,67.06668,26.63837,61.91447,LOVE
49.2515,67.42014,26.23994,62.22412,LOVE
48.88878,67.70438,25.80433,62.72647,LOVE
48.9613,67.88536,25.33656,63.19513,LOVE
49.5687,68.40662,24.80903,63.67579,LOVE
49.98212,68.7457,24.77105,63.64355,LOVE
50.2164,68.96855,24.92719,63.47134,LOVE
50.27072,68.99976,25.1673,63.18766,LOVE
50.35791,68.76151,25.42131,62.82334,LOVE
50.20127,68.23216,25.62617,62.14133,LOVE
49.46021,67.79561,25.17133,61.51218,LOVE
48.51185,67.72524,24.3528,61.45922,LOVE
48.3014,67.21742,22.77236,62.38694,LOVE
48.44139,66.2839,21.43529,63.54711,LOVE
48.32541,65.3886,20.46213,64.49664,LOVE
48.22288,65.03265,20.02296,65.164,LOVE
48.07718,64.9118,19.75914,65.88715,LOVE
47.70891,65.43886,19.89673,66.36544,LOVE
47.58283,65.71493,20.06036,66.66667,LOVE
46.86734,65.89151,19.92919,66.9597,LOVE
46.41594,66.06466,19.90363,67.24618,LOVE
46.20143,66.26045,19.85135,67.38757,LOVE
45.94516,66.80058,19.73616,67.59926,LOVE
45.12297,67.06496,19.88194,67.55508,LOVE
44.9469,66.94227,19.95572,67.55988,LOVE
45.28356,66.7374,20.09514,67.68714,LOVE
45.83019,66.63337,20.4116,67.89672,LOVE
50.56739,64.21057,21.77689,62.98338,LOVE
51.92613,62.45544,23.14804,58.35674,LOVE
52.3649,61.44442,23.64954,57.26738,LOVE
51.43344,53.41222,26.05666,54.86678,LOVE
51.78881,48.98653,28.21596,53.50074,LOVE
52.01288,47.22219,28.98148,53.41916,LOVE
52.653,46.30874,28.81064,54.17513,LOVE
53.44832,47.99263,28.11177,55.17592,LOVE
53.3884,51.34087,26.75976,56.44751,LOVE
54.45816,56.83221,25.05674,58.93093,LOVE
56.12453,62.30966,22.94206,61.58868,LOVE
53.51079,67.34535,22.50307,64.40058,LOVE
52.75085,66.93636,22.27061,63.93018,LOVE
52.81909,66.3233,21.96449,62.09756,LOVE
54.00995,67.20221,22.47063,62.1674,LOVE
55.31344,68.61015,23.0868,62.4861,LOVE
55.8931,69.36733,23.5787,61.7382,LOVE
55.95863,68.67758,23.92076,59.80275,LOVE
55.98852,66.42147,24.0021,57.99297,LOVE
55.97952,63.31861,23.51866,56.37997,LOVE
56.05807,62.00093,23.30906,55.28148,LOVE
55.90607,59.01053,22.34326,54.6311,LOVE
56.11266,54.778,21.42039,54.68175,LOVE
55.85886,51.93712,21.56024,56.35361,LOVE
55.25951,53.63465,22.93945,57.26669,LOVE
54.38432,55.51719,24.19592,58.87803,LOVE
54.79432,56.82182,25.16183,59.88127,LOVE
57.35906,58.65952,25.71777,60.16936,LOVE
54.64543,61.59015,26.15805,59.37145,LOVE
56.07915,63.24149,24.69303,57.00775,LOVE
59.999,63.7795,22.68448,55.82329,LOVE
65.4808,64.8474,21.96358,57.4834,LOVE
69.81276,67.10743,21.64149,60.69134,LOVE
72.51484,68.49843,22.03854,63.59443,LOVE
73.28477,69.24311,22.43411,65.68825,LOVE
72.71667,69.09747,22.84714,66.33147,LOVE
71.58351,68.72402,22.82863,66.2801,LOVE
70.63974,68.26977,23.00975,65.69231,LOVE
69.24512,67.41712,22.83851,64.31364,LOVE
67.60107,65.98847,22.7815,62.58848,LOVE
66.25386,64.1879,23.07892,61.03443,LOVE
65.29597,62.85514,23.40575,60.50906,LOVE
64.35271,61.78988,22.79979,59.74008,LOVE
64.17641,62.69465,22.37946,58.95884,LOVE
65.32507,64.40542,22.3874,58.11126,LOVE
66.70721,65.46378,22.34503,58.36723,LOVE
67.25668,65.6629,22.16406,58.9397,LOVE
67.72668,65.7579,21.91492,59.59608,LOVE
67.38476,65.87826,21.59157,59.59249,LOVE
67.07648,65.69355,21.28058,60.14372,LOVE
66.66947,64.6328,21.05827,60.89133,LOVE
65.60871,64.0178,22.10249,61.64013,LOVE
64.38413,64.62254,22.39743,62.36757,LOVE
61.38827,66.25375,23.5993,62.19239,LOVE
60.2016,66.62442,24.2177,61.04893,LOVE
59.31242,66.58672,24.85382,59.47314,LOVE
59.40949,66.51834,25.35714,58.23334,LOVE
60.47353,66.28322,24.92728,58.96784,LOVE
60.96244,65.65311,24.09614,59.33986,LOVE
63.49796,64.06803,23.01767,58.68303,LOVE
64.52569,64.07858,22.76951,58.32821,LOVE
65.62927,64.84694,22.23357,58.48289,LOVE
64.2854,63.84357,23.87953,61.47054,LOVE
63.04361,67.06422,24.50286,61.3299,LOVE
62.71904,66.34064,25.00995,61.51482,LOVE
62.39574,65.44311,25.84882,62.51369,LOVE
63.72639,65.37542,23.42673,61.07256,LOVE
65.38773,65.36868,22.03617,61.25048,LOVE
66.1787,65.82916,21.82661,61.85697,LOVE
65.42552,66.53088,22.23606,62.59488,LOVE
63.1623,67.81557,23.53379,63.47709,LOVE
61.97795,68.39184,24.7429,63.67042,LOVE
60.92478,67.28474,25.67923,63.20819,LOVE
61.5842,66.80305,26.04606,62.3422,LOVE
62.64442,66.17951,25.89772,61.38611,LOVE
63.31404,65.51669,25.58793,61.06148,LOVE
63.73536,64.87316,25.06385,61.39568,LOVE
63.88487,63.87596,24.21683,61.1156,LOVE
63.96696,63.40894,23.77662,61.01023,LOVE
64.7597,63.65067,22.56875,62.51367,LOVE
65.60174,63.82302,21.08749,64.80444,LOVE
66.47692,65.28857,19.80485,65.93819,LOVE
67.59457,68.35122,19.26794,66.62277,LOVE
67.90646,71.44631,19.11371,66.83557,LOVE
66.91061,72.9725,19.64352,66.44154,LOVE
65.90904,73.94633,19.9667,65.83214,LOVE
65.38889,72.86285,20.58166,64.81278,LOVE
65.50174,71.39695,20.81484,63.69886,LOVE
65.58315,70.11871,21.13692,63.7226,LOVE
66.47232,68.03716,21.31207,64.17779,LOVE
66.78661,65.27169,22.10358,62.70296,LOVE
65.07293,62.89582,22.61774,60.13458,LOVE
63.14701,61.65334,22.24237,57.63391,LOVE
61.29449,61.03148,22.51167,56.6934,LOVE
60.13879,61.27661,22.31919,56.80161,LOVE
59.84824,61.22092,22.17058,56.9685,LOVE
59.66711,61.13238,22.03565,57.26014,LOVE
61.08066,63.02349,22.24229,57.97973,LOVE
64.84092,66.77068,22.64416,61.28058,LOVE
67.73782,70.71526,22.00026,64.80843,LOVE
68.79616,74.7558,20.87789,67.75677,LOVE
68.85118,76.24206,20.84114,68.72601,LOVE
68.1719,76.21516,20.88489,68.12064,LOVE
68.00309,73.75916,21.54662,66.46945,LOVE
67.67683,70.043,22.6249,65.07785,LOVE
66.89937,67.19431,23.37877,62.17189,LOVE
65.84223,65.02149,23.3133,60.29168,LOVE
63.89367,61.59867,23.17617,58.43722,LOVE
64.98528,63.5251,23.35798,59.29371,LOVE
66.75558,66.51946,23.62924,61.72051,LOVE
67.7931,73.0776,21.88976,66.72239,LOVE
68.48225,76.15552,20.93323,69.38766,LOVE
68.36411,77.36787,21.02688,70.39891,LOVE
68.52287,77.54159,20.83706,70.44159,LOVE
69.41557,75.83337,21.34199,69.20632,LOVE
69.41557,75.83337,21.34199,69.20632,LOVE
69.41557,75.83337,21.34199,69.20632,LOVE
69.41557,75.83337,21.34199,69.20632,LOVE
69.41557,75.83337,21.34199,69.20632,LOVE
69.41557,75.83337,21.34199,69.20632,LOVE
69.41557,75.83337,21.34199,69.20632,LOVE
65.55379,68.08595,18.37121,81.2015,LOVE
64.91352,62.38455,17.96042,69.14226,LOVE
69.16681,64.26997,20.01069,69.01261,LOVE
65.20486,69.07281,27.55046,59.39907,LOVE
61.92797,67.84237,24.50493,54.22071,LOVE
64.01505,68.41665,20.94743,64.47572,LOVE
64.8867,68.32983,20.36924,63.33734,LOVE
62.89104,66.24821,20.43195,62.32468,LOVE
61.66903,65.56053,20.34026,61.78521,LOVE
63.37283,69.43718,21.62096,65.38203,LOVE
63.22205,69.57921,21.37456,65.88731,LOVE
62.21875,70.22681,21.76058,66.67529,LOVE
63.83069,66.20541,17.42398,62.48299,LOVE
66.22254,63.04107,16.27717,59.91171,LOVE
71.76227,62.80304,16.65622,23.92518,LOVE
67.91238,66.02958,18.36547,19.68132,LOVE
70.79643,68.56685,23.11023,27.50703,LOVE
71.92,70.04269,27.46348,32.07566,LOVE
68.64754,69.72416,29.21055,29.03744,LOVE
66.09731,70.72979,25.64514,24.18394,LOVE
61.56236,67.06674,22.00979,21.00858,LOVE
57.27628,66.36483,20.58213,31.44507,LOVE
54.5249,63.14039,19.71681,39.71959,LOVE
51.89463,50.50081,17.76858,42.73095,LOVE
56.5233,52.49678,17.96874,31.36908,LOVE
62.32095,60.10094,20.04048,23.84569,LOVE
61.98836,65.42574,18.84181,30.97641,LOVE
60.54541,68.61012,20.05331,63.86217,LOVE
60.18095,71.32059,21.07247,67.2532,LOVE
61.08652,70.84713,20.69042,64.68681,LOVE
61.65553,69.94904,19.95383,66.12579,LOVE
63.69605,70.00185,19.94148,64.94802,LOVE
64.46506,70.09739,20.01461,64.74596,LOVE
64.29552,70.42148,20.24887,68.04942,LOVE
63.45547,71.45132,20.93576,68.72157,LOVE
63.54706,71.92127,21.33803,68.55451,LOVE
63.41632,70.99276,21.21713,68.83422,LOVE
63.40385,70.29494,20.99128,68.90945,LOVE
63.26112,70.02237,20.91077,68.82708,LOVE
62.86506,70.09428,20.55653,70.39974,LOVE
62.5885,70.27898,20.41721,70.75837,LOVE
63.17707,70.39941,20.5206,69.86572,LOVE
61.74017,70.93087,20.53686,68.42512,LOVE
62.17612,70.28931,19.93826,65.22008,LOVE
62.95156,68.72648,19.60279,60.22229,LOVE
62.81403,68.18967,19.33064,64.67459,LOVE
62.69016,65.68843,19.51421,59.82797,LOVE
62.42396,68.20206,20.99054,54.41905,LOVE
63.00402,69.49519,21.06057,60.17865,LOVE
64.14935,69.3624,19.82311,68.10239,LOVE
64.45744,68.75961,19.82506,69.09203,LOVE
62.19215,67.15277,19.7018,68.39749,LOVE
62.37279,66.29256,19.87657,71.41545,LOVE
62.70815,67.46172,20.86579,64.78641,LOVE
63.21593,67.69579,19.90276,69.71429,LOVE
63.03485,67.98109,19.97716,69.22703,LOVE
62.97618,68.88256,20.3907,67.82132,LOVE
63.93306,70.77709,21.0968,67.55585,LOVE
63.1288,71.34312,21.46841,68.40055,LOVE
63.39612,71.4789,21.51237,68.66799,LOVE
65.06686,69.48187,19.98155,68.84037,LOVE
63.45501,67.29749,19.09128,68.45094,LOVE
63.99488,65.05997,18.70052,67.70293,LOVE
64.29015,63.52449,18.39289,66.4037,LOVE
64.79673,62.87392,18.42062,65.37404,LOVE
64.42872,62.05573,18.43228,62.86911,LOVE
64.54923,61.25035,17.94551,59.7927,LOVE
62.026,60.28869,17.37373,54.27425,LOVE
60.9356,61.34119,17.9676,53.61985,LOVE
60.2883,64.50245,19.59632,54.93636,LOVE
59.69071,67.95482,21.48918,62.7765,LOVE
58.35201,69.02298,22.13661,64.50781,LOVE
57.3239,69.02425,21.19093,65.57291,LOVE
56.60886,67.77275,20.33995,65.59499,LOVE
56.04818,65.74839,19.54234,64.92309,LOVE
56.1649,65.63884,19.37552,65.12719,LOVE
55.40654,64.92396,19.66727,64.14748,LOVE
54.50462,64.43588,19.91175,63.5127,LOVE
51.59508,61.33829,19.6097,63.48746,LOVE
48.61415,58.95798,19.7884,63.70362,LOVE
46.54245,56.63467,20.20343,63.26581,LOVE
47.48028,58.11346,20.32676,63.07881,LOVE
52.31511,64.84708,20.31362,63.13271,LOVE
59.04913,70.14731,21.49626,66.21204,LOVE
62.16291,69.04475,21.9931,65.66731,LOVE
64.02935,66.04295,21.38668,59.71667,LOVE
63.94059,63.96973,20.44386,55.27234,LOVE
64.13696,63.48233,19.4851,51.75134,LOVE
63.09969,63.7665,19.01396,50.88705,LOVE
62.96747,67.16523,19.7288,51.80233,LOVE
63.77051,65.28063,19.19688,72.29058,LOVE
63.91691,64.74652,19.05298,72.92116,LOVE
63.19247,65.45448,19.26435,72.33947,LOVE
62.75393,64.4174,18.85162,72.8102,LOVE
63.55273,65.87023,19.38775,71.88831,LOVE
61.12498,64.82316,19.01213,70.43571,LOVE
61.76929,65.64535,19.15265,71.95387,LOVE
62.09931,66.12642,19.50548,70.70005,LOVE
61.89958,67.37368,20.00068,70.62139,LOVE
61.90185,68.67523,20.94392,69.11292,LOVE
61.79248,69.56707,21.53986,68.65651,LOVE
61.29024,70.21774,22.11272,67.88145,LOVE
57.67516,68.4319,21.51747,66.14416,LOVE
55.54615,65.92426,19.85746,66.81033,LOVE
53.35505,63.38716,18.59637,66.76288,LOVE
52.27375,60.17866,17.59039,65.85014,LOVE
51.17657,57.68968,17.57338,62.92897,LOVE
50.08256,55.41428,17.71064,61.06483,LOVE
49.0427,55.9854,18.08721,60.25729,LOVE
47.4389,54.25774,18.39133,59.04277,LOVE
47.21041,54.37908,18.90305,58.52907,LOVE
49.45446,58.67022,19.2163,60.50658,LOVE
51.88027,62.53249,19.40968,61.72859,LOVE
53.79148,64.57354,19.25777,62.79342,LOVE
54.75587,66.32368,20.3049,64.64347,LOVE
56.04821,67.4334,20.80049,66.14828,LOVE
57.28307,68.76142,21.42495,67.30701,LOVE
61.4079,69.78149,21.79444,68.2888,LOVE
61.71693,69.87553,21.95585,69.60204,LOVE
61.13438,69.18274,22.71197,68.98439,LOVE
60.51371,68.11002,22.54162,68.53437,LOVE
58.69718,66.442,22.48082,66.86462,LOVE
58.44468,64.64359,21.91179,67.0448,LOVE
57.72507,62.67013,20.68175,66.42152,LOVE
58.43622,64.91823,20.93712,69.93794,LOVE
58.36448,66.08466,20.52637,69.29945,LOVE
58.52719,69.44962,20.34146,69.31228,LOVE
58.56254,69.51708,20.48125,68.05385,LOVE
57.94272,69.90798,20.33496,67.60235,LOVE
57.81092,69.69028,20.39785,67.07335,LOVE
57.86685,69.44475,20.3479,66.88889,LOVE
64.79327,67.69187,29.51138,56.30539,LOVE
64.11892,68.96941,28.48643,56.91104,LOVE
64.20598,68.15433,28.41513,57.63769,LOVE
62.88548,66.7393,28.0844,57.81187,LOVE
62.24993,66.37749,28.19526,57.91048,LOVE
62.20584,66.29829,28.42606,57.73441,LOVE
62.39249,66.29803,28.27319,57.78986,LOVE
62.71199,67.09782,27.78564,58.31786,LOVE
62.85811,67.6139,27.48009,58.66276,LOVE
62.64082,67.1388,27.95332,58.58921,LOVE
61.60881,65.57944,28.11472,58.56512,LOVE
61.4758,64.19387,28.33562,58.52394,LOVE
61.14731,63.39631,28.24101,58.42329,LOVE
60.74869,62.9767,28.48302,57.93423,LOVE
62.14366,64.85503,28.51292,58.6153,LOVE
64.57251,67.03946,28.29997,57.25214,LOVE
65.95754,68.56078,28.03226,57.79186,LOVE
66.37348,69.43048,28.30917,58.42139,LOVE
66.99899,69.30851,29.10838,57.28971,LOVE
65.27535,67.75998,30.19185,58.20666,LOVE
61.12248,64.88182,28.62635,58.30457,LOVE
57.65673,62.64912,27.14887,58.22727,LOVE
57.42895,63.46178,27.31112,58.48927,LOVE
60.49769,66.77821,27.36698,57.3356,LOVE
63.69158,68.61435,29.08513,57.96189,LOVE
62.43708,66.6483,29.50865,58.46665,LOVE
58.13976,63.09135,27.55207,58.90216,LOVE
55.67887,63.13496,27.5352,59.25499,LOVE
59.61023,68.41426,27.51066,57.60157,LOVE
61.3335,69.24456,27.83859,56.7713,LOVE
61.2808,67.71183,29.18901,59.62095,LOVE
60.04286,64.44952,28.15975,59.76787,LOVE
53.18398,63.71469,27.30494,59.91997,LOVE
59.28192,68.88996,27.83634,54.5508,LOVE
61.72686,69.67728,28.90851,55.763,LOVE
59.20778,66.45144,28.66015,60.21954,LOVE
51.19527,60.04507,27.42186,60.21697,LOVE
43.77937,59.26725,27.29909,58.91876,LOVE
56.94996,65.38602,27.42281,49.81132,LOVE
63.52086,69.41558,28.19328,31.8499,LOVE
60.43827,63.20668,27.87696,58.06255,LOVE
60.27081,61.25937,27.35823,59.9408,LOVE
62.56569,64.96758,27.55837,56.74171,LOVE
64.385,67.55788,27.01883,57.89263,LOVE
64.1879,68.34197,27.15051,58.43658,LOVE
62.44037,67.80944,27.44572,59.22068,LOVE
61.63499,68.35744,27.48176,59.32582,LOVE
60.28722,68.33727,26.14585,58.939,LOVE
59.08459,67.98603,25.64898,58.83681,LOVE
58.84393,67.82198,25.27251,58.41314,LOVE
59.40582,67.2054,25.21576,58.68637,LOVE
60.21516,67.68452,25.52265,58.94965,LOVE
60.33908,67.69411,26.09501,60.08047,LOVE
60.81825,67.94739,26.78953,59.10191,LOVE
62.17163,65.56279,27.29054,58.5746,LOVE
62.02599,63.23497,27.13964,58.93038,LOVE
62.38409,64.02417,27.50647,58.64562,LOVE
62.8297,67.4359,28.66315,57.59031,LOVE
62.70607,68.88919,28.84306,57.2942,LOVE
60.21786,68.80328,27.18167,58.24649,LOVE
56.25428,66.83018,25.51704,58.69484,LOVE
52.56715,64.37822,23.88088,56.76612,LOVE
51.4851,64.14935,23.13925,54.80715,LOVE
50.63706,64.8327,22.69637,53.81083,LOVE
50.82563,66.37489,23.02193,54.64484,LOVE
51.59068,67.46634,23.25112,55.89367,LOVE
54.94355,70.35178,24.2503,59.05755,LOVE
55.92455,71.20794,25.96651,63.46363,LOVE
57.01154,72.12666,25.17302,66.89342,LOVE
58.3477,71.5117,25.36681,66.23978,LOVE
59.98959,73.72089,26.25218,65.0511,LOVE
61.82623,71.72418,25.7389,61.44246,LOVE
60.38994,66.80589,25.22676,57.422,LOVE
59.55014,64.38333,25.07793,57.13264,LOVE
57.94631,60.78241,25.06469,58.96225,LOVE
54.29414,53.62458,22.88949,61.39676,LOVE
54.31973,54.15772,22.62538,61.96793,LOVE
56.52586,61.6178,23.5101,60.7691,LOVE
60.41628,67.06366,24.95778,59.13806,LOVE
63.6905,68.19633,25.35261,59.22363,LOVE
61.60109,66.50392,25.29936,59.605,LOVE
58.32885,64.01047,25.4628,60.35797,LOVE
54.59676,50.51075,23.51895,61.91002,LOVE
54.55357,39.72678,21.85683,63.16539,LOVE
55.56106,52.84939,22.01772,63.31966,LOVE
59.21748,64.54612,23.87007,60.56661,LOVE
60.89844,68.44424,25.37491,59.64429,LOVE
58.57279,65.59264,25.74145,59.60388,LOVE
54.30625,51.70208,23.83003,61.66455,LOVE
53.57771,50.88824,22.83752,61.9865,LOVE
55.2078,54.44491,22.65593,61.61671,LOVE
57.73462,61.13766,23.69374,60.57376,LOVE
58.79222,63.9116,25.73057,59.38872,LOVE
57.29694,54.72987,25.13821,60.50068,LOVE
55.95232,43.47352,22.96864,62.74143,LOVE
57.60806,40.85752,21.90065,63.83358,LOVE
59.05413,49.04745,22.38566,64.06728,LOVE
59.33926,55.55551,22.7183,63.14061,LOVE
58.54894,55.91096,23.60474,61.9013,LOVE
57.97181,45.79568,22.84726,62.83829,LOVE
61.40347,36.95386,22.08572,63.22914,LOVE
65.659,53.37342,22.96731,61.9333,LOVE
65.18683,62.34159,23.81277,60.78893,LOVE
61.68573,62.08103,24.58104,60.28918,LOVE
60.48951,56.0454,24.27242,60.32768,LOVE
60.97909,53.81259,23.98049,60.90874,LOVE
59.75441,60.07397,24.18139,60.38079,LOVE
60.71936,69.42199,24.54553,60.03136,LOVE
62.50283,70.97144,24.46352,63.23092,LOVE
65.64464,74.98965,21.74472,68.42809,LOVE
67.94993,77.73853,20.81601,70.30125,LOVE
68.7001,77.57347,21.37442,69.28462,LOVE
67.04363,74.4015,23.62366,67.17479,LOVE
63.18922,67.25803,24.27073,61.65858,LOVE
55.14771,57.81487,22.98229,56.00051,LOVE
50.55399,54.6339,22.51259,55.06527,LOVE
48.77896,56.36581,23.16564,56.62803,LOVE
51.29332,65.00378,23.51441,56.3134,LOVE
58.40945,69.63058,24.05208,60.56071,LOVE
63.10059,75.65527,23.02193,66.38336,LOVE
65.47443,77.56887,21.69771,70.44814,LOVE
66.25581,76.6199,21.25142,70.03808,LOVE
63.45607,73.1711,22.47921,67.92928,LOVE
59.92429,70.03139,24.44681,65.0295,LOVE
58.73638,67.17992,26.08751,61.22241,LOVE
59.19907,65.54646,27.76735,58.92589,LOVE
60.81298,62.88699,27.78625,57.98105,LOVE
63.27935,59.27929,27.01455,58.42643,LOVE
64.27271,57.56821,26.0615,58.71477,LOVE
64.05595,54.96021,23.94084,59.26957,LOVE
62.46798,60.51936,24.50179,58.58449,LOVE
57.44598,67.18978,25.08833,58.06931,LOVE
56.15114,69.60925,25.92914,58.24839,LOVE
57.90286,69.80592,26.70128,60.41673,LOVE
61.5373,67.19757,26.53234,60.39807,LOVE
64.17266,61.44911,26.63283,60.53595,LOVE
65.84163,60.17668,26.6944,59.76245,LOVE
64.8465,64.99946,26.8225,58.14666,LOVE
61.71881,69.33109,27.13487,56.6333,LOVE
57.67598,69.42705,27.87374,57.2027,LOVE
57.13903,70.45176,26.54434,59.40216,LOVE
56.33677,69.50911,27.10846,60.13801,LOVE
56.16926,68.67955,27.09488,59.99656,LOVE
56.3181,67.80825,26.89624,59.73344,LOVE
53.59967,67.19923,27.65656,59.26878,LOVE
50.30237,67.35213,26.34514,59.70253,LOVE
49.32382,68.6226,26.00974,61.31701,LOVE
49.81479,69.25047,26.41884,61.52737,LOVE
49.7087,68.56506,26.98374,60.09726,LOVE
48.14854,66.90601,26.80873,59.55621,LOVE
45.76093,65.80669,26.2665,59.59353,LOVE
45.7872,67.13912,26.17981,60.1404,LOVE
47.98162,68.03451,25.7292,62.27493,LOVE
49.6345,68.77834,24.78641,64.12045,LOVE
50.68604,68.85107,24.6605,65.03786,LOVE
51.55155,68.65296,25.01887,64.73843,LOVE
52.01193,68.59011,25.10429,64.83468,LOVE
52.092,68.13622,25.17818,65.11222,LOVE
51.30644,65.07315,26.11522,62.80735,LOVE
48.16216,60.67225,27.14543,60.2865,LOVE
44.48358,56.64232,28.31303,57.75522,LOVE
43.27307,55.52171,27.25707,57.5761,LOVE
44.84319,54.27469,26.04774,58.47275,LOVE
46.02199,52.97081,24.50007,59.5762,LOVE
41.00856,51.28265,23.52421,61.38276,LOVE
37.67218,53.73128,24.01807,61.25834,LOVE
38.07146,54.16659,24.22154,59.03052,LOVE
39.54978,54.34013,24.03572,57.56952,LOVE
39.82942,54.71619,23.90839,55.92121,LOVE
40.00226,54.6147,24.60348,56.27546,LOVE
41.16119,55.59217,25.20394,57.58706,LOVE
43.89452,56.16607,24.71725,58.71505,LOVE
42.11708,56.6558,24.99901,59.1318,LOVE
37.57666,56.57483,25.08719,59.88077,LOVE
40.10788,57.64756,25.90449,59.71232,LOVE
42.79752,57.39135,25.26345,59.66957,LOVE
45.50309,57.22369,23.91419,60.18229,LOVE
38.19167,56.54455,24.37992,59.8188,LOVE
38.71736,58.51511,26.66792,58.73034,LOVE
43.19477,58.91493,27.41688,58.51106,LOVE
46.65645,56.7234,26.74675,59.70705,LOVE
40.33891,57.49384,27.31141,58.94066,LOVE
42.93482,60.714,27.86694,58.98855,LOVE
48.13729,62.43744,26.96882,59.39033,LOVE
52.82687,65.87901,27.27182,58.96234,LOVE
54.60832,69.42632,27.38277,58.29368,LOVE
52.83923,69.49828,26.56438,57.86578,LOVE
50.23767,68.94856,25.25162,57.57655,LOVE
49.14989,69.04764,24.88372,57.99892,LOVE
49.12297,70.17242,23.86794,59.35234,LOVE
49.06279,71.10245,23.73205,59.58921,LOVE
49.48164,71.69704,23.5347,60.18134,LOVE
50.38102,72.46454,23.67648,61.79568,LOVE
51.81197,72.6419,23.96827,62.52319,LOVE
55.2314,72.70953,24.18097,64.01878,LOVE
55.86187,71.87106,24.41308,64.60326,LOVE
55.71955,69.3573,24.87681,64.26592,LOVE
54.791,68.20118,25.1118,63.57571,LOVE
54.11649,67.67803,25.23604,62.94934,LOVE
54.02847,67.49572,25.80769,62.31042,LOVE
53.92341,67.46744,26.33463,61.74124,LOVE
54.18731,67.81631,27.1547,61.84806,LOVE
54.71724,68.38094,27.68983,61.94287,LOVE
54.74332,68.46433,27.66763,61.29869,LOVE
54.70663,68.43528,26.61872,60.92803,LOVE
54.5218,68.55514,27.15363,59.95312,LOVE
55.50068,68.5535,26.80134,59.31367,LOVE
56.24166,67.54665,26.50517,58.8996,LOVE
56.18286,65.96387,26.92626,58.52616,LOVE
56.11658,65.1403,27.33907,58.46224,LOVE
56.08337,65.15993,27.49019,58.56995,LOVE
55.94555,65.81985,27.61371,58.7622,LOVE
55.71442,66.36662,27.45036,58.90944,LOVE
55.53437,67.05062,26.85522,59.02239,LOVE
55.21505,67.50599,26.41336,59.16343,LOVE
54.75906,67.80356,26.07646,59.47915,LOVE
54.4637,68.21381,25.95131,59.84915,LOVE
54.41521,68.57751,25.88485,60.52317,LOVE
54.49812,68.97631,25.65759,61.23747,LOVE
54.8451,69.97353,25.51693,61.65305,LOVE
55.78654,70.93392,25.44213,62.415,LOVE
56.34189,71.25933,25.63494,62.78222,LOVE
57.13103,71.23198,26.02643,62.95559,LOVE
57.61299,71.17675,26.04919,63.26455,LOVE
57.69809,71.22057,25.85279,63.39259,LOVE
57.66565,71.16705,25.6114,63.50851,LOVE
57.48153,71.0752,25.38996,63.59099,LOVE
57.04671,70.9739,25.27279,63.57581,LOVE
56.20324,71.23517,25.40658,63.42897,LOVE
54.44057,72.41113,25.44417,63.87746,LOVE
53.86239,74.72515,24.71443,66.11188,LOVE
53.62069,78.03109,24.24383,68.91243,LOVE
54.84151,80.36804,22.95604,69.78569,LOVE
55.7571,78.56754,22.5109,69.04539,LOVE
55.68917,74.42533,22.11084,67.47578,LOVE
56.29485,72.03124,21.82018,66.69144,LOVE
57.45057,71.68748,21.77632,67.18628,LOVE
58.74259,70.85054,21.95308,66.72865,LOVE
58.66272,68.72407,21.28561,65.47881,LOVE
59.37142,66.3849,21.34188,64.32105,LOVE
60.72484,65.45798,21.51282,65.47015,LOVE
60.14986,59.98859,22.12663,64.87978,LOVE
59.65633,49.86426,26.20437,63.12976,LOVE
59.70981,47.14997,29.69335,63.23959,LOVE
60.48526,68.34108,20.80278,63.92762,LOVE
61.63169,69.76139,21.51431,64.94513,LOVE
62.69088,71.18104,22.45783,63.70125,LOVE
62.62185,69.98435,22.64459,60.90171,LOVE
61.64241,66.17012,26.38575,59.02887,LOVE
58.00264,61.14157,29.4707,57.82465,LOVE
53.9748,57.13775,31.40135,48.7897,LOVE
54.38887,57.99128,30.7533,24.2422,LOVE
55.88183,60.37298,29.74708,24.58885,LOVE
60.51162,63.36938,27.16622,28.42168,LOVE
61.49818,64.48272,26.38779,30.73413,LOVE
60.5848,63.47074,27.14586,29.00621,LOVE
48.43933,61.6562,28.6855,30.22928,LOVE
34.12431,58.09072,27.63603,32.21468,LOVE
24.6256,57.54824,26.1828,33.15321,LOVE
29.3653,58.34951,25.88797,32.38364,LOVE
33.48439,59.78862,25.10012,30.55755,LOVE
37.86493,60.86432,26.74232,29.85041,LOVE
47.18054,60.75589,27.05127,27.75009,LOVE
63.15813,60.68519,25.36969,35.77607,LOVE
61.1781,72.28162,22.97549,62.42591,LOVE
59.68657,77.65287,20.17539,70.41434,LOVE
57.57308,73.80304,20.22951,67.73634,LOVE
60.23431,68.44144,20.35975,64.02609,LOVE
60.12896,66.46504,21.28198,62.31949,LOVE
60.19226,65.89701,22.13293,62.23241,LOVE
58.46944,67.19694,23.92709,62.70413,LOVE
56.64003,68.82906,24.1757,64.04373,LOVE
54.83294,70.67097,24.68119,65.90468,LOVE
53.22967,71.29662,23.88445,65.83549,LOVE
52.50393,70.45689,22.82411,64.07185,LOVE
52.08298,69.82256,21.9203,62.05944,LOVE
52.12875,70.27721,22.10108,60.14294,LOVE
52.65821,70.82555,23.16839,60.30492,LOVE
55.65614,72.11998,23.02238,61.10715,LOVE
57.57128,73.24374,23.58852,62.78252,LOVE
58.59423,70.79758,24.42336,63.7647,LOVE
59.03878,66.95316,23.83962,65.26765,LOVE
59.13083,65.4415,22.16348,66.18051,LOVE
56.54827,65.96695,21.73284,67.81657,LOVE
54.36544,63.10936,23.82508,68.69025,LOVE
55.74267,65.37913,25.03959,67.8124,LOVE
57.38052,70.01353,24.23934,65.35103,LOVE
57.37025,73.69877,23.29911,62.83977,LOVE
56.01487,75.31574,22.38169,60.74661,LOVE
53.64265,74.0842,21.63081,61.96847,LOVE
52.292,73.08047,22.31654,63.43563,LOVE
54.30153,73.8496,22.1748,65.24397,LOVE
55.63408,77.69602,22.06615,70.25003,LOVE
56.61733,78.79967,21.77344,70.44571,LOVE
57.43031,77.37864,21.68727,68.60673,LOVE
57.95958,71.28501,21.35645,65.1472,LOVE
59.92255,68.84054,22.03924,64.56489,LOVE
60.62589,68.66658,22.72334,64.43446,LOVE
61.97781,68.22571,22.30071,64.50184,LOVE
62.33073,69.71908,22.02659,64.54089,LOVE
59.60178,69.8052,24.15361,63.35442,LOVE
58.49562,68.32577,25.89199,60.53737,LOVE
56.2648,65.43516,27.41418,58.12105,LOVE
55.69029,63.34832,27.89526,57.44497,LOVE
56.26682,61.57665,28.02938,57.85404,LOVE
57.50531,61.29169,28.00814,58.88059,LOVE
55.8586,60.62191,26.6695,59.46581,LOVE
55.36646,61.16227,26.62686,59.24295,LOVE
55.94846,61.51279,27.00031,59.43847,LOVE
58.14882,62.40897,27.73731,59.77663,LOVE
58.84433,65.5705,28.71406,59.27146,LOVE
58.87128,67.3466,28.28682,58.88935,LOVE
60.2356,70.15527,26.60592,59.37458,LOVE
62.36898,72.1404,25.43819,60.57824,LOVE
63.37892,72.43339,24.57546,61.31477,LOVE
62.99953,72.5104,24.17378,62.92295,LOVE
61.85161,72.91621,24.26229,63.91097,LOVE
58.61439,71.89143,24.42501,64.05326,LOVE
54.63673,69.42,25.29295,61.98859,LOVE
53.89868,66.68624,25.51522,59.0709,LOVE
54.70449,64.807,25.03252,57.28883,LOVE
55.13163,64.94605,24.585,57.3187,LOVE
54.91083,67.90212,24.72198,59.18837,LOVE
56.50183,71.57397,23.74345,64.22785,LOVE
61.9203,74.91572,21.37912,66.92774,LOVE
64.5583,73.88585,20.65291,61.65514,LOVE
64.30199,72.45515,20.81943,54.48576,LOVE
62.48997,74.01276,21.7279,54.5657,LOVE
62.00328,76.00903,23.01294,59.47621,LOVE
58.4692,78.21973,23.28844,66.64615,LOVE
56.0075,74.12501,22.61506,66.99703,LOVE
53.08179,69.87917,22.68385,62.58249,LOVE
48.74413,62.16891,24.71917,55.94938,LOVE
49.08967,59.29146,24.54287,54.41577,LOVE
50.07447,59.37016,24.6481,55.06816,LOVE
51.55967,61.30487,24.41619,55.82568,LOVE
52.37227,64.70722,23.99521,55.89439,LOVE
53.30534,68.92952,24.40237,59.58844,LOVE
57.15807,75.23945,22.77602,67.05432,LOVE
62.73218,75.21554,20.69074,68.23659,LOVE
64.60214,72.76049,21.32787,62.48036,LOVE
63.85401,71.18035,22.3156,58.2212,LOVE
61.97613,72.90424,22.77964,59.10781,LOVE
60.6503,74.27216,23.00769,63.99437,LOVE
54.19562,72.03474,24.06223,66.66469,LOVE
50.12375,59.41578,24.75973,58.22066,LOVE
51.82245,62.82471,23.35658,56.85981,LOVE
56.3263,73.33134,23.82174,63.08892,LOVE
60.32158,79.07282,19.77556,69.77411,LOVE
61.12237,77.09538,21.06501,67.59643,LOVE
59.34396,76.40632,22.76941,66.47565,LOVE
55.1109,69.76086,25.66817,64.26822,LOVE
54.40696,65.95802,27.11242,59.90193,LOVE
55.88103,64.28233,28.06829,57.2386,LOVE
60.00799,63.44139,27.95923,57.26078,LOVE
59.71179,60.17569,26.38053,58.45179,LOVE
45.1204,53.49449,25.40383,59.48852,LOVE
38.85117,52.48066,21.65796,63.12928,LOVE
59.27703,61.14072,27.7516,59.78422,LOVE
59.08312,66.32642,27.89543,57.07645,LOVE
58.25944,68.9481,29.85566,56.8181,LOVE
58.47303,63.53071,27.91302,58.77261,LOVE
57.97651,62.36536,25.10479,59.40714,LOVE
56.66371,66.80197,25.77078,59.69729,LOVE
56.03146,70.31654,24.94432,62.07043,LOVE
60.81456,74.78518,22.72491,67.4115,LOVE
62.12382,74.24242,23.12537,65.70301,LOVE
57.84216,74.02796,24.70239,64.40679,LOVE
56.80328,71.28877,27.71139,61.36271,LOVE
57.41739,66.48047,29.44825,56.92129,LOVE
58.91265,62.9971,26.68714,58.29173,LOVE
59.37423,65.4258,26.37771,58.85111,LOVE
60.42341,67.02153,25.83854,59.08385,LOVE
62.81756,68.76829,24.37058,61.02148,LOVE
62.92301,68.1193,24.49287,61.05965,LOVE
58.52327,66.02296,28.99215,59.37197,LOVE
59.57668,61.1142,29.72892,58.22109,LOVE
59.09789,61.32976,26.83141,58.40043,LOVE
56.97706,63.06661,26.45797,57.97849,LOVE
56.95671,64.12049,26.22872,58.2112,LOVE
58.49893,67.09232,26.07524,58.68893,LOVE
59.01233,68.34274,25.83492,59.05718,LOVE
61.96207,68.89144,24.47356,60.54302,LOVE
63.63609,68.04208,23.56565,61.51203,LOVE
63.54639,67.26342,22.95029,62.59187,LOVE
62.76662,66.33591,23.41763,63.60936,LOVE
61.07759,68.52501,24.9276,64.54469,LOVE
59.09288,68.16759,26.21772,63.77087,LOVE
58.38771,61.40814,27.01985,60.84417,LOVE
58.96481,54.80313,27.1211,57.5453,LOVE
58.91249,61.99892,26.52026,57.49374,LOVE
57.74733,64.49066,26.52123,57.78316,LOVE
57.07057,66.21203,26.1801,58.20725,LOVE
57.29066,68.88612,26.06923,59.30676,LOVE
58.09107,70.98975,25.70436,60.71083,LOVE
59.56163,72.16119,24.70536,61.31061,LOVE
60.18348,72.07829,23.67235,61.7855,LOVE
60.59249,73.2275,22.77161,63.13948,LOVE
60.6617,75.47114,22.57042,65.08945,LOVE
60.05809,76.29812,22.74953,65.9873,LOVE
60.16664,75.15834,22.97228,66.06231,LOVE
58.25481,74.14872,23.27216,66.48479,LOVE
56.77869,73.01487,24.07267,65.96007,LOVE
56.2277,71.1025,22.9995,64.36092,LOVE
56.96662,71.99739,22.31806,63.19965,LOVE
57.45074,73.16229,21.88963,62.7541,LOVE
58.12785,74.33835,21.75878,62.90395,LOVE
58.7823,74.63809,22.04305,63.12077,LOVE
59.42297,71.97374,21.06775,63.60421,LOVE
58.09637,69.5303,21.17695,62.963,LOVE
55.91547,68.27051,21.49993,60.32044,LOVE
52.69346,70.22003,22.78867,60.77405,LOVE
48.62647,72.16451,23.67558,61.58398,LOVE
46.87892,75.68673,23.97322,60.66322,LOVE
45.9296,75.96241,24.71738,60.04033,LOVE
44.38453,70.72147,27.33602,60.33589,LOVE
44.30134,26.1947,61.62605,63.11788,LOVE
47.35538,14.13169,75.73672,65.47195,LOVE
49.14897,12.95666,75.06611,66.46861,LOVE
55.59124,10.99232,66.35143,64.39164,LOVE
59.68447,36.84771,31.56746,61.05014,LOVE
61.80269,47.77601,22.31477,59.3929,LOVE
58.94748,43.71145,25.61967,59.56928,LOVE
59.092,64.47675,27.00657,58.71136,LOVE
58.77581,67.7403,27.69329,58.14704,LOVE
57.06846,70.04989,23.43843,60.98991,LOVE
55.57469,70.85237,21.54427,62.47932,LOVE
56.02339,71.78489,21.97494,62.15331,LOVE
56.43697,72.1161,22.97125,61.22921,LOVE
56.55882,72.11933,23.3764,61.22468,LOVE
56.90229,71.69456,23.63032,61.84843,LOVE
57.45889,72.11643,23.85688,62.18843,LOVE
58.06447,73.11137,24.59001,63.12612,LOVE
58.27564,72.14227,24.82714,62.94487,LOVE
56.94685,68.32095,24.85245,61.39193,LOVE
58.56734,67.30347,26.02317,59.3429,LOVE
61.60615,65.42035,26.92809,57.92907,LOVE
62.98891,64.04934,26.97593,57.98288,LOVE
63.23107,64.4041,27.25853,57.62934,LOVE
59.81316,67.14294,27.77498,57.67104,LOVE
58.5121,68.36533,25.73118,59.35534,LOVE
57.07272,68.71601,23.66462,60.60074,LOVE
56.74235,68.434,23.09292,61.43052,LOVE
59.04846,67.60085,24.71062,61.49676,LOVE
58.55687,63.58426,26.34521,60.49404,LOVE
57.67563,60.32959,27.35116,59.63211,LOVE
59.78525,65.06085,28.43666,57.82454,LOVE
60.34385,68.43895,28.93562,57.71531,LOVE
60.4092,66.44254,27.78357,58.67115,LOVE
60.70299,63.79062,27.25349,59.16842,LOVE
60.37087,67.79981,27.86242,58.76698,LOVE
60.05014,68.82717,27.44779,59.15339,LOVE
59.97114,65.52747,26.89197,59.46875,LOVE
60.2168,64.30901,27.12773,58.95468,LOVE
59.67181,64.81216,27.62002,57.8671,LOVE
58.65656,67.06467,27.48625,57.28884,LOVE
58.26941,68.69447,26.39963,57.92794,LOVE
58.95129,68.86459,24.67618,58.6236,LOVE
61.15197,68.17189,23.17273,59.7607,LOVE
63.92752,67.41437,22.14665,60.74319,LOVE
65.33596,66.59572,21.10641,60.41551,LOVE
65.12132,65.90312,20.64001,60.3038,LOVE
64.52785,65.4839,21.69953,60.87797,LOVE
62.80354,64.95,23.74861,60.1475,LOVE
62.30064,64.57796,27.06978,58.32364,LOVE
61.66387,65.37147,28.58554,57.14432,LOVE
59.9438,65.36054,29.02531,57.14045,LOVE
57.56375,66.43127,29.46256,57.12278,LOVE
55.10088,68.59372,28.23114,57.23314,LOVE
53.07269,68.38275,26.68594,57.1386,LOVE
49.70637,67.55267,25.1497,57.10068,LOVE
50.41493,67.30128,25.0465,58.84979,LOVE
52.98389,67.78415,24.97186,60.74255,LOVE
56.35117,69.5296,24.90415,62.1888,LOVE
58.0271,69.22389,24.7658,61.19514,LOVE
59.86375,66.28773,27.82027,57.70319,LOVE
59.09005,65.36801,29.2357,56.51507,LOVE
56.0907,65.88846,29.20175,56.21134,LOVE
53.72209,66.60633,27.24291,57.66522,LOVE
53.51196,67.89952,26.7188,58.99696,LOVE
54.50726,69.7868,24.57313,62.11735,LOVE
56.93874,67.74443,25.31262,60.27738,LOVE
56.22459,66.06445,28.13846,57.9893,LOVE
56.2206,66.49472,29.79368,56.82735,LOVE
56.04955,67.16558,29.31608,56.31522,LOVE
56.07218,67.63865,27.89398,56.22709,LOVE
56.31031,68.74195,26.50008,56.11456,LOVE
56.18879,69.02441,26.08168,56.24246,LOVE
55.85034,69.96706,26.16392,57.22886,LOVE
56.92009,70.8399,26.48541,58.25483,LOVE
58.5326,71.46696,26.90709,59.50042,LOVE
59.83416,69.40982,27.0274,59.36365,LOVE
60.88474,67.97942,27.47026,59.10378,LOVE
61.46312,66.65741,27.51552,60.30625,LOVE
62.221,67.08012,25.66336,61.81029,LOVE
61.17735,67.7767,24.58345,62.33891,LOVE
57.03947,67.21706,25.90458,61.33401,LOVE
52.90124,68.0263,27.88771,58.39399,LOVE
53.13284,68.34151,26.83372,54.42959,LOVE
53.07994,69.66705,25.6296,52.95194,LOVE
54.43619,71.42937,25.34431,59.23441,LOVE
57.77277,71.26254,23.50428,63.04827,LOVE
61.67283,67.13411,22.06369,65.41615,LOVE
60.36918,67.48447,22.3819,64.36961,LOVE
56.2374,70.69698,24.78379,63.08228,LOVE
54.7329,71.75468,25.73825,62.10318,LOVE
54.02487,72.70125,27.06587,60.96099,LOVE
54.54031,72.69951,27.85717,60.16223,LOVE
55.57351,72.35665,28.24065,59.35672,LOVE
56.25689,71.64181,28.5476,59.26333,LOVE
56.86587,68.46189,29.33271,57.85461,LOVE
59.1256,60.34701,27.00833,58.1785,LOVE
63.09877,44.47326,22.38736,55.28422,LOVE
66.10275,34.26332,20.06426,49.62857,LOVE
67.71352,29.40343,18.24496,40.39406,LOVE
65.23717,40.00431,18.63271,45.7632,LOVE
62.87756,47.10607,20.3205,53.41261,LOVE
61.54403,50.3466,21.80592,57.37606,LOVE
60.63652,52.2956,22.54777,58.88054,LOVE
57.37711,62.75309,25.12129,57.33469,LOVE
53.31162,69.50024,26.06559,56.4096,LOVE
54.23574,73.64969,25.87793,61.56888,LOVE
57.45085,71.64474,23.37197,65.41538,LOVE
61.02582,70.28127,21.94289,65.02025,LOVE
62.90763,70.34694,21.35463,65.13873,LOVE
62.43471,70.2766,21.12911,66.0387,LOVE
60.77515,71.16041,21.58671,65.90913,LOVE
59.68696,71.77074,22.08419,65.40343,LOVE
58.90229,72.24418,22.29248,64.99858,LOVE
59.32773,73.06,22.0015,65.32476,LOVE
59.36811,73.42844,21.61289,65.83318,LOVE
60.16488,73.43204,21.27479,66.11876,LOVE
60.26429,72.53659,21.51933,65.40186,LOVE
59.7803,70.85973,22.19815,64.7053,LOVE
59.49076,68.35313,23.62736,61.18928,LOVE
53.50424,63.6196,27.10536,55.82059,LOVE
52.35661,61.47599,27.33095,53.73982,LOVE
53.63042,59.3256,27.45094,53.67957,LOVE
52.7437,59.10817,27.52193,54.87204,LOVE
51.3838,59.37897,27.67231,56.48925,LOVE
51.13415,63.96286,28.71904,56.27334,LOVE
50.61603,70.18693,26.96834,57.87058,LOVE
47.68528,72.5817,23.92383,57.92804,LOVE
48.14617,71.20847,20.84413,58.51822,LOVE
48.80564,70.75938,20.20182,59.64077,LOVE
48.12164,70.9164,20.61117,60.34623,LOVE
47.60685,71.03658,21.07622,60.67088,LOVE
47.4447,71.07745,21.59311,60.78717,LOVE
47.04256,70.78884,22.10129,60.38245,LOVE
45.79944,70.3527,23.17371,60.04385,LOVE
44.1882,70.66019,23.4183,59.23174,LOVE
42.74816,70.74361,23.55022,58.02582,LOVE
42.69683,70.06076,22.69701,56.19965,LOVE
44.17918,69.91309,22.23686,56.26326,LOVE
47.58157,72.24149,22.29665,59.65728,LOVE
50.06413,70.83268,24.48609,60.84409,LOVE
54.35803,70.164,26.40752,60.80506,LOVE
55.88343,69.48122,27.07486,59.82424,LOVE
55.42296,68.72461,26.4726,60.24432,LOVE
55.65975,68.72063,26.21979,60.60567,LOVE
55.91471,68.85715,26.78161,60.08425,LOVE
56.33852,68.65063,27.65797,58.94465,LOVE
56.50914,67.72043,27.24086,58.01873,LOVE
57.08279,66.35352,26.86362,57.44825,LOVE
55.93651,62.81674,27.06608,57.60728,LOVE
54.66779,62.01904,27.75625,57.18599,LOVE
55.62737,65.6498,28.17714,56.95206,LOVE
56.29992,67.27039,28.33768,56.82056,LOVE
56.75607,67.23693,28.29712,56.6612,LOVE
56.4854,67.09689,28.22022,56.59426,LOVE
55.75608,68.33651,28.82342,57.48873,LOVE
55.26291,69.32731,28.475,58.42383,LOVE
54.97332,69.50436,27.63272,58.96515,LOVE
54.72577,69.47702,26.96654,59.31477,LOVE
54.37057,69.08772,26.47207,59.35786,LOVE
52.94468,69.2163,25.62493,60.20411,LOVE
52.22881,71.28359,23.91055,59.84889,LOVE
53.25522,74.283,23.49176,58.42542,LOVE
55.20675,74.71684,24.05171,58.1719,LOVE
56.15367,73.9441,24.1368,58.47525,LOVE
56.34031,73.05717,24.70378,59.59382,LOVE
56.60629,71.42439,23.54867,62.87828,LOVE
56.19818,73.03281,21.00449,67.56257,LOVE
58.28613,75.44611,20.67808,68.87548,LOVE
61.12817,74.83004,21.26313,64.73076,LOVE
63.41607,73.64283,22.04681,60.17031,LOVE
64.21886,72.83756,22.3269,58.6362,LOVE
64.34271,72.09953,22.67228,57.40297,LOVE
63.60563,73.25085,22.92472,57.09661,LOVE
62.14343,74.50808,22.81221,60.48267,LOVE
59.19823,75.43414,23.34711,65.23383,LOVE
55.7369,72.60877,24.5406,65.44351,LOVE
53.00262,68.99618,25.26315,63.58305,LOVE
50.30418,65.96152,26.08904,60.94064,LOVE
49.75054,64.53117,25.71457,58.19051,LOVE
51.05277,63.30489,25.47939,57.12925,LOVE
52.54619,61.82015,24.96158,57.44701,LOVE
53.08739,61.67527,24.82866,57.78667,LOVE
52.78264,64.20966,25.0275,58.46415,LOVE
53.92733,67.76698,25.56442,60.60651,LOVE
56.86555,70.10221,24.69151,62.64056,LOVE
59.44875,71.11116,23.55287,63.7506,LOVE
61.60366,70.94131,22.38769,64.66938,LOVE
63.88499,69.19896,21.004,65.88027,LOVE
65.49652,69.28486,20.91056,66.10531,LOVE
65.79546,70.83068,21.79187,65.96735,LOVE
64.49648,71.49142,22.6013,64.72721,LOVE
63.10489,71.52218,22.67103,64.08319,LOVE
61.24245,72.91398,22.98135,65.30087,LOVE
58.8397,73.48762,23.22299,65.50891,LOVE
56.58551,71.68537,23.54497,64.90497,LOVE
54.8644,70.48628,24.40871,63.77325,LOVE
52.06044,67.21354,25.71098,59.41859,LOVE
51.37088,65.92595,25.87351,57.5791,LOVE
52.96344,63.66922,25.50618,57.05782,LOVE
52.46841,62.3042,25.04678,57.81652,LOVE
51.64947,63.02713,24.18139,58.78736,LOVE
52.25867,65.66283,24.52704,58.24742,LOVE
53.08778,67.64756,25.03656,59.62749,LOVE
55.28371,70.74987,24.84398,63.18899,LOVE
57.43934,73.15369,23.73503,64.86671,LOVE
59.512,74.6508,22.74711,66.27058,LOVE
59.98362,75.27216,22.35262,67.18392,LOVE
60.35873,75.43131,22.13038,67.90118,LOVE
60.4814,75.07742,22.1143,67.39295,LOVE
60.75297,73.51353,22.11209,65.61926,LOVE
60.95634,72.88779,22.68757,64.32889,LOVE
60.77261,73.24519,23.03725,64.14529,LOVE
59.06351,75.44643,24.11122,64.95557,LOVE
57.53805,75.30331,25.01177,64.23064,LOVE
55.47877,71.86288,24.9447,63.19955,LOVE
55.13531,69.84547,24.80632,62.97071,LOVE
55.35732,69.09054,25.89798,61.4907,LOVE
55.43721,69.28053,25.99563,60.89788,LOVE
55.4171,69.37047,24.96231,61.94754,LOVE
55.36306,68.85482,23.65646,62.41427,LOVE
55.21965,68.03099,22.15808,62.69322,LOVE
54.81164,67.50542,20.78976,63.26488,LOVE
53.855,67.94093,21.38576,63.03787,LOVE
53.92612,69.07085,23.62715,61.69447,LOVE
54.4345,69.82547,24.85407,61.02494,LOVE
55.31186,70.44596,26.54489,59.69174,LOVE
55.63387,68.93778,26.17423,59.04642,LOVE
55.75947,64.43063,23.44886,59.33304,LOVE
55.67344,62.06749,21.68203,60.18034,LOVE
56.14585,60.35426,20.17126,60.83744,LOVE
57.45253,61.52151,20.58029,60.90233,LOVE
58.08138,62.40797,21.40241,60.82634,LOVE
58.30283,63.09846,21.45784,61.21403,LOVE
57.98463,62.72573,20.91915,61.26373,LOVE
57.45354,63.78127,21.41065,60.81042,LOVE
55.75423,67.14703,22.74749,61.7806,LOVE
54.16922,68.91489,25.05371,61.17863,LOVE
52.20095,71.29517,26.35551,62.69423,LOVE
52.03782,71.59996,26.77097,64.50385,LOVE
52.50211,71.3035,26.72889,64.67415,LOVE
53.4143,70.85983,26.31486,63.04229,LOVE
54.06307,70.43574,26.22586,61.24132,LOVE
54.13401,71.41766,26.07247,61.82847,LOVE
53.81742,72.15338,25.91548,62.25512,LOVE
53.62785,72.44637,26.26013,61.91655,LOVE
52.94327,71.94592,26.72822,62.92218,LOVE
52.22041,71.08322,26.6046,62.85957,LOVE
52.13263,70.40434,26.57709,62.10877,LOVE
52.80439,68.78486,24.85477,60.01577,LOVE
53.32029,71.19708,22.9617,62.09605,LOVE
53.80335,73.89918,20.71996,65.29687,LOVE
55.67002,71.99101,19.19843,65.9221,LOVE
56.83264,70.84663,19.91745,65.66694,LOVE
58.43432,69.35355,20.63134,65.10347,LOVE
59.99105,66.93468,21.0036,65.11765,LOVE
60.79662,66.15664,22.09945,64.41484,LOVE
60.65384,64.6098,22.60048,62.96336,LOVE
59.89143,65.986,22.53123,61.37004,LOVE
59.81568,64.86407,21.59939,60.4206,LOVE
59.6236,65.12486,21.21901,59.75249,LOVE
59.53719,65.31231,21.03547,59.31765,LOVE
59.46688,65.78497,21.08683,59.05621,LOVE
59.99259,66.07038,21.38928,58.89553,LOVE
61.18007,66.63845,21.66879,59.78608,LOVE
62.3229,66.99928,21.57258,60.65153,LOVE
62.91227,67.65952,21.37086,62.10406,LOVE
63.18171,68.90416,21.37368,64.00401,LOVE
62.68968,68.36671,21.94876,63.44553,LOVE
61.68663,69.21494,22.23112,63.98325,LOVE
60.48083,68.74652,22.46343,63.99575,LOVE
60.07047,67.07418,21.44534,61.72592,LOVE
60.17204,67.35143,20.7441,62.57795,LOVE
60.02471,68.23953,20.489,65.16607,LOVE
60.2882,67.16042,21.05822,65.85679,LOVE
59.24611,67.24959,22.0299,65.83545,LOVE
58.04477,68.15582,22.01173,66.91084,LOVE
60.14839,69.60137,20.83165,65.70045,LOVE
61.36261,67.26847,20.04906,63.19109,LOVE
63.86749,64.48435,19.438,62.8848,LOVE
64.59354,62.92454,19.50226,62.24995,LOVE
65.18358,62.13665,19.39141,62.47686,LOVE
65.43546,62.53173,19.46413,63.32974,LOVE
64.05611,63.3803,20.09149,63.65276,LOVE
63.83379,64.32835,20.9907,62.98658,LOVE
63.56904,64.01328,21.49482,62.00521,LOVE
64.69696,61.85152,22.94938,60.33321,LOVE
66.2544,60.25402,25.77526,59.17919,LOVE
65.83345,59.37804,27.10416,58.25597,LOVE
66.65965,60.53037,27.49229,58.07393,LOVE
68.69713,62.27168,27.79225,57.75231,LOVE
68.0388,63.35035,28.18437,57.42239,LOVE
66.75475,64.55354,27.92563,57.07218,LOVE
66.11136,65.16785,26.83343,57.17625,LOVE
65.89554,65.48173,25.69925,57.57597,LOVE
65.30656,65.15614,24.03229,59.2858,LOVE
65.14043,64.35474,22.5055,60.84397,LOVE
64.98904,64.76532,21.81885,61.41013,LOVE
64.78398,64.88399,21.61041,61.47922,LOVE
64.61383,63.78701,21.53098,61.35854,LOVE
64.04187,62.73674,21.559,60.51376,LOVE
64.09767,61.5789,22.57753,59.26217,LOVE
65.41286,62.36899,27.06659,57.45015,LOVE
64.94659,63.21867,28.19452,58.00762,LOVE
64.73753,63.71265,28.10502,58.28105,LOVE
64.34718,64.76075,28.40968,58.80383,LOVE
62.84372,66.07229,28.8998,59.35331,LOVE
62.16294,66.57886,28.36152,59.35087,LOVE
62.62327,66.16968,28.17345,59.11164,LOVE
62.76984,65.65656,28.08482,58.88938,LOVE
62.76426,65.65373,28.03349,58.92219,LOVE
62.39893,65.40299,28.12273,58.7243,LOVE
61.97918,65.38513,29.10453,58.13759,LOVE
61.97024,64.96593,27.21849,55.63375,LOVE
60.20663,65.5809,26.74842,38.33159,LOVE
61.61698,65.98021,26.66855,37.40134,LOVE
64.96481,67.86588,26.7313,30.98037,LOVE
62.51206,67.58273,31.09048,29.62489,LOVE
60.1106,67.51165,33.55523,27.50908,LOVE
54.80976,66.75928,33.41896,25.54918,LOVE
53.38608,67.17319,33.29892,25.31548,LOVE
51.02665,66.80226,31.59479,25.51788,LOVE
49.55114,66.48212,30.49183,25.95925,LOVE
50.22338,66.52566,31.29814,26.82613,LOVE
52.20227,66.69477,32.2336,26.31718,LOVE
57.23745,66.36736,33.25839,26.24471,LOVE
59.11787,66.57061,30.19265,26.23412,LOVE
61.68711,66.69487,29.05555,36.85934,LOVE
60.96311,67.02785,26.55844,58.59085,LOVE
59.80114,65.88993,24.04132,60.87671,LOVE
60.20631,64.84608,23.37079,60.06643,LOVE
60.27052,63.96024,23.40195,59.89409,LOVE
61.00153,64.48012,23.85946,59.27042,LOVE
61.56734,64.8924,24.16405,59.12251,LOVE
62.46277,64.70692,24.01672,59.83393,LOVE
62.71696,64.85337,24.42891,59.28114,LOVE
62.55507,66.42827,26.95104,57.26011,LOVE
62.77504,66.29477,27.73437,57.5413,LOVE
63.00719,64.83303,26.28906,59.22788,LOVE
63.8409,63.64592,25.88025,60.22878,LOVE
63.68264,63.70602,27.24029,59.46059,LOVE
63.58453,63.83603,28.21068,58.86594,LOVE
62.33025,63.19225,28.75929,60.05917,LOVE
60.60828,62.85353,29.88005,60.18466,LOVE
59.95277,63.25704,29.68481,60.37656,LOVE
59.785,63.66365,28.99381,60.49314,LOVE
59.97624,64.29052,28.35521,60.11034,LOVE
60.0315,64.55283,28.59792,59.29877,LOVE
58.57967,63.78271,28.65236,59.57234,LOVE
57.21915,62.24261,28.07272,60.84219,LOVE
55.94406,60.57595,27.70387,61.42031,LOVE
55.15627,60.06367,27.40059,61.1207,LOVE
54.17224,60.14033,27.69271,60.28385,LOVE
51.658,60.45415,28.14112,58.83634,LOVE
50.40425,60.5725,27.54735,59.34161,LOVE
51.69099,60.69483,26.87858,59.23478,LOVE
54.41027,61.86831,26.98798,58.63799,LOVE
54.8873,62.41922,28.06757,58.44268,LOVE
53.74696,62.78931,28.01128,58.5276,LOVE
50.09069,61.41304,25.9855,58.54172,LOVE
44.96292,55.42733,25.42531,61.01542,LOVE
45.02211,52.28396,25.90839,59.70314,LOVE
46.12458,50.67353,24.95599,53.2545,LOVE
47.07615,48.80128,23.22939,53.66455,LOVE
46.36313,42.38456,24.0469,52.39964,LOVE
46.57518,36.02893,25.08102,51.44891,LOVE
47.5667,32.13818,24.56842,45.00523,LOVE
49.82855,32.00097,23.25815,39.19613,LOVE
50.44996,51.99313,21.19969,39.04587,LOVE
49.04211,54.63803,61.0264,18.47065,LOVE
46.81928,56.2014,65.09486,18.08706,LOVE
46.34756,53.62878,62.52224,18.05211,LOVE
46.57435,52.61193,60.25023,18.16936,LOVE
49.03325,65.85191,53.09262,28.33377,LOVE
55.19123,67.69798,23.40263,54.57314,LOVE
58.37048,70.24091,28.40148,65.26998,LOVE
56.63598,68.46144,25.28174,54.99422,LOVE
55.33071,67.49937,22.58147,56.81093,LOVE
55.96532,66.5309,21.42745,58.5055,LOVE
56.44935,65.6644,21.9344,58.918,LOVE
55.08778,65.35258,23.19712,59.383,LOVE
53.81485,65.05335,23.73368,59.7369,LOVE
53.55361,65.24652,23.93297,60.36397,LOVE
53.862,65.65355,23.89457,60.42968,LOVE
54.98889,66.02263,23.95679,60.37363,LOVE
57.63626,67.11366,24.44844,60.65712,LOVE
59.93574,67.77353,25.34778,59.55917,LOVE
61.04062,67.84942,26.54228,58.28674,LOVE
62.15885,67.76294,28.55006,57.1325,LOVE
62.85838,67.42571,29.04205,56.73137,LOVE
63.61138,66.09875,27.98702,57.0727,LOVE
64.16658,65.16418,27.25427,57.67813,LOVE
64.24141,64.78062,26.80041,58.0481,LOVE
64.15118,64.54546,26.45198,57.89798,LOVE
62.99394,64.09007,26.64023,57.70756,LOVE
62.83983,63.98724,27.17498,57.53006,LOVE
62.89499,64.23834,27.47282,57.45826,LOVE
63.34111,65.04149,28.32103,56.74382,LOVE
63.56616,65.25681,28.1368,56.63933,LOVE
63.63975,65.18692,27.73108,56.98575,LOVE
62.77934,63.95862,27.33486,57.37119,LOVE
61.86879,63.22305,27.60906,57.04245,LOVE
60.73622,63.06264,27.94025,57.17803,LOVE
59.72213,62.57426,27.97522,57.77919,LOVE
59.07141,62.61883,27.88444,58.97274,LOVE
58.76812,62.8665,27.76062,59.43991,LOVE
59.01353,62.94413,27.6294,58.8959,LOVE
59.27089,63.21593,27.69573,57.8656,LOVE
59.36428,62.96292,27.66461,57.6743,LOVE
59.44765,61.6858,27.30606,58.48288,LOVE
60.14502,60.04687,27.05697,59.02839,LOVE
61.59559,60.81224,26.63159,57.67845,LOVE
63.05237,61.29005,26.60789,55.85083,LOVE
63.44886,61.00593,26.71235,54.8792,LOVE
63.58824,61.40736,27.56478,54.98357,LOVE
63.58557,62.11191,28.08887,55.61924,LOVE
63.85822,62.37174,28.22771,55.45807,LOVE
63.1492,62.35791,28.15178,55.22131,LOVE
62.97713,62.78048,28.25798,55.48505,LOVE
62.72562,63.08106,28.13932,55.7272,LOVE
61.46515,62.18792,27.72663,57.26369,LOVE
59.73289,60.61472,27.94557,58.84583,LOVE
60.63975,60.23886,28.32774,58.56443,LOVE
61.137,63.08111,27.52353,58.43502,LOVE
61.37165,66.24756,25.67957,58.48337,LOVE
62.56419,67.82053,25.83919,58.283,LOVE
61.79004,68.34109,26.59258,58.48674,LOVE
59.82315,68.15882,27.04105,58.43866,LOVE
59.74211,67.85451,27.31446,58.39708,LOVE
60.08028,67.45264,27.41652,58.32148,LOVE
61.75438,67.66966,27.16438,58.33843,LOVE
62.75731,68.07621,25.39979,58.67483,LOVE
63.80206,68.07178,24.85448,59.54916,LOVE
64.2779,67.0965,24.14636,59.61706,LOVE
64.37067,65.94535,23.40924,59.8739,LOVE
63.78943,65.55989,23.11741,60.17271,LOVE
65.24627,66.22056,23.15108,60.27642,LOVE
66.30889,66.6834,23.13584,60.36541,LOVE
65.50405,66.28101,23.09773,60.63421,LOVE
64.76749,66.00572,22.96794,60.76484,LOVE
62.99212,65.62413,22.92854,60.82287,LOVE
62.81819,65.71303,22.89112,60.90978,LOVE
62.61538,65.83496,22.852,60.86915,LOVE
62.52308,66.02908,22.89056,60.87148,LOVE
62.45319,66.01591,23.05203,60.67476,LOVE
62.46617,65.97262,23.25257,60.60916,LOVE
62.56804,66.09663,23.38919,60.67581,LOVE
62.68958,66.29227,23.43802,60.7888,LOVE
62.53946,66.22098,23.32333,60.78819,LOVE
62.35719,65.95875,23.03844,60.90176,LOVE
63.2697,66.66267,23.7751,60.89423,LOVE
63.87236,67.26744,24.6295,60.68771,LOVE
64.09892,67.5659,25.10543,60.47661,LOVE
64.45067,67.70568,25.2596,60.41395,LOVE
64.41261,67.65798,25.28461,60.34227,LOVE
64.48908,67.56535,25.27993,60.40857,LOVE
64.35904,67.61015,25.19711,60.67873,LOVE
63.89721,67.63428,24.97183,60.89377,LOVE
63.40529,67.46638,24.59749,61.12363,LOVE