64.71297,12.52546,16.42778,19.1305,THUMB
65.52326,12.58713,16.24687,18.97293,THUMB
65.84259,12.85438,16.33056,19.09946,THUMB
65.44527,13.45662,16.75933,19.54222,THUMB
65.7444,13.40252,16.85491,19.60126,THUMB
66.21598,12.76228,16.58927,19.15299,THUMB
66.01442,12.96642,16.7131,19.3659,THUMB
65.39478,12.94514,16.84251,19.71688,THUMB
63.51661,12.80427,16.82726,19.89702,THUMB
61.91549,12.80634,16.95384,20.03411,THUMB
60.48722,12.886,17.1681,20.2391,THUMB
60.69918,12.8875,17.22035,20.35012,THUMB
60.61306,12.82452,17.16516,20.2177,THUMB
60.6029,12.59938,17.10621,20.06388,THUMB
60.58648,12.64444,17.13663,20.02419,THUMB
59.83764,12.95357,17.49368,20.37702,THUMB
60.20394,12.89515,17.58378,20.45477,THUMB
60.88464,12.98942,17.73392,20.82445,THUMB
60.66412,13.59336,18.48757,21.71154,THUMB
58.65317,15.30671,20.31529,23.07942,THUMB
56.26208,16.9028,22.38001,24.86966,THUMB
54.99739,18.11338,23.69326,25.56637,THUMB
55.1673,18.03429,24.01427,26.77556,THUMB
57.32316,17.33082,23.43017,27.2681,THUMB
57.79468,17.40681,23.24765,27.58707,THUMB
58.33891,16.45852,23.29006,27.48439,THUMB
58.70182,16.41494,24.55565,27.02703,THUMB
58.14679,16.89363,24.84166,27.19406,THUMB
57.09117,17.613,24.55109,27.11384,THUMB
55.26448,18.35413,24.32145,27.05805,THUMB
53.72535,19.55454,24.82266,27.56084,THUMB
51.83316,20.21933,24.23815,29.79548,THUMB
50.24113,20.3236,26.57397,28.41401,THUMB
49.27791,20.197,27.58295,27.68718,THUMB
48.97234,19.74356,27.44316,28.19892,THUMB
50.82415,18.84307,25.57677,28.93343,THUMB
52.91685,17.35389,24.39451,27.70992,THUMB
53.65361,17.18629,23.07877,26.79611,THUMB
55.25323,17.17971,22.15125,24.81446,THUMB
56.78723,15.30976,20.81494,23.87592,THUMB
58.35812,13.55793,18.85088,22.44058,THUMB
58.63458,12.85636,17.8639,21.56726,THUMB
59.01065,12.34953,17.21262,20.86562,THUMB
58.67286,12.01592,16.85932,20.22002,THUMB
57.57811,12.48372,17.17023,20.54089,THUMB
58.20669,12.92638,17.99573,21.54598,THUMB
60.21222,12.42773,17.95219,21.69032,THUMB
61.72113,11.9684,16.77165,19.99415,THUMB
63.56766,12.05867,16.52944,19.49423,THUMB
66.13326,12.66029,16.99433,19.87831,THUMB
66.95547,12.51607,17.37862,20.58243,THUMB
66.83029,12.95851,18.2917,21.48872,THUMB
66.50582,13.37001,18.92071,22.19821,THUMB
65.41665,13.77965,19.44269,22.92363,THUMB
62.83299,14.11743,19.35509,22.72659,THUMB
60.45291,14.61298,19.25798,22.44687,THUMB
58.06103,15.36757,19.57354,22.75357,THUMB
57.32414,15.63723,19.91653,23.138,THUMB
57.07495,16.18347,21.04744,24.32264,THUMB
56.04985,17.27571,22.05668,25.56206,THUMB
55.42296,18.43647,23.21097,26.37668,THUMB
56.90937,19.23489,24.14108,26.33836,THUMB
56.40095,19.80557,25.4877,26.8075,THUMB
54.77896,19.16136,26.1022,27.61587,THUMB
53.6171,19.01765,25.78085,27.9791,THUMB
51.9106,19.01158,24.99784,28.51449,THUMB
50.90984,18.96469,24.78828,28.64599,THUMB
50.70579,18.50379,24.84218,28.50363,THUMB
50.37654,18.30536,24.79098,28.38111,THUMB
50.48468,17.72357,24.66406,28.15712,THUMB
50.77907,16.88711,24.39919,28.07175,THUMB
48.01588,17.6516,24.71384,28.20161,THUMB
45.84578,18.0115,25.57712,28.25994,THUMB
44.0892,19.02352,26.2321,28.04694,THUMB
43.00437,19.94167,26.83038,27.62084,THUMB
43.81439,19.14494,27.28165,27.41977,THUMB
44.19163,21.44537,27.68047,26.66143,THUMB
42.74286,21.17541,28.19077,27.56386,THUMB
43.27784,19.02815,28.23495,28.43416,THUMB
43.47856,17.59464,27.42111,29.15217,THUMB
45.77005,16.32561,27.37408,28.77074,THUMB
47.00047,15.28102,26.82597,28.54803,THUMB
46.75699,15.48084,26.30393,28.46344,THUMB
45.38053,16.13698,26.50206,28.09393,THUMB
42.19454,17.33257,27.48645,28.33731,THUMB
40.98874,20.01532,28.39492,27.66142,THUMB
42.2943,21.07745,28.37109,27.06214,THUMB
45.10351,20.85793,28.09661,26.79384,THUMB
47.29001,19.9758,27.37012,26.82104,THUMB
47.33637,19.7191,27.18137,27.71426,THUMB
46.55439,19.40251,27.49335,28.32039,THUMB
46.85619,18.89308,26.98771,28.44061,THUMB
46.40947,19.21358,26.42659,28.35641,THUMB
45.99585,18.73073,25.85629,28.40272,THUMB
46.51559,18.225,25.0972,28.32038,THUMB
46.06435,18.41429,24.94651,28.11845,THUMB
45.2724,18.82448,25.18625,27.88316,THUMB
44.89517,19.29003,25.56685,27.56296,THUMB
45.52706,19.11423,24.9282,27.4188,THUMB
47.31029,18.27512,24.29953,27.24007,THUMB
51.31513,17.56016,23.46703,26.969,THUMB
53.68429,17.45911,22.08498,26.08938,THUMB
59.25104,15.39,20.01337,23.49156,THUMB
61.95216,12.50519,17.21707,20.15237,THUMB
64.19227,11.01052,15.80852,17.92231,THUMB
63.85793,11.0311,16.01848,18.1338,THUMB
65.07127,10.86876,15.89372,18.61345,THUMB
64.82119,11.10255,16.20526,19.30518,THUMB
62.79155,12.04006,17.40017,20.37487,THUMB
62.19556,12.42654,17.91667,20.82897,THUMB
64.43034,11.98425,17.36391,20.34871,THUMB
65.23618,11.77453,17.20719,20.13784,THUMB
66.0864,11.39674,16.83644,19.70669,THUMB
66.60989,11.11232,16.62826,19.50965,THUMB
67.33977,10.75389,16.29889,19.07365,THUMB
67.06982,10.64281,16.1551,18.89476,THUMB
66.88974,10.58085,16.07631,18.80375,THUMB
67.20123,10.86004,16.10034,19.02386,THUMB
67.77622,10.85694,16.00076,19.08261,THUMB
67.50695,10.90125,16.10528,19.22592,THUMB
66.16058,10.70947,16.21255,19.18839,THUMB
63.68287,10.79474,16.36715,19.36382,THUMB
61.87875,11.29587,16.80766,20.03781,THUMB
59.5783,11.94788,17.41614,20.65984,THUMB
58.75411,12.14494,17.82485,20.99924,THUMB
58.73086,12.1697,18.02384,21.13375,THUMB
58.45996,12.58506,18.75195,21.76041,THUMB
58.37318,13.19543,19.59875,22.59664,THUMB
57.17292,14.67042,19.65184,23.08535,THUMB
56.62256,16.1742,19.60058,23.38084,THUMB
56.32733,16.42286,19.51634,23.44982,THUMB
55.8383,16.66483,19.73693,23.54571,THUMB
55.86689,16.72477,20.2878,24.16381,THUMB
56.49892,16.45757,20.35553,24.26118,THUMB
56.81228,16.27803,20.26251,24.17998,THUMB
57.24011,16.15835,20.18739,24.07652,THUMB
58.56184,15.99697,20.03953,23.86704,THUMB
58.13974,16.1394,20.03455,23.84427,THUMB
57.96499,16.30601,20.06707,23.9383,THUMB
58.11481,16.43792,20.06092,23.90839,THUMB
58.3482,16.49676,20.1318,23.89627,THUMB
59.42791,16.60641,20.21909,23.89687,THUMB
60.01513,16.60673,20.13075,23.88342,THUMB
60.10004,16.58188,20.10905,23.89718,THUMB
60.21931,16.03325,19.92192,24.02908,THUMB
60.42351,15.54682,19.66945,23.95028,THUMB
60.4158,15.42771,19.80553,24.09358,THUMB
60.58276,15.45988,20.11326,24.45939,THUMB
61.10266,15.33165,20.135,24.41215,THUMB
60.08562,15.96656,20.56323,24.58659,THUMB
59.61665,15.57462,20.55203,24.76246,THUMB
58.7837,15.15334,20.1867,24.63519,THUMB
58.92652,15.20976,19.93933,24.16761,THUMB
58.96309,15.37352,19.80159,24.01283,THUMB
58.25526,15.55896,20.48775,24.75226,THUMB
58.11592,15.57965,20.37809,24.7078,THUMB
57.80985,15.99913,20.23,24.24361,THUMB
56.97315,16.67537,20.36954,23.90705,THUMB
56.74816,16.73439,20.35748,23.82594,THUMB
56.82507,16.82621,20.52666,23.82186,THUMB
57.67227,16.59204,20.48428,23.83601,THUMB
57.67725,16.48746,20.39179,23.89849,THUMB
57.6172,16.29078,20.24074,24.12521,THUMB
57.37238,16.27463,20.80026,24.71627,THUMB
54.50229,16.55117,21.81986,25.26507,THUMB
50.83877,17.2628,23.95343,25.67869,THUMB
46.54488,19.94176,25.40469,26.97264,THUMB
41.14624,23.91892,27.58568,27.59403,THUMB
45.19484,20.75952,28.23739,29.31245,THUMB
57.28951,14.42878,28.00044,29.2946,THUMB
56.69307,17.20206,27.95115,28.80944,THUMB
56.64859,18.75913,27.0121,28.39325,THUMB
56.01793,18.7421,26.98423,28.26397,THUMB
55.09298,18.28294,27.32941,28.60834,THUMB
54.00657,18.41,27.62264,28.96418,THUMB
53.47036,17.08257,28.21135,29.77793,THUMB
53.13649,32.45579,28.79361,31.22894,THUMB
55.25704,44.82611,28.80363,31.87707,THUMB
56.42783,51.3581,28.22431,32.48634,THUMB
56.29855,51.28841,28.35723,32.47852,THUMB
55.88722,47.98297,28.64896,30.41156,THUMB
55.91111,46.13162,29.22367,29.61174,THUMB
56.6468,44.62849,29.63027,28.56476,THUMB
57.41625,44.52427,28.93484,27.93897,THUMB
57.88219,46.6779,28.11266,29.17401,THUMB
57.59637,47.45303,28.11897,29.71244,THUMB
55.42326,49.23446,28.25727,29.64794,THUMB
54.6235,49.90169,28.09569,29.38699,THUMB
54.07718,50.21535,27.9632,29.02288,THUMB
53.93165,50.06145,28.01802,28.78094,THUMB
53.68532,49.69138,28.03426,28.98672,THUMB
52.59461,48.65032,27.77832,29.4323,THUMB
51.36097,48.18856,27.47519,29.32893,THUMB
51.15095,48.82431,26.94573,28.95986,THUMB
49.88786,50.82264,26.09916,27.9705,THUMB
48.54931,41.22968,25.32192,27.07961,THUMB
46.76827,19.00656,25.53806,26.15008,THUMB
48.19863,19.20061,25.40016,25.64343,THUMB
47.49031,19.9379,26.05169,26.78321,THUMB
47.42128,19.35966,25.74899,28.41213,THUMB
49.05521,17.3507,26.17054,28.07931,THUMB
50.53341,16.97946,25.38114,28.6129,THUMB
51.48444,18.8169,25.8148,29.43757,THUMB
51.86487,19.50005,26.11243,30.77497,THUMB
50.16602,19.60115,26.27195,30.11133,THUMB
52.67541,19.54433,25.11392,30.30174,THUMB
52.54157,17.77122,25.8303,28.86761,THUMB
50.7934,18.16235,25.03838,28.78164,THUMB
49.06965,17.49117,25.07368,29.85297,THUMB
49.48756,17.11452,24.59127,29.45769,THUMB
49.96798,17.07407,24.92787,28.44388,THUMB
48.66146,17.94235,25.31917,27.69779,THUMB
46.75974,18.47806,25.60122,27.67767,THUMB
45.90518,18.25437,25.71958,28.18454,THUMB
45.60785,18.17743,25.41994,28.17795,THUMB
45.16046,18.35075,25.43963,28.20443,THUMB
45.19943,18.51488,25.46209,28.1866,THUMB
44.83181,19.14831,25.23161,28.11637,THUMB
45.22647,19.50837,25.14294,27.70835,THUMB
46.06723,19.66618,25.15932,27.15776,THUMB
46.85724,19.69274,25.13992,26.98619,THUMB
48.55194,19.28161,25.00386,26.35309,THUMB
50.41533,18.052,24.08954,26.15979,THUMB
51.41953,15.04909,22.16039,25.0415,THUMB
49.91207,13.41904,21.04894,24.33611,THUMB
45.67461,13.14217,20.40396,23.55695,THUMB
44.00783,12.37352,19.61201,22.98939,THUMB
43.66088,11.73317,18.90516,22.70357,THUMB
45.00602,10.92458,18.14456,22.42775,THUMB
45.79545,12.04673,20.12217,23.9715,THUMB
41.41866,14.70701,23.91286,28.49887,THUMB
49.45929,21.02514,26.45881,29.03951,THUMB
46.80392,20.27862,24.91004,28.40652,THUMB
44.56544,20.87412,25.248,28.78677,THUMB
44.88862,23.73283,26.23736,26.15419,THUMB
45.58369,22.40772,25.81041,26.08641,THUMB
46.81857,19.63158,25.1246,25.79756,THUMB
48.28483,18.0836,24.25796,25.0092,THUMB
47.88049,17.16388,23.69155,25.06575,THUMB
47.46623,17.70432,24.80611,26.00311,THUMB
48.3416,17.27354,25.97551,27.62853,THUMB
45.23353,18.52968,25.36971,27.37744,THUMB
42.66545,21.08198,25.63981,27.0059,THUMB
42.54088,22.48916,25.67151,26.69285,THUMB
41.76812,22.50711,25.33208,26.48051,THUMB
41.91341,22.02595,25.24553,26.65392,THUMB
42.51719,21.61094,25.08924,26.84224,THUMB
42.84496,21.29893,24.91076,26.76622,THUMB
42.59175,21.25706,24.77154,26.71185,THUMB
42.39622,21.48489,24.69635,26.63844,THUMB
42.38039,21.55014,24.73625,26.51458,THUMB
42.59521,21.48856,24.77235,26.45301,THUMB
42.76994,21.59392,24.76101,26.38805,THUMB
42.91861,21.49117,24.79537,26.08933,THUMB
44.10914,20.14136,24.06695,25.61488,THUMB
45.97519,18.85365,24.09675,25.6004,THUMB
46.08937,18.63647,24.54482,25.44252,THUMB
45.91045,18.94737,24.28799,24.93345,THUMB
46.0802,19.16714,24.10724,25.03365,THUMB
45.18255,20.37416,24.1009,25.24188,THUMB
44.54101,21.64135,24.08571,25.07684,THUMB
44.26271,22.12609,23.99139,24.78354,THUMB
43.95606,21.89463,23.95658,24.55588,THUMB
43.84187,21.14318,24.64096,24.74385,THUMB
44.0038,20.29423,24.90836,24.69083,THUMB
45.42119,18.7074,24.68649,24.6965,THUMB
45.70282,18.24643,24.53073,24.74591,THUMB
45.97076,17.88266,24.1604,25.32441,THUMB
45.95577,17.94821,24.13579,25.36613,THUMB
45.75765,18.60457,24.11257,25.12752,THUMB
46.37499,19.65288,23.91841,24.93287,THUMB
46.98803,20.18623,23.69202,24.97555,THUMB
46.54974,20.50313,23.43194,25.13476,THUMB
46.04795,19.8467,23.55601,25.35259,THUMB
45.98663,19.49015,23.9313,25.44212,THUMB
47.16842,18.304,23.89886,24.78308,THUMB
48.58783,17.3618,23.68929,24.8529,THUMB
49.65269,17.12775,24.81856,25.26247,THUMB
50.91646,16.66142,26.66855,25.77232,THUMB
51.76642,19.51172,26.93334,26.39997,THUMB
53.70486,30.94207,28.48989,27.71951,THUMB
56.52396,46.61705,29.49089,29.46379,THUMB
56.71185,49.56995,30.45901,29.2624,THUMB
54.84941,49.67332,30.94665,27.81535,THUMB
53.10571,50.03096,29.16642,27.30903,THUMB
53.28167,49.85961,28.63677,27.17693,THUMB
55.00297,49.31465,29.58769,27.09497,THUMB
55.69856,48.93264,30.03576,28.22617,THUMB
55.33947,49.0881,29.45348,29.06549,THUMB
53.96629,49.16127,28.81406,28.83585,THUMB
53.43664,49.71785,28.06006,28.31926,THUMB
54.80692,51.37577,26.7646,27.46321,THUMB
54.0065,52.11561,25.69782,26.49268,THUMB
48.56314,36.39392,25.10007,26.12776,THUMB
47.89479,20.23956,24.57331,26.83477,THUMB
46.40905,20.43301,24.92438,28.31295,THUMB
46.85815,19.84815,24.26293,28.93156,THUMB
47.49763,19.41021,24.73136,29.14242,THUMB
49.45445,17.75687,25.59213,28.60513,THUMB
48.96055,17.47718,26.19758,28.3012,THUMB
48.12085,17.9501,26.23,28.20065,THUMB
47.81801,18.43195,25.95165,27.92721,THUMB
46.96133,18.32227,26.10782,28.05213,THUMB
46.86981,18.14149,26.24102,28.22711,THUMB
45.78941,18.70137,25.88923,28.79138,THUMB
46.14063,18.72196,25.77007,29.07062,THUMB
46.48044,18.8061,25.39555,29.27211,THUMB
46.30692,18.49351,25.51671,29.09349,THUMB
47.47594,17.93289,25.84787,28.09308,THUMB
52.68014,17.62825,23.83565,25.69467,THUMB
55.8217,17.4787,23.04143,24.60877,THUMB
59.99252,16.81705,22.40789,24.39742,THUMB
60.61538,16.29638,22.32454,25.30639,THUMB
61.42639,17.53632,21.67694,26.599,THUMB
57.72326,17.87541,22.91216,27.31529,THUMB
50.89871,18.8474,24.17934,28.08955,THUMB
49.43879,18.95307,25.39158,28.32211,THUMB
50.17802,20.13687,25.83884,27.36548,THUMB
50.1866,20.97341,25.89774,26.70066,THUMB
50.08075,21.19296,25.69003,26.47651,THUMB
50.80254,20.97787,25.33081,26.64869,THUMB
51.14348,20.24096,24.97212,27.06672,THUMB
51.5443,19.70484,24.80244,26.99562,THUMB
52.05384,19.01641,24.4355,26.91105,THUMB
52.77904,18.82142,24.28346,26.90203,THUMB
53.03848,18.80554,24.23694,26.96214,THUMB
53.88028,18.79532,23.79417,26.84178,THUMB
54.37611,18.75761,23.52742,27.05061,THUMB
54.84627,18.65713,23.40579,26.99054,THUMB
55.30779,18.35808,23.15818,26.53066,THUMB
55.19432,18.40116,23.14741,26.30834,THUMB
54.76309,18.56539,23.13723,26.19827,THUMB
55.8274,18.54969,22.936,25.95546,THUMB
56.47776,18.74913,23.00826,25.70071,THUMB
57.47959,18.9486,23.43884,25.84611,THUMB
58.55768,18.54915,24.30521,25.92491,THUMB
56.91418,18.6186,24.63187,25.75236,THUMB
56.68847,17.95615,23.86486,25.7394,THUMB
54.80738,17.25292,23.20987,25.4897,THUMB
54.7477,16.80427,22.49067,25.26098,THUMB
55.41576,15.87602,20.906,24.68102,THUMB
55.16228,15.42051,20.3103,24.54961,THUMB
53.70111,15.38,20.70145,24.88682,THUMB
51.9068,16.45567,22.28005,26.43732,THUMB
52.35256,17.68262,21.60592,26.79069,THUMB
53.71931,17.40806,21.60201,27.26686,THUMB
55.80836,16.91081,22.02948,26.91577,THUMB
56.44215,17.556,22.26097,26.55587,THUMB
55.72699,18.32343,23.4451,26.47144,THUMB
53.45178,19.42439,25.27237,27.0545,THUMB
51.20344,21.26196,26.39442,27.73026,THUMB
51.10171,21.89899,26.67192,27.72786,THUMB
54.71895,21.31533,25.1644,27.6879,THUMB
56.01241,20.77282,24.33747,27.58663,THUMB
56.33372,20.44278,23.82527,27.2032,THUMB
55.96043,20.16826,23.55784,26.91997,THUMB
54.85265,20.22187,23.74337,27.06719,THUMB
54.13864,20.11705,23.71746,26.90237,THUMB
54.2963,20.15802,23.79087,26.83783,THUMB
54.97511,20.11218,23.95301,26.82436,THUMB
56.11571,20.60054,24.58589,26.71769,THUMB
55.99233,20.60088,24.892,27.17636,THUMB
54.95655,20.63154,24.75019,27.71578,THUMB
53.7233,20.47881,24.30153,28.04957,THUMB
53.07447,19.87273,24.41287,28.07379,THUMB
54.51566,19.6017,24.41852,27.44442,THUMB
55.94042,20.4687,25.18609,26.67853,THUMB
55.16022,21.23039,25.86539,27.17874,THUMB
55.29299,20.81466,25.7637,27.84101,THUMB
54.42958,20.12902,25.65354,28.7484,THUMB
53.80613,19.84428,25.12004,28.4658,THUMB
53.79305,19.47519,24.48899,27.87815,THUMB
53.69881,18.72448,23.90224,27.17324,THUMB
53.36452,18.70244,23.7372,26.87495,THUMB
52.41717,18.59063,23.41031,26.55408,THUMB
51.44108,18.78133,23.25595,26.645,THUMB
51.18671,18.77925,23.0721,26.37865,THUMB
52.29621,18.42628,22.82884,26.35327,THUMB
52.15646,18.87248,23.33568,26.85032,THUMB
50.68515,19.16891,23.60823,26.89078,THUMB
50.06496,19.0901,23.57528,26.83668,THUMB
49.42458,19.18143,23.40677,26.64678,THUMB
48.89585,19.31879,23.20995,26.37426,THUMB
50.66019,18.87442,22.81747,26.22815,THUMB
51.19939,18.69402,22.78383,26.179,THUMB
51.39399,18.84578,22.96609,26.50263,THUMB
51.2965,18.91985,23.2759,26.7743,THUMB
50.98698,18.43851,23.04122,26.51001,THUMB
50.91123,18.60445,22.99421,26.45882,THUMB
51.39972,18.79444,22.97214,26.30685,THUMB
51.76498,18.7134,22.87757,25.9266,THUMB
52.22352,18.86021,23.29891,25.39575,THUMB
52.38033,18.94411,24.57536,25.87857,THUMB
53.15077,18.72863,24.55371,25.80557,THUMB
52.82703,18.70834,24.03632,24.89708,THUMB
53.16845,17.92368,24.05985,25.55167,THUMB
48.98158,17.03383,25.26058,28.9321,THUMB
48.22557,17.65546,26.63228,29.91098,THUMB
48.88839,17.71169,27.0716,31.03768,THUMB
50.32107,17.86077,26.4948,30.4841,THUMB
51.17221,16.94748,24.89918,28.56641,THUMB
51.05338,16.44585,24.16462,28.27312,THUMB
51.75906,16.01189,24.07073,25.95895,THUMB
51.49615,17.07129,24.18228,25.97702,THUMB
51.29322,18.46656,24.69443,26.20719,THUMB
50.87878,19.16922,25.34456,26.3967,THUMB
50.68346,19.38089,25.23497,26.37007,THUMB
49.31991,18.96919,25.43319,26.2885,THUMB
48.69529,18.79086,25.56974,26.38851,THUMB
48.71047,18.59118,25.38823,26.53918,THUMB
49.71524,18.58396,25.23066,26.50462,THUMB
50.38951,18.45286,24.71218,26.52841,THUMB
51.22821,18.1727,24.0124,26.48701,THUMB
50.05838,18.22625,24.57663,27.13,THUMB
48.21077,17.23483,25.53537,28.4275,THUMB
51.07664,16.59578,26.58585,28.77033,THUMB
51.8536,18.98362,27.41567,28.84103,THUMB
52.63088,20.0548,27.95556,28.09047,THUMB
51.56534,19.34848,28.33653,27.86251,THUMB
50.89598,18.67176,28.46558,27.85401,THUMB
50.38677,18.44304,28.19746,27.92577,THUMB
50.68064,19.10648,28.05022,27.63861,THUMB
52.16062,18.97981,27.98918,27.50911,THUMB
52.7039,18.48084,28.14101,28.19426,THUMB
49.56144,23.32377,28.17605,28.05666,THUMB
48.85771,24.11255,27.48125,27.85864,THUMB
48.54371,30.96864,28.22253,28.11292,THUMB
47.04193,46.70336,28.55646,28.58197,THUMB
45.85471,52.39995,28.66699,29.07819,THUMB
43.26791,49.8601,29.45385,28.11292,THUMB
42.94007,32.0946,30.07776,27.47339,THUMB
51.23579,20.8957,27.73404,29.09175,THUMB
53.35199,23.00287,26.24211,29.31209,THUMB
56.21267,12.92885,26.52322,29.27744,THUMB
55.56495,10.76722,27.04675,30.18415,THUMB
48.17656,14.39025,27.74767,30.40602,THUMB
48.67778,14.48194,26.82161,30.80297,THUMB
51.35314,15.45319,26.68516,29.60175,THUMB
54.96198,16.46003,25.05548,28.9551,THUMB
50.16003,19.74678,23.80603,28.41017,THUMB
52.59544,21.40496,23.70725,26.67604,THUMB
54.89572,21.11681,24.85441,29.21364,THUMB
56.99789,20.44484,25.36376,31.17423,THUMB
60.00275,20.7851,24.88654,30.2347,THUMB
57.52239,19.19529,25.69574,30.32713,THUMB
49.27816,30.04759,26.58478,29.99764,THUMB
40.72804,20.48536,25.64057,29.03588,THUMB
40.28122,18.44447,25.52423,29.49738,THUMB
42.05343,17.0235,26.45511,29.46966,THUMB
48.43151,16.47726,27.41456,27.86651,THUMB
48.61522,18.52784,27.61617,27.81513,THUMB
49.84005,16.58471,27.68335,28.36253,THUMB
50.67005,14.19656,27.71142,29.29355,THUMB
50.83663,13.49822,27.52449,29.69097,THUMB
48.83213,17.03459,27.17663,29.39784,THUMB
48.45338,20.25108,26.95541,28.82376,THUMB
49.71535,18.23482,26.94503,28.72168,THUMB
48.82129,15.83881,27.4421,28.99785,THUMB
48.75368,15.28362,27.76973,29.21159,THUMB
48.15414,15.74846,28.11793,29.23096,THUMB
48.49026,16.40921,27.59986,28.18423,THUMB
47.69164,17.85011,25.72903,26.77097,THUMB
49.78984,18.80369,24.03234,25.56443,THUMB
52.58883,18.47976,24.16672,24.85895,THUMB
57.32057,18.44676,24.40434,26.9886,THUMB
64.51916,21.03842,25.5972,30.36422,THUMB
60.16891,20.73379,26.58608,26.93327,THUMB
45.61843,19.86826,25.52485,28.35741,THUMB
44.40027,16.27703,25.9009,29.43537,THUMB
50.34283,16.66667,25.36467,26.76548,THUMB
52.7965,17.45129,24.57886,25.27162,THUMB
61.26557,16.16307,25.60105,25.32009,THUMB
66.731,17.54046,23.60537,26.85958,THUMB
65.45304,19.13639,25.53004,27.74096,THUMB
58.16981,19.90758,26.55101,29.01294,THUMB
47.01319,18.95434,25.7552,29.9964,THUMB
45.7417,17.27372,26.13416,29.49972,THUMB
47.30046,16.76642,26.97346,27.83899,THUMB
51.96616,17.45182,26.41525,25.32801,THUMB
58.08234,17.32095,25.92394,25.20484,THUMB
65.75708,16.04534,27.27293,25.95799,THUMB
64.94753,18.18612,26.87281,27.75064,THUMB
57.2016,20.03096,27.69328,29.13056,THUMB
49.54477,18.37096,28.08698,29.2114,THUMB
49.20272,17.10844,27.42894,28.25737,THUMB
53.59838,17.27961,24.33442,26.6125,THUMB
60.0069,17.32301,24.66201,26.73836,THUMB
65.13409,16.39459,25.1747,27.28336,THUMB
60.20365,18.58578,25.95806,28.61152,THUMB
47.28094,19.53118,26.57514,29.5956,THUMB
42.34868,18.3271,26.01313,29.35533,THUMB
38.65686,18.71858,25.77731,28.30117,THUMB
37.78055,19.30897,24.95691,27.19173,THUMB
39.70838,19.3051,24.65461,26.39347,THUMB
41.99594,18.9332,25.26791,26.19791,THUMB
43.93491,18.45086,25.39295,26.64337,THUMB
49.13345,17.94463,27.16899,27.0763,THUMB
55.6796,15.10263,27.43504,27.09545,THUMB
55.90123,17.60326,27.73261,28.0865,THUMB
47.59259,18.00679,26.45761,28.37574,THUMB
52.49617,15.64116,27.16167,26.89307,THUMB
58.34458,13.17546,27.03904,26.85077,THUMB
56.78132,16.25931,28.72908,26.95078,THUMB
53.27734,19.63257,28.26345,28.22141,THUMB
48.72442,19.98728,25.75387,28.94172,THUMB
47.06009,19.48864,24.04572,27.59869,THUMB
47.46441,19.45321,23.72656,25.896,THUMB
51.10575,17.22346,24.46432,26.20797,THUMB
51.7354,16.07331,26.65976,26.05961,THUMB
52.17266,16.81639,28.45683,27.79713,THUMB
49.73339,19.83636,27.81684,28.83849,THUMB
48.90256,18.77516,25.61666,28.90994,THUMB
47.38828,18.29628,25.42852,27.94819,THUMB
45.84724,19.58338,25.76163,27.15952,THUMB
45.1525,20.16853,26.18671,26.85798,THUMB
44.44817,21.10274,26.71428,26.56414,THUMB
46.05597,20.13739,26.22253,26.56001,THUMB
47.02074,18.42362,24.60903,26.08362,THUMB
45.8792,18.44834,23.72181,25.95447,THUMB
45.22824,18.42069,23.8832,26.47383,THUMB
45.06577,17.94374,23.98229,27.37576,THUMB
45.23577,17.49,23.87209,27.43339,THUMB
44.59042,17.57469,24.1529,27.45116,THUMB
43.98967,18.10045,24.45189,27.56347,THUMB
43.53817,18.598,24.81712,27.7758,THUMB
44.11174,18.14966,24.87964,27.98402,THUMB
44.85385,18.33847,24.53548,27.61109,THUMB
45.8326,18.49453,24.14714,27.27631,THUMB
46.48009,18.77946,24.00671,27.03743,THUMB
48.86116,18.50488,23.05748,25.95248,THUMB
52.70605,17.99435,22.84139,25.5393,THUMB
52.8451,18.05391,23.22724,26.05152,THUMB
52.93371,17.9726,23.42197,26.5203,THUMB
52.61926,18.22375,23.53563,26.70739,THUMB
51.2059,18.3597,23.62013,26.93149,THUMB
48.06684,18.73733,24.08467,27.32087,THUMB
47.76457,18.47892,24.223,27.26132,THUMB
48.36098,18.25366,24.1464,27.00629,THUMB
49.92592,17.92621,23.68036,26.65468,THUMB
51.51491,17.6905,23.27746,26.36182,THUMB
52.28096,17.73802,22.96548,26.468,THUMB
52.71908,17.21517,22.58218,26.5665,THUMB
52.10978,16.70508,22.54975,26.59376,THUMB
49.34435,17.53648,23.29132,26.81969,THUMB
46.04961,17.82438,25.48796,27.93995,THUMB
46.69053,16.70276,27.36331,28.6585,THUMB
51.44429,20.13509,28.10343,29.33637,THUMB
64.16532,67.93742,28.32923,29.46879,THUMB
64.4314,72.56174,28.35217,29.3763,THUMB
63.78747,72.65816,28.29452,28.46057,THUMB
63.3572,72.76994,28.1775,27.72209,THUMB
63.37838,73.0263,27.28839,27.76307,THUMB
63.46835,72.55376,27.20091,27.89706,THUMB
60.38599,69.13092,26.86152,27.49838,THUMB
47.26048,19.63274,25.69208,26.3753,THUMB
49.45317,14.59609,25.2609,26.37712,THUMB
46.93188,16.49561,23.28576,26.28309,THUMB
42.54466,21.54641,25.32279,27.16108,THUMB
44.77013,19.70392,26.57957,27.39655,THUMB
46.55551,20.0146,28.3701,26.70829,THUMB
44.2844,21.36507,27.54646,26.84311,THUMB
41.77903,21.56036,27.37226,27.5318,THUMB
40.86131,20.90008,26.87763,28.64516,THUMB
41.16608,20.02597,26.73735,29.10195,THUMB
41.3127,20.6284,27.06702,28.91735,THUMB
41.61691,22.2173,26.94416,28.59725,THUMB
42.32756,23.763,27.21896,28.36852,THUMB
44.08607,22.60196,27.45578,28.38499,THUMB
45.14384,21.72475,27.92063,28.14986,THUMB
44.92159,22.07126,27.58611,27.60054,THUMB
44.91298,23.95677,25.9222,26.38545,THUMB
46.79947,23.49604,25.51272,26.05308,THUMB
49.56395,21.76114,26.46167,25.98307,THUMB
49.36049,21.76607,25.94835,26.96525,THUMB
49.42165,19.0464,25.64454,28.25914,THUMB
50.376,18.69361,23.5626,28.35187,THUMB
47.853,18.93776,23.63937,26.36715,THUMB
46.11368,20.39498,23.93445,27.35785,THUMB
46.45166,18.01537,27.26532,25.29375,THUMB
52.55805,15.80384,23.67508,25.31009,THUMB
52.24928,14.14341,21.89609,25.26051,THUMB
52.35078,11.91899,19.29371,22.94516,THUMB
49.05964,12.64196,17.83326,21.04054,THUMB
44.39238,13.73077,19.12149,20.61758,THUMB
41.43876,15.81146,23.89767,21.82421,THUMB
40.22359,16.5268,24.25504,23.47335,THUMB
41.9402,17.66648,22.6652,25.47239,THUMB
46.0774,17.72233,24.34283,27.1141,THUMB
50.55245,17.25809,24.84392,27.73829,THUMB
55.6562,18.01636,26.24568,28.64513,THUMB
57.36018,26.26524,24.50566,28.45821,THUMB
64.5139,40.47068,21.94003,27.88187,THUMB
74.3192,61.17958,21.86051,27.86129,THUMB
74.56007,70.50489,21.33879,27.31525,THUMB
73.57679,69.95603,20.91059,26.5759,THUMB
70.81461,64.33475,20.55077,24.86652,THUMB
50.96835,54.94413,19.95183,23.03616,THUMB
39.68055,50.27057,19.32489,22.75218,THUMB
33.69152,43.81831,19.11211,23.07404,THUMB
34.80136,41.03566,19.61178,23.5773,THUMB
50.43176,58.27458,21.78626,25.12341,THUMB
65.21748,54.80239,21.01421,24.42066,THUMB
59.9614,12.00834,15.12147,19.06267,THUMB
56.96532,14.5197,18.6746,21.66065,THUMB
46.90176,20.33189,21.98922,25.10991,THUMB
53.21109,15.74219,24.42432,25.99537,THUMB
64.22845,26.02506,26.13778,28.72252,THUMB
67.53573,31.88531,28.7796,27.20252,THUMB
66.75784,28.51122,26.32936,21.85691,THUMB
68.60787,19.27723,23.92822,18.99821,THUMB
65.79071,10.06484,23.74111,19.63078,THUMB
58.79065,15.18672,25.95207,21.12645,THUMB
53.5274,16.20377,24.52506,26.48596,THUMB
53.12628,20.0614,24.60602,27.31266,THUMB
58.16639,29.6988,23.84955,25.15574,THUMB
54.42771,31.95049,23.49193,21.96406,THUMB
54.53726,31.46251,24.41445,20.48829,THUMB
59.54312,33.03912,24.61267,25.09723,THUMB
56.53027,24.28948,25.0205,26.79462,THUMB
50.65707,10.49672,23.25801,23.56651,THUMB
49.3756,7.6779,20.50126,22.03289,THUMB
49.30846,10.74558,22.18532,21.83103,THUMB
47.57063,15.35209,23.21489,25.07323,THUMB
48.28884,12.89223,23.34162,26.35489,THUMB
53.83297,11.43974,22.18668,23.67721,THUMB
54.49273,11.03387,21.38995,22.84263,THUMB
57.01337,9.76348,19.78075,21.43892,THUMB
61.4802,8.600694,20.46205,21.62673,THUMB
65.06181,10.32746,22.71017,23.37054,THUMB
65.39824,10.59255,23.36891,26.4214,THUMB
56.12661,12.97891,27.96746,27.40331,THUMB
53.73119,13.2345,27.47969,29.89006,THUMB
56.47738,11.86712,26.49944,31.36642,THUMB
52.23941,16.35323,26.82182,30.06294,THUMB
50.30873,18.72921,26.25102,30.23139,THUMB
49.89013,18.10219,26.12051,27.96832,THUMB
50.48559,18.00982,25.90508,26.54526,THUMB
50.73091,18.2512,26.06824,26.11967,THUMB
52.26604,18.8378,25.03482,25.72641,THUMB
52.80915,18.49366,25.23665,25.73911,THUMB
51.90094,18.4114,26.87992,25.61955,THUMB
48.67426,19.13426,28.85468,25.68708,THUMB
49.34193,16.78609,29.1849,27.02698,THUMB
52.4304,16.54802,26.24514,27.5767,THUMB
54.75929,16.11265,24.4784,27.19796,THUMB
55.03041,15.83757,23.17723,25.90015,THUMB
53.62326,16.42228,23.41456,25.46265,THUMB
47.82836,17.772,25.53221,24.976,THUMB
46.59687,17.78107,26.75176,24.59074,THUMB
46.61777,19.17511,27.56305,24.63102,THUMB
47.35792,19.99056,26.06577,24.2523,THUMB
47.97749,19.62013,26.04749,24.94208,THUMB
52.0363,17.69047,26.22437,25.00458,THUMB
54.28895,17.38128,25.53647,24.71358,THUMB
53.88483,17.74029,25.91966,25.15971,THUMB
51.6281,18.05094,27.30393,26.66466,THUMB
49.16328,18.60342,29.19037,27.08396,THUMB
48.30319,19.94539,29.98131,25.91502,THUMB
51.73571,19.64011,27.77895,26.05281,THUMB
52.06453,19.07665,27.63792,26.56699,THUMB
47.95029,19.66547,29.50135,25.59814,THUMB
44.48476,20.34974,29.43279,24.5939,THUMB
42.44765,20.96793,28.41276,25.04741,THUMB
42.00139,21.04474,27.91717,25.15906,THUMB
42.17916,20.62579,27.71092,25.60108,THUMB
44.93951,19.78319,26.77338,26.17887,THUMB
48.99566,17.66387,24.8173,26.13713,THUMB
54.65518,15.70152,24.59563,27.37045,THUMB
56.33186,15.18602,25.41054,28.39137,THUMB
57.41816,15.21482,25.99293,29.10815,THUMB
56.72544,15.23727,26.09119,30.2543,THUMB
56.36589,14.24334,23.89756,28.93785,THUMB
53.81786,16.21325,25.14497,26.56658,THUMB
49.95977,17.70033,23.61296,26.97269,THUMB
47.33106,17.40944,22.81869,27.99741,THUMB
47.05511,16.02312,22.44365,27.7625,THUMB
48.55944,15.31558,20.88258,25.36316,THUMB
45.84757,16.67747,19.6373,22.44066,THUMB
48.32329,17.18227,17.72252,19.6951,THUMB
53.25758,12.70545,17.30069,20.31362,THUMB
60.20312,9.636414,19.57288,22.8764,THUMB
61.19114,9.750603,21.24574,24.3736,THUMB
62.35628,10.88219,23.49673,26.01629,THUMB
62.84382,11.15254,24.60404,25.82264,THUMB
61.03793,11.74887,25.46835,25.60572,THUMB
58.33117,13.6462,26.30229,25.15042,THUMB
51.33649,18.80647,27.44815,25.81686,THUMB
46.07356,19.72365,29.25146,26.02364,THUMB
45.03999,19.62558,28.90557,26.04975,THUMB
47.30404,19.38004,27.8898,26.04309,THUMB
50.16401,19.58833,28.14515,23.8668,THUMB
51.11566,19.58872,28.62812,23.29316,THUMB
51.21484,18.62235,27.94088,23.28855,THUMB
52.69565,17.48448,26.1494,23.97496,THUMB
54.16635,16.37977,24.98877,24.64397,THUMB
54.13356,16.8238,26.01336,24.63258,THUMB
53.57549,17.40756,27.03577,24.65234,THUMB
51.63193,17.97431,28.51343,24.20926,THUMB
50.93062,18.18964,28.66466,24.36658,THUMB
52.25637,17.83058,28.16623,24.45207,THUMB
54.64518,16.15601,27.45641,25.39531,THUMB
52.24452,18.29951,26.95983,25.61701,THUMB
48.94411,19.71386,26.91654,26.41212,THUMB
48.72114,17.14177,22.9082,27.70691,THUMB
52.29019,11.80287,20.7027,26.42258,THUMB
50.70428,11.58237,18.43592,21.18416,THUMB
45.20448,10.52252,15.88121,18.04482,THUMB
45.9637,11.00511,15.14868,17.17165,THUMB
47.42353,10.2812,16.39077,16.98398,THUMB
47.82579,9.787354,16.44727,18.47861,THUMB
48.71087,9.942021,16.33934,20.87334,THUMB
48.78679,10.79361,16.89676,23.75657,THUMB
52.79008,10.25805,18.39501,25.91271,THUMB
57.47528,9.915758,18.30613,26.97593,THUMB
59.72531,11.04279,22.33674,23.75859,THUMB
55.38572,15.6458,26.33514,21.44998,THUMB
51.82736,16.67289,27.59776,24.34787,THUMB
52.56664,17.78453,28.1021,25.16378,THUMB
55.21458,17.399,27.0093,25.42369,THUMB
55.5279,17.89487,26.60278,24.91406,THUMB
51.25217,14.81276,21.01365,21.92572,THUMB
47.80177,11.17852,16.36818,22.61502,THUMB
49.67323,10.50656,15.40841,18.64629,THUMB
53.66076,16.52199,25.26479,25.9181,THUMB
51.57166,20.45553,26.69751,30.19105,THUMB
48.42551,18.12529,27.6609,31.25134,THUMB
43.9128,20.60839,28.40186,30.84356,THUMB
42.29705,21.7949,27.40063,29.86342,THUMB
45.36597,19.67893,29.53628,26.25462,THUMB
47.61053,19.07031,28.7941,25.07961,THUMB
47.9094,18.67943,25.65559,25.48854,THUMB
49.40905,17.7302,24.62146,24.95798,THUMB
49.68832,18.20373,24.60841,23.52357,THUMB
48.77576,20.46872,24.52938,24.06719,THUMB
49.79976,22.14284,22.5578,28.98274,THUMB
50.0023,22.22008,23.00583,29.10617,THUMB
47.91848,23.95229,25.29784,28.057,THUMB
46.68563,23.5739,25.51061,27.80356,THUMB
46.36095,22.82673,25.3953,25.2005,THUMB
46.44622,23.04876,25.61579,23.44813,THUMB
52.31566,19.72948,26.91028,21.76857,THUMB
54.11565,17.68722,27.63266,23.82638,THUMB
55.26748,16.72617,27.6399,25.54753,THUMB
56.72028,15.67688,27.46239,26.43108,THUMB
57.55822,15.21665,26.60518,27.96317,THUMB
58.23154,14.97623,25.75584,28.97678,THUMB
58.35836,14.75423,25.0585,30.03565,THUMB
55.81744,15.86377,24.53354,30.56931,THUMB
56.36734,15.94337,24.21509,30.64585,THUMB
56.07104,17.00229,24.60701,30.52993,THUMB
55.52468,17.11285,25.08321,30.09437,THUMB
54.38798,17.23319,25.39751,29.92599,THUMB
54.31581,16.27447,25.10366,29.41965,THUMB
53.82107,16.09093,25.79891,28.35575,THUMB
51.46354,17.31885,27.812,26.55571,THUMB
50.26407,18.56107,28.3712,25.85454,THUMB
50.55667,18.55036,28.38059,25.3131,THUMB
51.19212,18.17922,28.20925,25.19792,THUMB
51.74776,18.01172,28.18568,24.9836,THUMB
52.59792,17.37076,27.55458,25.44444,THUMB
53.47329,16.64188,27.15809,25.48057,THUMB
52.77397,17.4132,27.66645,25.02191,THUMB
52.3362,17.71012,27.83695,24.98608,THUMB
51.75729,18.14129,27.46084,25.34351,THUMB
51.41612,18.45109,26.64033,25.87224,THUMB
52.21769,18.19523,24.82831,29.32288,THUMB
52.68914,18.50161,24.28333,30.55818,THUMB
52.54219,19.56248,24.16712,30.8007,THUMB
54.70938,19.43604,23.82367,31.28585,THUMB
55.40099,18.4855,23.45028,31.71817,THUMB
55.62931,16.73554,23.48621,31.64087,THUMB
56.3352,16.15632,22.8055,32.10091,THUMB
56.86226,15.0926,23.178,31.0549,THUMB
51.23656,16.58605,27.16571,28.32648,THUMB
47.50169,18.79761,28.90222,26.68879,THUMB
46.94126,20.31828,29.01068,25.55273,THUMB
50.01497,19.26158,24.80585,24.78882,THUMB
52.94459,16.91104,21.12545,23.01576,THUMB
53.79817,15.86737,19.89027,22.9012,THUMB
53.64272,15.37187,20.63575,22.61798,THUMB
52.4798,15.70919,21.28984,25.59352,THUMB
51.2025,16.77534,24.3852,24.2341,THUMB
48.62641,17.98543,26.7354,26.71018,THUMB
47.82592,17.53655,28.38763,29.54997,THUMB
46.98176,16.76853,29.03865,30.94012,THUMB
46.20647,18.19625,28.88339,29.09025,THUMB
46.71917,18.11608,28.84549,27.68678,THUMB
46.85771,18.19308,27.32842,26.99555,THUMB
45.77614,18.32155,26.65134,27.68669,THUMB
44.14415,18.5318,25.74112,28.36768,THUMB
44.46405,18.96455,24.88933,28.30572,THUMB
47.27151,18.86211,25.71929,26.59125,THUMB
47.82993,18.47317,26.86796,25.93868,THUMB
47.85108,19.3229,25.96668,25.43816,THUMB
50.05115,18.23731,26.07859,25.72285,THUMB
50.84143,18.06171,25.73422,25.70308,THUMB
47.7033,21.70427,25.50421,25.17598,THUMB
46.88589,23.11899,24.67124,25.03021,THUMB
45.3512,19.15417,22.5866,25.63696,THUMB
46.80085,17.36193,20.73346,25.60929,THUMB
45.86543,17.72997,21.71819,26.04811,THUMB
42.76756,20.03155,24.2339,26.02106,THUMB
41.45216,21.04748,24.86684,26.43314,THUMB
41.41597,20.46177,24.48887,26.57038,THUMB
41.59537,19.76973,25.10829,26.38864,THUMB
40.77604,20.40793,24.5208,26.49129,THUMB
40.39161,21.49796,23.8702,26.99766,THUMB
41.53503,21.8775,22.77628,25.63993,THUMB
35.57135,20.34231,21.77666,23.28662,THUMB
41.00217,17.44961,22.29832,20.61417,THUMB
42.20887,18.8652,27.33022,19.03825,THUMB
42.12931,21.49629,30.37038,21.81142,THUMB
45.71465,14.00047,24.47128,21.7097,THUMB
39.32362,14.36484,20.11987,21.8098,THUMB
37.02504,15.34793,17.44389,21.34998,THUMB
23.33883,13.85695,18.0014,19.97342,THUMB
23.87883,13.07115,18.35898,19.14199,THUMB
24.97294,13.19495,18.28346,20.21592,THUMB
23.81563,14.76545,19.27198,20.91283,THUMB
22.42782,17.73606,21.06438,22.49219,THUMB
21.54197,17.09654,22.03245,23.66437,THUMB
35.59112,17.21504,21.08329,23.43283,THUMB
43.26269,13.12126,17.706,17.67019,THUMB
58.64455,9.852912,19.35214,18.92959,THUMB
37.69092,9.578526,17.47746,25.0119,THUMB
42.80295,12.95467,21.95838,26.79564,THUMB
48.86393,21.60642,27.91879,28.48553,THUMB
44.5852,25.77912,31.04275,28.48213,THUMB
43.43663,21.29825,28.81712,26.74034,THUMB
28.59421,17.54959,21.60777,25.72942,THUMB
47.4044,14.74851,20.303,24.11534,THUMB
58.14203,12.98096,18.55975,20.10928,THUMB
62.18507,7.558319,13.42128,14.3935,THUMB
69.52679,7.89414,12.86463,13.95682,THUMB
71.99285,11.04773,12.31489,13.7462,THUMB
67.79936,10.53366,12.2865,13.29286,THUMB
65.05814,8.872389,12.50024,12.86106,THUMB
60.11372,8.256616,13.20887,13.16303,THUMB
57.16226,8.301464,14.5925,13.70903,THUMB
59.55267,9.203254,15.43761,14.17585,THUMB
61.08923,12.79832,17.45223,16.73096,THUMB
59.85962,13.2647,21.44846,21.76385,THUMB
56.28777,16.98204,23.68417,24.95214,THUMB
55.02076,17.49641,23.07626,26.01396,THUMB
53.92094,15.10355,21.09817,24.72964,THUMB
52.64647,13.73756,19.85072,22.29601,THUMB
51.04803,10.95571,17.86461,19.32555,THUMB
49.71753,8.058784,17.78901,16.85594,THUMB
47.91824,7.435032,18.14037,16.35678,THUMB
47.64198,7.855779,17.7227,17.04625,THUMB
48.31799,8.814922,18.59068,18.79344,THUMB
51.23197,12.18471,20.94708,22.85241,THUMB
52.9685,12.74285,21.02941,23.70067,THUMB
53.52147,12.94023,20.93204,23.84142,THUMB
53.67527,13.51812,21.48539,24.78022,THUMB
53.5323,13.36954,21.22792,24.78503,THUMB
53.38784,13.55774,20.96309,24.62014,THUMB
52.70073,13.36311,19.70069,23.67058,THUMB
52.37486,13.66429,20.13254,24.27575,THUMB
52.57913,13.67416,21.06351,24.86718,THUMB
53.08112,13.2525,20.7634,24.72439,THUMB
54.64081,12.43322,19.78714,24.09968,THUMB
54.6451,13.34961,20.33498,23.74341,THUMB
55.74343,14.20284,22.30949,24.62919,THUMB
54.4648,17.27611,25.21334,25.78538,THUMB
48.92031,20.79195,26.17059,27.00769,THUMB
46.3986,19.89646,26.40227,27.37666,THUMB
46.9783,18.28272,26.65452,27.28473,THUMB
48.33075,17.27455,26.83565,27.52777,THUMB
49.03484,17.26042,26.41807,28.4597,THUMB
49.87868,17.43769,26.47812,28.89784,THUMB
50.64672,17.25746,26.7852,28.80506,THUMB
50.92729,22.53366,27.65367,28.31692,THUMB
57.53292,48.12431,27.4081,28.49204,THUMB
58.97427,57.91984,27.46407,28.50213,THUMB
63.60448,65.75819,27.29238,27.78261,THUMB
64.4285,73.65589,27.08072,27.59229,THUMB
64.08867,72.61273,26.64035,27.11227,THUMB
63.05289,72.05948,26.70394,27.56327,THUMB
61.43845,72.17719,26.4101,27.4493,THUMB
59.68739,72.12123,26.63442,27.28525,THUMB
59.10268,72.03252,26.90121,27.12289,THUMB
58.15106,72.38019,26.57814,27.74762,THUMB
57.53613,72.13448,26.1721,28.14149,THUMB
58.06739,73.27542,25.94249,28.52981,THUMB
59.44477,74.11935,25.89098,28.81788,THUMB
61.41812,75.7674,25.96859,28.82786,THUMB
61.94074,76.51781,25.97256,28.59073,THUMB
61.8512,76.47517,26.0429,28.66777,THUMB
62.10292,75.95665,26.09182,28.41399,THUMB
62.37518,73.81055,26.49172,28.09195,THUMB
63.26919,74.03487,26.7725,27.94959,THUMB
63.14647,75.53643,26.94186,28.11151,THUMB
63.52333,75.33927,26.97614,28.06294,THUMB
63.92398,73.58567,27.41997,27.7736,THUMB
61.9545,72.38819,27.63682,26.93759,THUMB
61.64991,70.86952,27.17838,25.72736,THUMB
60.90852,69.52509,26.88747,25.74566,THUMB
60.62071,69.14561,26.67636,25.89955,THUMB
63.23744,69.34669,25.59045,25.70456,THUMB
64.23991,70.1883,24.54673,25.87105,THUMB
65.86942,70.19627,24.05415,26.07253,THUMB
67.12663,69.94892,23.99219,26.07745,THUMB
67.61362,69.21686,24.59298,26.06247,THUMB
65.97679,67.39531,25.08632,26.21974,THUMB
64.10038,65.81174,25.499,26.56199,THUMB
61.68865,64.2571,25.9286,26.4245,THUMB
60.46394,63.75834,26.04972,26.33087,THUMB
60.14057,63.66724,26.09917,26.33124,THUMB
63.24989,64.59605,25.87521,26.62471,THUMB
65.14695,65.0048,25.81083,26.77733,THUMB
66.2532,65.31802,25.83274,26.90034,THUMB
66.67262,65.48051,25.7324,26.89103,THUMB
66.77038,65.37915,25.5407,26.89709,THUMB
66.36025,64.6594,25.45043,27.03204,THUMB
65.7008,61.511,25.31911,27.07547,THUMB
65.28972,57.73278,25.19547,26.81661,THUMB
64.96895,54.07246,25.00478,26.23481,THUMB
64.12666,50.74763,24.29156,25.10164,THUMB
62.12419,54.01245,23.15011,24.34107,THUMB
57.81213,48.12607,21.25704,22.82213,THUMB
60.2852,21.43368,19.00886,23.00488,THUMB
58.06481,10.34452,17.74313,22.12613,THUMB
51.60493,16.1742,18.29695,22.11419,THUMB
50.67894,17.74881,21.53955,23.76565,THUMB
45.83365,19.96914,26.91593,27.58793,THUMB
42.43932,19.27156,29.52933,31.08443,THUMB
45.30098,17.64178,27.21665,30.69237,THUMB
51.63843,14.0265,24.14244,28.60626,THUMB
56.39672,11.67357,21.17166,24.37266,THUMB
56.83747,11.31876,19.4475,22.28915,THUMB
55.91596,11.58873,18.9492,21.73798,THUMB
55.29531,11.77366,18.86124,21.6014,THUMB
53.84329,12.58489,19.2398,21.65028,THUMB
52.71801,13.31328,20.18253,22.41924,THUMB
50.93808,14.98643,22.43209,24.26177,THUMB
50.15884,15.70334,23.42663,25.23657,THUMB
50.6862,15.47526,23.34098,25.09168,THUMB
51.23287,15.95983,23.41551,25.11969,THUMB
51.11676,16.35927,23.26556,24.80527,THUMB
50.68375,16.50952,23.00587,24.9546,THUMB
51.58586,16.10625,22.25529,24.87646,THUMB
53.6312,15.03102,20.79419,24.14063,THUMB
54.78641,14.76718,20.17434,23.92361,THUMB
55.80399,14.71075,19.97567,23.69213,THUMB
55.89903,15.04366,20.22158,23.74232,THUMB
56.18152,15.00045,20.29918,23.42379,THUMB
57.83885,14.39852,19.38947,22.15285,THUMB
58.69346,14.0685,18.83788,21.64938,THUMB
58.98376,13.60152,18.28217,21.09561,THUMB
59.26759,13.20887,17.91546,21.00079,THUMB
60.42831,12.98113,17.68877,20.84309,THUMB
61.06835,13.44202,18.28416,21.58191,THUMB
59.15322,14.77285,19.29711,22.86083,THUMB
55.73641,16.92303,21.68276,25.01384,THUMB
53.24465,17.95225,23.58797,26.29977,THUMB
52.02367,19.63419,25.76191,27.38777,THUMB
51.30892,20.61323,26.38844,27.6757,THUMB
52.37445,20.58174,25.64023,27.62548,THUMB
52.83665,20.44544,25.19174,27.65635,THUMB
54.39402,19.54466,24.55617,27.65941,THUMB
54.72106,19.18145,24.31604,27.56054,THUMB
54.24638,19.1173,24.29877,27.44634,THUMB
53.90713,19.1972,24.45552,27.3907,THUMB
53.79645,19.3826,24.82192,27.29366,THUMB
53.74657,19.38071,24.87775,27.28704,THUMB
53.63656,19.13873,25.04268,27.52389,THUMB
54.23367,18.36049,25.15139,27.67579,THUMB
53.40304,17.60586,25.95056,27.47116,THUMB
51.98745,16.91198,27.95856,27.04341,THUMB
53.80313,14.6084,28.36768,28.31837,THUMB
54.38517,14.44343,27.75593,28.80937,THUMB
53.90755,14.32463,27.12372,29.76687,THUMB
53.75617,15.29844,26.93597,29.54342,THUMB
52.0064,16.56436,26.75299,29.56777,THUMB
52.11506,17.32994,26.91857,28.96277,THUMB
49.56972,20.15354,27.59338,28.41788,THUMB
50.28615,18.76612,27.83432,28.4804,THUMB
49.7243,19.06203,27.90062,28.3909,THUMB
50.64483,17.61606,27.71596,28.59982,THUMB
50.33275,18.35356,27.69361,28.37841,THUMB
50.21358,19.14885,27.75599,28.03933,THUMB
49.6357,21.801,27.73194,27.94586,THUMB
51.88671,39.60385,27.49349,28.41397,THUMB
53.22369,50.87664,27.38006,28.98156,THUMB
53.61512,51.59068,27.25933,29.34082,THUMB
51.38479,50.16817,26.86319,29.55414,THUMB
42.84046,19.3531,25.60311,28.44574,THUMB
41.11868,21.21968,24.87809,27.81353,THUMB
41.16992,19.68609,25.7028,27.60682,THUMB
41.26085,19.91324,27.28293,27.3926,THUMB
41.24068,19.88667,27.96317,27.27583,THUMB
42.31146,19.62812,27.66081,27.04542,THUMB
43.49416,20.07191,26.97715,27.00281,THUMB
43.0834,20.90634,26.76977,26.98445,THUMB
43.49702,20.95261,26.73495,26.82069,THUMB
43.69355,20.73046,26.56369,26.98897,THUMB
45.81844,19.90783,25.94921,27.32505,THUMB
47.77266,19.15852,25.65387,27.45353,THUMB
48.18126,19.19416,25.50572,26.71852,THUMB
48.93546,19.05005,25.59508,26.34936,THUMB
48.1538,19.44334,26.1393,26.85189,THUMB
47.4366,19.4447,26.40745,27.43946,THUMB
47.63926,19.13284,25.88497,26.87218,THUMB
47.76265,18.67277,25.2839,26.30086,THUMB
47.36228,18.94131,25.36979,26.09934,THUMB
47.12574,19.29524,25.6232,26.36695,THUMB
46.44008,19.65072,26.02247,26.80268,THUMB
45.62648,20.00645,26.30033,27.26262,THUMB
46.51789,19.64915,25.97465,27.55713,THUMB
47.17416,19.4153,25.59787,27.00632,THUMB
47.0854,19.46062,24.97375,26.34774,THUMB
50.19649,18.59616,23.1111,25.00727,THUMB
55.17766,16.45852,21.10577,23.83591,THUMB
60.1891,15.74929,19.29779,23.47831,THUMB
60.76723,15.66622,19.19281,23.7446,THUMB
60.11586,15.86675,19.71996,24.26393,THUMB
58.67649,16.14169,20.21762,24.75065,THUMB
57.98238,15.99734,20.20727,24.70655,THUMB
58.36985,15.71299,20.01431,24.48684,THUMB
60.83953,14.3879,18.88676,22.72133,THUMB
62.38568,12.22556,17.69518,21.03685,THUMB
61.28344,10.80689,16.52924,19.72487,THUMB
58.61343,11.88743,17.25501,21.16427,THUMB
56.22172,13.60139,19.261,23.33461,THUMB
53.74739,15.26987,21.77338,25.55197,THUMB
51.81086,16.33895,23.85892,26.91518,THUMB
51.04408,16.08088,24.25492,27.65077,THUMB
51.85979,15.11567,23.4459,27.64002,THUMB
52.49433,15.12883,23.25039,27.54237,THUMB
52.82942,15.15983,23.02999,27.66091,THUMB
53.99355,14.86379,22.03608,26.9444,THUMB
55.45993,13.72382,21.63449,25.67371,THUMB
56.40193,12.34568,20.35712,23.88325,THUMB
56.09036,11.95266,19.90063,23.56885,THUMB
54.52382,12.83495,22.05983,25.68407,THUMB
51.90393,14.65258,24.74395,28.281,THUMB
47.2154,17.26676,27.42013,31.02602,THUMB
47.6272,17.00128,26.96124,31.40351,THUMB
49.41372,15.6552,25.66196,30.27851,THUMB
50.54104,14.57856,24.97789,29.36494,THUMB
51.2744,13.84474,24.0831,28.37741,THUMB
51.13717,14.03674,23.52428,27.94273,THUMB
51.02478,14.49847,23.48418,27.67443,THUMB
54.17171,13.01828,19.89478,23.82542,THUMB
58.0736,11.49559,16.87465,20.43353,THUMB
60.54177,11.07729,16.00715,19.3877,THUMB
60.71958,11.87335,17.22221,21.88311,THUMB
59.23125,13.15361,19.50956,24.48969,THUMB
55.62438,14.57304,21.66526,25.90986,THUMB
52.78593,16.00247,23.51454,26.75057,THUMB
49.56371,18.53562,26.52684,27.40519,THUMB
48.76529,20.86091,28.10439,28.05261,THUMB
48.38331,21.68187,28.02131,28.26865,THUMB
49.60642,20.51246,26.27126,28.38304,THUMB
50.4637,19.34862,24.73184,28.28758,THUMB
50.02189,19.77667,24.73876,28.07867,THUMB
49.18408,19.65723,24.44172,28.35464,THUMB
51.79494,19.72295,25.65759,29.1758,THUMB
55.13372,21.41948,27.00644,29.22026,THUMB
60.40327,22.10495,28.56333,27.42,THUMB
63.01123,21.84981,28.7124,26.26341,THUMB
62.56705,21.5657,27.98288,26.83881,THUMB
62.5669,21.62895,27.68867,26.86719,THUMB
61.48989,21.60962,27.62057,27.401,THUMB
61.43396,21.56925,27.60038,28.18804,THUMB
62.00905,21.52425,27.76507,27.75069,THUMB
63.31145,20.04321,27.24502,26.83716,THUMB
62.56763,17.64977,28.03497,27.63834,THUMB
60.13572,17.3311,28.95121,28.09991,THUMB
57.0771,18.35597,29.32591,27.68547,THUMB
54.62252,19.97807,28.55424,28.48152,THUMB
52.93157,20.92272,28.77201,28.15034,THUMB
53.2107,21.0683,27.539,27.93576,THUMB
52.41936,19.31621,24.91168,27.44049,THUMB
48.90741,18.43756,24.05713,26.27892,THUMB
46.98905,18.12165,24.10121,26.0403,THUMB
47.07197,17.82042,24.00935,25.89798,THUMB
47.85904,17.20711,23.84399,26.19657,THUMB
47.4665,17.44954,24.52124,26.50217,THUMB
47.0217,17.33705,25.02495,27.04204,THUMB
46.54713,17.22707,25.10845,27.20107,THUMB
46.22798,17.18087,24.80589,27.59283,THUMB
45.83922,17.68918,24.47848,27.51905,THUMB
46.5294,17.24737,22.94231,26.23742,THUMB
46.03883,17.81225,22.86868,25.84617,THUMB
49.58994,18.93636,23.66394,25.92467,THUMB
50.47179,19.45782,24.24072,26.5221,THUMB
52.24512,19.65779,24.00438,26.56669,THUMB
51.25192,20.28094,24.48124,26.611,THUMB
51.35918,20.1654,24.53983,26.78853,THUMB
52.23673,19.44251,24.21402,26.90741,THUMB
54.56168,17.9561,22.9733,25.7865,THUMB
55.21571,17.67511,22.61324,25.32071,THUMB
55.04301,17.57358,22.83843,25.11502,THUMB
54.79361,17.41669,23.24243,25.19821,THUMB
54.48658,17.36656,23.55241,25.51481,THUMB
55.51826,16.63205,23.16808,25.55604,THUMB
58.77862,15.56168,21.70813,24.83348,THUMB
62.37181,14.43178,19.93983,23.76073,THUMB
64.33218,13.8711,18.64048,22.68227,THUMB
63.25864,13.38577,17.45579,21.52212,THUMB
60.67368,13.3498,17.32458,21.32059,THUMB
59.60766,12.97444,17.2323,21.03524,THUMB
60.47094,11.41056,16.04688,19.53518,THUMB
61.55843,10.92878,15.86131,19.18117,THUMB
62.79826,10.25373,15.80973,18.90709,THUMB
63.38743,10.08939,15.86678,18.94085,THUMB
64.15385,10.09551,15.54867,18.54856,THUMB
63.64197,10.4438,15.6393,18.75315,THUMB
62.93308,10.27129,15.64473,18.88918,THUMB
61.16179,10.46463,15.80422,19.61835,THUMB
59.05851,10.65898,15.94645,20.08782,THUMB
57.87711,10.65935,16.11914,20.22831,THUMB
58.15624,10.89426,16.45797,20.7245,THUMB
58.57724,11.30094,16.95227,21.32577,THUMB
57.99133,12.26599,18.16109,22.94202,THUMB
57.59362,13.25708,19.92331,24.78109,THUMB
57.80433,13.58286,21.67811,25.9572,THUMB
57.64643,13.50268,21.93074,25.9705,THUMB
56.61672,13.59286,22.40366,25.44637,THUMB
54.98347,14.70592,24.29986,25.55325,THUMB
52.52297,16.11469,25.85706,26.34684,THUMB
49.91111,17.87843,26.97177,27.2483,THUMB
47.93435,19.44285,27.74054,27.62492,THUMB
47.78035,19.43871,27.85383,27.91323,THUMB
48.37235,18.77236,27.69315,28.39714,THUMB
49.85015,17.59978,27.35839,28.56345,THUMB
54.33846,15.57279,25.62785,28.01706,THUMB
57.31016,14.3906,23.81567,26.9318,THUMB
62.50139,11.7518,19.07366,23.44622,THUMB
63.43606,10.82453,17.09204,21.28401,THUMB
60.97603,10.80013,16.85054,20.61673,THUMB
55.47383,10.86444,17.22424,20.30893,THUMB
52.03909,11.36479,17.73691,21.0372,THUMB
52.47823,11.36999,17.50649,20.73438,THUMB
54.77071,10.65885,16.71791,20.17889,THUMB
54.6105,11.0754,17.002,20.19771,THUMB
53.69048,11.40133,17.49521,19.08124,THUMB
54.77784,11.01548,16.37407,16.56833,THUMB
58.80079,10.4607,17.48327,16.61855,THUMB
64.29071,8.707345,17.1433,16.89288,THUMB
64.63099,9.012166,16.46795,17.46498,THUMB
63.53197,9.514402,16.21652,18.15432,THUMB
62.2523,9.878424,16.14358,18.59981,THUMB
61.36825,10.08491,16.15829,18.87986,THUMB
60.96892,10.13153,16.14532,18.93006,THUMB
60.0703,10.36498,16.31456,18.98438,THUMB
59.51981,10.56354,16.40217,18.95155,THUMB
57.36732,11.21572,17.28464,19.76223,THUMB
54.2246,12.43858,17.3107,20.9258,THUMB
50.8314,16.14409,18.95579,25.52295,THUMB
49.2257,15.91672,21.24495,27.858,THUMB
48.70974,16.09591,23.22561,28.86526,THUMB
48.57153,18.5044,23.81926,28.72834,THUMB
50.79548,18.56761,22.8323,26.84534,THUMB
51.9494,17.60147,21.7847,25.77591,THUMB
51.63915,16.55431,20.39161,24.19723,THUMB
51.44185,16.10977,19.76447,23.64437,THUMB
50.49659,16.50043,20.07889,23.81793,THUMB
49.69482,17.27559,20.91463,24.44592,THUMB
48.61548,18.06274,21.85886,25.35032,THUMB
47.31841,18.4215,22.26147,25.89213,THUMB
46.63717,18.80554,22.67266,26.41174,THUMB
45.99335,18.97645,22.88847,26.67676,THUMB
45.01035,18.85281,23.58231,27.05851,THUMB
44.42538,18.74701,24.07809,27.11944,THUMB
44.33889,18.19523,24.76343,26.9784,THUMB
44.79644,17.75579,24.94581,27.32829,THUMB
45.53556,17.83232,25.14329,27.61545,THUMB
49.01546,17.87854,25.34082,27.37074,THUMB
50.83835,17.51684,25.16443,27.03573,THUMB
51.94463,17.32067,24.81987,26.60748,THUMB
51.72828,17.35181,24.22113,26.33113,THUMB
52.29665,17.0056,23.42094,25.91145,THUMB
52.64836,16.51219,21.79626,25.11962,THUMB
53.4484,16.21484,20.8711,24.45442,THUMB
54.71782,16.09428,20.06961,23.7618,THUMB
55.24735,15.98956,20.40384,23.59313,THUMB
53.33761,16.55409,21.85496,24.11394,THUMB
51.24547,18.49964,23.16116,25.73525,THUMB
52.31878,19.18797,24.31986,26.97653,THUMB
55.07331,19.49831,25.07196,27.66012,THUMB
61.86579,19.41313,25.9828,28.23255,THUMB
67.77139,18.24186,25.23714,27.32426,THUMB
69.78551,16.37129,23.33688,26.2795,THUMB
70.58613,14.15033,21.29506,26.30469,THUMB
70.11372,12.76571,20.18651,26.77841,THUMB
69.24928,12.72935,20.02702,27.624,THUMB
67.43221,13.99667,21.12428,28.50211,THUMB
62.3249,16.75604,24.93443,31.891,THUMB
64.38913,16.36814,24.97544,30.22133,THUMB
60.99485,19.40054,25.77634,26.50742,THUMB
56.08923,21.21521,27.94438,27.27822,THUMB
48.17068,21.24059,28.94918,28.99475,THUMB
42.7683,20.40255,28.99534,30.41464,THUMB
41.82249,22.21734,29.8841,28.94545,THUMB
42.75948,23.96358,29.01532,28.2496,THUMB
42.77482,22.64614,28.6868,29.17582,THUMB
41.54068,21.38334,27.57786,28.60719,THUMB
