40.71953,9.844246,68.14339,20.71853,TWO
39.88108,50.02869,30.84637,28.31753,TWO
40.67274,16.13783,61.90291,25.22335,TWO
37.20615,15.29006,65.11236,23.18424,TWO
40.24431,14.92711,68.10223,25.02531,TWO
42.20737,15.93462,68.53706,23.74957,TWO
45.221,16.14148,67.17495,21.83458,TWO
45.2112,15.66134,63.40577,20.62541,TWO
45.51535,14.75335,60.25687,20.12865,TWO
45.54129,14.47421,58.88935,20.08267,TWO
45.33301,14.42529,59.15485,20.67537,TWO
44.45866,14.79113,59.98755,20.7669,TWO
44.10428,14.63829,60.742,20.97048,TWO
44.35445,14.47863,60.79963,21.00834,TWO
45.39503,14.58047,60.43558,20.7589,TWO
47.05202,14.98719,58.85265,20.25867,TWO
48.21989,15.14634,58.39613,20.17723,TWO
48.46004,15.14368,58.06149,20.14326,TWO
49.21965,15.37119,58.25756,20.7196,TWO
49.19086,15.20446,59.03091,20.87033,TWO
48.91967,15.14994,59.57859,21.13211,TWO
48.57359,15.30029,60.7307,21.66977,TWO
48.34761,15.39515,62.0946,22.21736,TWO
47.16746,15.46082,64.45487,23.38592,TWO
46.26369,15.93001,67.2055,25.33399,TWO
47.43011,16.29116,68.20623,26.80198,TWO
47.29575,16.25358,68.83907,27.98988,TWO
43.83346,15.28634,69.54264,29.97782,TWO
40.83403,15.30407,69.12537,30.66077,TWO
36.95093,14.90122,67.70823,30.37058,TWO
36.1074,14.03154,66.41428,28.69627,TWO
36.40606,12.98334,65.59056,26.92424,TWO
37.949,11.71198,66.10875,26.68564,TWO
37.72818,11.14353,67.5567,27.1707,TWO
37.22878,11.6667,68.75885,28.72457,TWO
37.54991,12.71344,66.92333,26.85217,TWO
37.32506,13.55592,64.0359,24.43155,TWO
36.91162,14.62258,59.65652,20.31953,TWO
36.76798,14.79486,59.68919,19.36487,TWO
37.55994,14.47748,65.7927,22.87592,TWO
39.65055,13.98862,70.40897,26.14946,TWO
41.91205,14.88084,69.81528,27.90317,TWO
43.71997,15.53029,69.1357,29.58224,TWO
45.4437,16.33106,69.05038,28.89149,TWO
47.12339,17.70272,67.92241,27.77101,TWO
48.12677,18.14535,66.67381,26.93591,TWO
48.81559,18.11521,64.0422,25.21411,TWO
48.63903,17.90195,64.47607,25.05182,TWO
47.42237,17.20414,64.99095,25.35794,TWO
46.18656,17.0336,65.97089,25.82902,TWO
42.34075,16.49878,68.44916,26.76119,TWO
40.05447,14.89557,69.15022,27.55712,TWO
38.0928,14.13642,67.76845,25.97214,TWO
37.46178,14.40318,68.03055,25.66207,TWO
37.81406,14.50832,68.56316,25.93355,TWO
38.79575,14.18497,69.47796,26.49937,TWO
40.30247,14.25823,70.05495,26.97679,TWO
40.96219,14.69231,70.3875,27.29125,TWO
41.53931,15.16299,71.14377,27.6123,TWO
42.12758,15.75735,70.00311,27.22056,TWO
41.07447,16.50352,68.97631,24.9962,TWO
38.17835,18.45416,66.95586,21.72884,TWO
35.65902,18.60585,66.43251,21.73442,TWO
35.08647,18.66576,64.75481,20.30786,TWO
34.17482,18.84741,66.69505,20.39609,TWO
32.86667,18.1432,64.3812,19.4373,TWO
32.07336,17.91294,61.46056,18.55965,TWO
31.9448,18.07437,61.16377,18.47197,TWO
33.02924,17.97335,61.64482,17.34408,TWO
35.00892,17.99357,61.20407,15.85336,TWO
38.29499,18.39532,62.61331,16.40221,TWO
39.97023,18.37185,64.47009,17.70049,TWO
40.62368,18.22273,66.05355,18.78845,TWO
42.10569,18.66666,65.67796,19.20799,TWO
42.91479,19.60436,64.70583,19.24843,TWO
44.19221,19.80485,62.55995,19.20737,TWO
44.85043,18.78816,59.81197,17.54476,TWO
45.24588,17.87286,58.17538,16.93987,TWO
45.62392,17.41563,58.38406,17.59464,TWO
45.26866,16.8576,60.45211,19.33028,TWO
45.08433,16.61728,65.67223,23.79039,TWO
45.04045,17.09104,69.35864,26.9518,TWO
45.00856,17.44987,71.20113,28.77798,TWO
44.83566,17.66494,71.51344,29.27222,TWO
44.86359,17.79984,71.04255,29.57158,TWO
44.72704,17.93682,70.56345,29.27564,TWO
45.04811,17.88848,70.22365,28.37025,TWO
45.94559,17.76544,69.2312,27.0496,TWO
47.19197,17.83679,67.92148,24.98803,TWO
48.09027,18.05421,66.95972,23.83271,TWO
48.27419,18.04584,65.73009,22.67134,TWO
47.54384,17.70454,63.71586,21.37206,TWO
46.35049,17.3511,61.31849,19.60819,TWO
46.10486,17.26887,59.7929,18.50848,TWO
46.1237,17.12795,59.56032,18.42076,TWO
46.42539,17.22153,60.42862,19.08669,TWO
47.39165,17.90899,63.48849,21.93269,TWO
47.40459,18.41532,66.04726,24.05921,TWO
46.57903,17.56702,65.86355,24.20488,TWO
45.81461,16.00237,64.577,23.49796,TWO
42.52012,16.35229,67.7367,25.37307,TWO
40.85015,16.47532,69.30602,26.84304,TWO
38.93735,15.40972,68.78619,26.09089,TWO
37.04683,14.57176,66.38109,23.01173,TWO
35.67324,14.46876,65.50001,22.17705,TWO
32.74103,11.49817,67.74823,25.14274,TWO
29.50891,8.607406,67.90964,27.42099,TWO
29.28197,9.143874,70.89159,29.79634,TWO
29.65298,9.117597,72.3214,30.40489,TWO
32.01546,9.625186,69.2221,26.12548,TWO
35.07518,12.73541,59.74911,19.46296,TWO
35.97759,14.87549,57.36033,19.00005,TWO
38.08228,15.2491,67.96813,21.9558,TWO
41.8093,17.00301,70.44141,24.2794,TWO
46.50309,18.91514,70.8316,25.20444,TWO
52.22074,20.69781,66.7765,24.5513,TWO
52.34808,19.82635,58.53209,21.36692,TWO
51.31679,19.02494,52.41045,17.76222,TWO
49.62784,17.45875,49.0055,17.15413,TWO
49.23602,16.71629,48.92539,17.40549,TWO
48.64455,16.56145,50.94952,18.95492,TWO
48.9577,16.93698,53.24616,19.56443,TWO
49.53029,18.61271,56.08832,19.30844,TWO
50.86003,19.52442,59.41975,22.02853,TWO
48.97163,19.82119,65.67455,25.6946,TWO
45.43273,18.99014,69.49432,28.07677,TWO
41.0407,17.52556,70.50935,27.98695,TWO
38.51427,15.7047,69.22701,26.08442,TWO
37.24855,14.88769,68.24083,24.18638,TWO
36.59092,14.46467,67.30375,21.74689,TWO
37.06534,14.23107,66.30331,20.23173,TWO
37.28994,14.17512,63.02978,20.24694,TWO
37.31741,14.35424,60.65445,20.08401,TWO
37.96141,14.61841,62.70566,21.29078,TWO
39.32232,15.83849,66.46101,23.46608,TWO
41.90115,17.70259,70.36317,26.16255,TWO
44.85434,18.69852,72.34521,28.30307,TWO
45.18711,18.66224,73.10392,28.98977,TWO
44.23918,18.55653,72.03849,29.61173,TWO
40.2578,17.63138,70.07836,29.59262,TWO
37.7818,14.70174,67.00606,28.10442,TWO
36.8856,12.79973,62.63884,25.07234,TWO
35.52829,11.75836,48.19387,21.95329,TWO
35.35193,16.21084,35.14915,18.55774,TWO
34.19066,17.44207,24.9693,17.89111,TWO
35.59216,19.23262,20.94236,18.86859,TWO
37.01499,18.99355,35.57958,17.89492,TWO
34.84558,13.15197,60.53013,20.26941,TWO
34.59651,13.65988,67.55486,26.50753,TWO
38.20889,16.6819,74.08004,30.39843,TWO
41.3831,18.98322,71.63423,27.77075,TWO
45.60948,19.01768,57.19258,16.54745,TWO
46.58987,18.42955,50.04164,13.82686,TWO
47.03554,18.13914,47.05402,13.89275,TWO
47.11433,17.15904,46.52907,14.0896,TWO
46.29557,15.66808,47.18636,15.43901,TWO
46.17312,14.8788,46.02287,18.73871,TWO
44.74798,14.89198,42.6085,25.55535,TWO
44.27625,15.15687,41.0503,28.20287,TWO
43.81577,15.40611,41.72533,26.7201,TWO
44.15909,15.94741,44.92456,22.1424,TWO
43.89025,15.59397,43.02269,23.0148,TWO
44.27006,15.58804,37.61996,28.46079,TWO
44.02329,15.90131,34.55069,33.08695,TWO
44.06192,15.97024,33.53266,34.82981,TWO
44.17085,15.98067,33.86536,35.01664,TWO
45.46254,15.43661,31.77071,37.28913,TWO
45.62548,15.8895,32.22246,36.90374,TWO
44.50925,18.41116,36.91243,30.96218,TWO
43.85168,19.18126,49.89853,20.55798,TWO
40.09974,16.41817,68.69221,23.25074,TWO
37.34225,13.92867,77.00011,30.50502,TWO
35.61602,11.56197,73.29648,28.48272,TWO
35.46892,11.28805,71.24146,26.5058,TWO
37.01501,11.7553,68.49217,24.41048,TWO
38.76685,12.33934,70.15784,23.62675,TWO
39.38179,12.99455,71.21565,23.59884,TWO
41.02055,15.56143,65.80556,19.98567,TWO
45.29636,17.66038,57.66556,16.22277,TWO
47.88779,17.87575,50.90879,13.65211,TWO
49.12141,19.09446,48.16744,12.63554,TWO
49.56946,19.78127,48.06612,12.79785,TWO
48.35505,19.77631,48.48594,13.37246,TWO
47.17006,19.5927,49.57176,13.98039,TWO
46.88718,19.6256,50.54227,14.91687,TWO
46.64056,19.62876,51.1445,15.19968,TWO
46.60426,19.02651,51.5791,15.45875,TWO
47.62978,18.38888,51.11724,15.60902,TWO
47.78314,17.72198,52.02608,16.03696,TWO
44.31396,16.56713,60.32116,18.90008,TWO
40.12953,15.76642,69.98039,24.57151,TWO
38.09048,14.31483,74.71004,27.69913,TWO
35.39246,11.52477,76.75041,26.93602,TWO
34.2082,10.78533,75.4402,24.47507,TWO
33.64685,11.32996,72.9346,23.92723,TWO
33.16814,12.71535,70.27519,23.32938,TWO
33.08803,13.38719,70.00278,22.82388,TWO
34.19823,14.27768,71.60351,23.27795,TWO
36.30991,13.77796,72.99706,24.11683,TWO
37.83608,14.27124,72.76183,23.9924,TWO
40.88626,16.13944,68.09241,21.75797,TWO
45.41162,17.81581,57.58636,17.13582,TWO
48.1031,18.60491,49.25974,14.25489,TWO
49.7298,19.59894,47.83242,13.63598,TWO
49.92709,19.96811,47.72023,13.5585,TWO
49.8703,20.03228,47.7816,13.7594,TWO
49.20982,19.62565,49.71913,13.97228,TWO
47.59749,19.34935,55.23192,15.58913,TWO
43.32311,19.81681,64.43549,21.17566,TWO
35.48425,16.93292,68.54907,28.13616,TWO
41.6794,15.87929,72.16476,18.63695,TWO
53.64367,18.50294,68.23853,19.08575,TWO
58.69454,22.70414,66.76195,21.48146,TWO
59.81997,24.94206,70.74673,22.5624,TWO
57.54702,26.51432,72.68417,23.09133,TWO
55.04657,25.968,72.94375,24.14771,TWO
52.59907,25.04951,72.68715,25.65361,TWO
52.69389,24.51014,72.53795,26.47331,TWO
55.92718,24.49542,72.82697,27.48325,TWO
58.31092,24.52886,73.19633,28.0419,TWO
59.46767,25.06789,71.84483,27.52692,TWO
60.14772,25.94896,71.74634,25.20276,TWO
58.44693,26.22539,72.28342,25.62658,TWO
57.12678,25.51761,65.55762,25.16046,TWO
55.58918,25.33202,65.45764,25.30384,TWO
54.34634,25.15566,70.27191,22.82718,TWO
52.83506,24.4928,72.91371,20.8087,TWO
53.27285,24.14915,73.56281,18.84822,TWO
54.3906,24.14649,74.29704,17.77881,TWO
55.1057,24.19364,73.92711,17.35046,TWO
55.40125,23.89744,71.19624,16.45597,TWO
55.49647,23.875,69.11297,17.20189,TWO
56.21603,24.38618,69.94343,19.59742,TWO
56.64359,24.50815,68.90818,22.63434,TWO
57.06443,25.2807,71.56427,25.66642,TWO
59.01224,26.85789,71.20261,27.04823,TWO
58.2353,27.63421,72.20527,27.94906,TWO
56.80547,27.02008,72.551,28.52284,TWO
55.42654,25.86473,72.44373,28.44484,TWO
55.12064,25.64995,72.39111,27.96586,TWO
56.08454,26.09233,72.49762,27.27584,TWO
56.65533,25.96916,73.67316,26.31614,TWO
55.14003,25.37773,75.08228,25.12874,TWO
54.46763,23.90042,69.02522,21.84605,TWO
53.69273,22.48674,64.34007,20.75858,TWO
53.75093,20.13994,56.91485,18.87492,TWO
52.34565,18.86804,46.75672,21.24098,TWO
53.17752,17.89584,26.52897,35.71396,TWO
53.63702,17.55862,16.45149,47.08862,TWO
54.45247,18.45623,15.98573,48.57822,TWO
54.71811,19.84114,18.30036,47.91835,TWO
53.57547,20.54376,31.91715,37.21502,TWO
54.92031,21.17474,37.94981,32.7152,TWO
56.77542,21.39363,56.90309,21.35779,TWO
56.05311,22.31497,77.94614,21.4699,TWO
56.04891,23.79241,76.9407,21.57178,TWO
54.17394,25.00719,75.58473,24.90086,TWO
52.35219,25.49757,73.85912,27.10123,TWO
52.67657,25.36496,73.74641,26.29229,TWO
53.80045,24.58487,71.53767,22.53946,TWO
51.32266,22.65411,74.21211,21.42068,TWO
47.17986,19.06403,75.45631,21.22209,TWO
41.64704,14.11864,76.03516,21.74657,TWO
35.72963,31.47143,50.28127,21.91574,TWO
29.49774,57.52784,34.27644,26.80453,TWO
34.85418,60.25115,32.78241,28.51393,TWO
38.09433,57.72427,34.17768,28.89374,TWO
38.25596,55.56285,34.92913,28.76452,TWO
36.61887,53.69945,30.97329,31.80842,TWO
30.25819,36.38203,41.33507,23.87469,TWO
50.8961,16.96089,54.2298,19.32684,TWO
57.80098,15.85161,42.27137,21.35463,TWO
65.19065,12.25226,16.19591,35.80351,TWO
43.78019,14.27303,11.69054,43.52788,TWO
38.7704,17.88192,19.52001,74.75833,TWO
44.40789,20.20964,22.84182,41.89639,TWO
47.08829,21.01578,50.45028,20.0757,TWO
49.9306,20.92066,64.09479,16.83489,TWO
49.78537,20.71861,64.47022,17.14959,TWO
49.09627,20.22188,65.32899,20.4696,TWO
45.63526,19.51637,67.10191,24.39292,TWO
41.59695,18.04803,69.033,26.92882,TWO
37.32936,16.28238,67.04802,29.51975,TWO
35.29729,15.61106,65.76676,31.12685,TWO
34.48182,16.71366,67.99999,31.12908,TWO
35.85776,16.93129,70.33826,30.44333,TWO
44.32319,19.63532,64.24903,24.21623,TWO
49.01196,19.88267,54.39605,17.4142,TWO
48.81592,19.75299,48.06234,13.85733,TWO
46.63724,19.41739,46.50053,12.68293,TWO
45.20559,19.21284,47.33381,13.64112,TWO
43.57273,18.88315,46.79146,14.55932,TWO
45.9602,18.07013,47.7131,13.69613,TWO
44.27305,12.11647,55.26354,15.37248,TWO
43.55399,16.75824,66.76025,20.89483,TWO
40.36263,17.11449,73.32632,23.48664,TWO
38.17183,18.0068,76.09531,25.63736,TWO
36.83638,19.15577,73.87069,25.26805,TWO
36.54062,19.78174,70.68489,23.92155,TWO
36.71946,20.05916,68.52988,22.95712,TWO
37.54028,19.22032,67.6797,23.1003,TWO
39.67281,17.36305,69.35088,23.50018,TWO
43.12281,18.86471,69.47658,23.49371,TWO
46.5878,19.62416,63.92157,20.27742,TWO
48.85421,18.69188,50.10637,15.644,TWO
48.50172,18.76386,46.88227,15.69988,TWO
47.37285,19.43899,47.28895,16.0616,TWO
45.11163,19.46227,48.99992,17.22505,TWO
44.82944,19.07728,49.47218,16.99368,TWO
45.83555,19.47764,49.39479,16.35812,TWO
46.90258,19.77899,49.10975,16.16992,TWO
47.03797,19.76326,49.05585,16.0624,TWO
45.52924,18.83918,49.61084,15.5096,TWO
45.08484,17.29854,50.39512,15.0849,TWO
42.82347,16.00831,51.42472,15.40987,TWO
40.87228,15.48126,52.83425,16.18514,TWO
39.13729,15.50147,54.28463,17.51338,TWO
37.74071,15.48494,54.31134,18.50779,TWO
37.24192,15.62606,55.24347,19.01804,TWO
38.29771,16.60521,56.37699,18.07481,TWO
39.74216,17.2597,57.17513,17.42719,TWO
40.76612,17.59809,56.97233,16.85708,TWO
41.69005,18.00555,56.53101,16.63796,TWO
43.78969,17.83172,54.01334,16.7405,TWO
44.32181,17.29465,52.18134,16.14869,TWO
44.1658,18.12084,51.09525,15.76467,TWO
45.27946,19.18543,50.60399,15.88316,TWO
48.09583,20.25568,52.74834,16.25116,TWO
49.93407,20.50898,53.7974,16.59837,TWO
52.32208,20.62141,56.69844,17.35698,TWO
52.70997,20.11371,58.20925,17.76346,TWO
52.10044,20.34309,59.20892,17.96363,TWO
50.8927,20.17181,58.71391,18.04611,TWO
49.02241,18.99007,55.45663,17.33307,TWO
45.45102,17.65046,51.77581,15.60343,TWO
44.24904,16.97604,50.08746,14.55731,TWO
42.44699,17.51004,52.53248,14.11462,TWO
39.48829,16.90361,53.9587,14.88794,TWO
38.25226,16.06427,52.24341,16.84073,TWO
35.9509,13.41293,42.32662,27.53933,TWO
34.32116,11.90624,22.88624,46.25934,TWO
33.86481,11.27701,18.05958,49.09649,TWO
32.48788,11.30737,12.78045,54.52991,TWO
34.50173,11.6667,12.52571,55.03376,TWO
34.92414,12.45226,12.4744,55.29553,TWO
34.01035,13.98284,11.83753,56.60416,TWO
37.05824,14.58228,10.61637,57.3558,TWO
41.55751,16.05359,12.11437,55.45916,TWO
44.73146,18.00824,20.40555,46.09534,TWO
45.71098,18.45527,47.75612,20.62343,TWO
45.50091,19.33721,56.4225,16.65523,TWO
47.9296,19.83471,58.60247,17.96417,TWO
47.69822,20.10455,63.46309,21.69759,TWO
41.90135,18.58503,74.11311,30.49847,TWO
37.32627,17.16881,75.48431,30.87582,TWO
37.11829,16.90833,72.80096,28.90337,TWO
37.19931,17.20122,67.00484,27.21393,TWO
37.28046,17.56682,63.92406,26.90943,TWO
37.92293,18.08835,60.26167,26.36065,TWO
39.48715,18.36904,52.71352,23.95815,TWO
40.37152,17.67166,48.71156,21.64713,TWO
38.48423,15.53006,50.77249,21.26339,TWO
34.78893,15.18646,54.96518,26.06496,TWO
32.66117,14.62574,53.03057,27.46865,TWO
32.23365,15.15945,49.30627,27.15309,TWO
31.62557,15.82172,44.79634,24.66455,TWO
34.96682,14.39529,45.53875,22.57071,TWO
31.67579,11.5602,54.26191,21.0593,TWO
25.88656,9.799662,53.1603,19.24737,TWO
20.16114,8.568572,50.188,19.68123,TWO
15.70716,7.77698,45.88537,21.92,TWO
12.72565,8.434612,40.70179,22.81277,TWO
11.20732,10.63915,33.08601,23.92304,TWO
14.77483,26.70195,18.87804,23.15142,TWO
23.15563,48.10927,22.39282,22.01267,TWO
32.62074,49.08214,29.25854,23.73903,TWO
38.62262,27.60772,49.78685,24.63839,TWO
43.38164,23.78679,53.0266,25.79345,TWO
43.35426,15.79635,67.14093,23.99319,TWO
42.94715,15.51732,65.12666,23.45323,TWO
40.38755,15.82768,64.51231,23.90843,TWO
39.40213,15.54416,65.863,24.93408,TWO
39.22818,15.12329,67.3568,25.35469,TWO
39.49232,14.80075,68.57225,25.15682,TWO
40.48095,14.40501,70.37377,25.11557,TWO
42.85177,15.34091,71.52371,24.70748,TWO
45.96016,17.53087,68.70083,23.84617,TWO
47.33372,18.9915,64.41599,21.77233,TWO
48.23425,18.5873,53.23131,16.87963,TWO
48.34243,19.05382,48.39998,15.41604,TWO
48.30606,19.35241,47.58529,15.63124,TWO
48.40916,19.34308,48.71847,17.24031,TWO
48.26561,19.36906,49.24428,17.87157,TWO
48.07267,19.38437,48.70889,18.05051,TWO
47.34611,19.56109,48.49352,17.43677,TWO
46.91229,19.60737,48.59502,16.832,TWO
47.01635,19.90828,48.66405,16.44089,TWO
47.56893,20.15807,49.16628,16.06444,TWO
48.03307,20.01207,51.54152,16.53745,TWO
49.17759,19.15093,52.31374,17.24128,TWO
48.34357,17.92975,57.68896,18.61475,TWO
44.64908,15.81186,65.71116,22.22964,TWO
40.86497,14.43633,69.4209,24.46183,TWO
37.76204,12.91366,72.03677,26.80392,TWO
36.86652,12.88606,71.73486,26.34115,TWO
36.79716,13.09688,72.29283,25.17513,TWO
37.46111,13.53348,72.25056,24.26289,TWO
39.25731,14.11347,72.07858,23.89986,TWO
42.9077,16.62772,70.49545,23.9501,TWO
45.27878,17.8382,68.79804,22.99852,TWO
47.49627,19.29844,63.56582,20.01077,TWO
47.2713,19.47841,58.06969,18.33304,TWO
46.30128,19.55144,51.73358,16.73916,TWO
46.53912,19.91218,50.16233,16.547,TWO
46.9139,20.10385,50.71299,16.15681,TWO
47.27645,20.11999,51.62122,16.13009,TWO
47.72955,19.86987,52.83723,16.83049,TWO
48.22287,20.002,53.33742,17.22795,TWO
48.5763,20.28178,53.86415,17.6607,TWO
48.79378,20.5083,56.55869,18.63422,TWO
47.49938,20.42028,58.89723,19.27934,TWO
45.28276,20.20312,61.70367,19.98089,TWO
44.047,20.34053,66.61092,22.27635,TWO
44.01395,20.75827,68.85555,24.24681,TWO
44.61515,20.93781,69.98498,25.4481,TWO
45.30288,20.90487,69.38417,25.63573,TWO
45.63778,20.26309,67.20772,24.94337,TWO
45.90272,20.16743,65.42295,23.39806,TWO
46.56521,20.53874,64.60523,21.8321,TWO
47.3587,22.14322,66.17821,22.58611,TWO
46.83577,23.809,66.52483,21.99028,TWO
46.36604,24.69669,66.67586,21.27008,TWO
46.31422,25.0755,66.68399,20.84564,TWO
46.05515,25.31234,67.44901,20.3912,TWO
46.32901,25.51822,67.49541,20.25061,TWO
46.60347,25.41226,65.57178,19.79489,TWO
46.82676,24.55168,62.03897,18.32485,TWO
45.63133,23.1755,60.5407,17.93798,TWO
43.15905,21.53903,61.83942,20.06823,TWO
40.26022,19.97893,62.55965,22.02162,TWO
38.69144,19.14329,63.17025,22.50895,TWO
35.55619,17.06563,66.91963,25.35882,TWO
36.52582,14.62808,73.79536,24.7941,TWO
36.24298,13.47518,76.91844,26.15414,TWO
44.84111,13.12173,79.26087,25.6518,TWO
52.56689,12.97607,75.81296,23.01516,TWO
59.00549,13.74876,65.46461,19.30955,TWO
59.49539,15.84764,54.22252,17.24583,TWO
59.80441,17.95228,45.7479,21.05612,TWO
61.64613,21.03389,38.94614,26.74058,TWO
61.37021,23.11035,43.95018,23.58439,TWO
61.45418,24.49842,54.72375,16.91422,TWO
61.91171,24.75061,61.23703,15.4671,TWO
61.92159,24.50421,60.57324,16.26055,TWO
61.80322,23.84171,56.44192,16.83868,TWO
61.08261,23.21464,52.70857,17.14824,TWO
60.10336,22.6068,50.0108,18.01594,TWO
59.62213,22.37449,48.93144,18.19807,TWO
58.32189,21.78579,48.47194,19.07223,TWO
57.70181,21.76545,49.29607,19.59903,TWO
57.3508,21.81416,49.51256,20.48997,TWO
57.80586,21.87905,47.96606,23.23671,TWO
58.65765,22.26698,46.19885,26.20112,TWO
59.41606,22.7921,45.61612,28.11501,TWO
59.25937,22.77886,44.35159,30.90517,TWO
59.78765,24.10814,55.72597,29.41392,TWO
58.94842,24.57361,63.18142,28.50965,TWO
57.74977,24.00299,69.8523,26.86239,TWO
57.0385,24.14094,73.2905,23.60799,TWO
56.71763,24.63922,74.12148,21.80337,TWO
54.82579,24.5697,75.66111,21.70499,TWO
54.08679,24.51882,75.69422,21.61881,TWO
55.27979,24.63364,70.39065,20.0505,TWO
55.96199,22.19214,64.48562,18.2764,TWO
56.90093,14.89792,41.32426,18.84293,TWO
49.97754,11.40652,52.03884,23.55421,TWO
45.74318,12.31184,63.33212,25.06182,TWO
36.88958,15.57581,67.2261,26.12519,TWO
39.4297,18.66113,60.25447,22.45271,TWO
44.59165,19.56297,51.24879,16.24574,TWO
48.3177,21.10638,50.63163,14.32544,TWO
50.45885,21.55994,50.47462,14.69287,TWO
50.84589,21.74303,52.96075,16.92469,TWO
50.22547,21.67901,56.0935,19.29479,TWO
49.69379,21.89955,58.13756,21.07091,TWO
49.8644,22.14243,57.60029,21.38327,TWO
49.92707,21.98108,59.21508,21.63179,TWO
49.40163,22.06815,62.982,23.48607,TWO
47.75137,20.61864,69.15699,27.28569,TWO
45.86891,19.73897,69.49624,28.02761,TWO
43.21335,19.65594,68.60614,27.72895,TWO
41.22305,19.94398,68.18208,27.20791,TWO
40.25311,20.15178,67.42187,26.65616,TWO
39.1578,20.27355,67.58642,25.39809,TWO
40.60948,20.01692,68.81504,25.05706,TWO
46.49662,20.14624,65.86627,23.1347,TWO
49.10551,20.29213,62.86285,21.07963,TWO
49.92022,20.82496,58.12524,18.37735,TWO
48.14502,21.22728,56.26591,17.83404,TWO
46.34311,21.91133,58.58372,17.99209,TWO
45.613,22.1138,61.20184,18.17322,TWO
44.49064,22.47872,64.71887,19.37847,TWO
43.7157,22.95882,66.13085,20.7317,TWO
42.6829,23.20551,66.73426,21.49547,TWO
42.44228,22.97519,66.78237,22.14254,TWO
42.8314,22.42088,66.35918,22.46508,TWO
43.25101,21.49593,65.75565,22.04772,TWO
45.42763,21.30438,64.60464,21.09116,TWO
46.16855,20.53502,61.81934,19.67665,TWO
45.0098,19.23,57.13171,17.78117,TWO
43.4995,19.45987,54.71534,16.36242,TWO
42.72721,19.8854,54.41747,15.93647,TWO
43.64688,20.17694,55.62771,14.79827,TWO
43.85518,20.54694,58.0313,14.60739,TWO
42.4888,20.83605,60.49682,14.98719,TWO
41.52598,20.95096,61.62288,15.1685,TWO
41.63335,21.176,63.25618,15.77754,TWO
42.6504,21.64173,64.71875,16.37295,TWO
43.00611,21.29905,64.59146,16.81025,TWO
41.3451,20.13951,63.30779,18.3014,TWO
40.25657,19.37579,62.19857,18.31213,TWO
39.14178,19.24055,62.95706,18.36967,TWO
38.40613,19.37076,63.74986,18.09517,TWO
40.41795,18.86679,62.32473,17.14036,TWO
42.32501,18.88251,62.51621,16.40069,TWO
44.02904,19.26052,62.06374,16.19947,TWO
44.42735,19.21512,60.41442,15.40524,TWO
43.3034,19.32491,60.41981,16.05523,TWO
41.78292,19.24728,61.24875,17.57647,TWO
38.46095,18.22397,51.55547,18.52198,TWO
37.64462,17.89328,40.41423,24.59991,TWO
38.39669,16.90072,22.94975,39.69615,TWO
39.20892,15.48709,11.08978,56.80907,TWO
39.62017,18.22595,34.36455,30.72225,TWO
39.76146,19.17467,44.62066,20.75587,TWO
39.017,20.34672,44.12145,22.22522,TWO
38.4811,21.26065,68.03002,21.52497,TWO
36.01089,22.23323,68.13661,21.78893,TWO
35.74759,21.69892,67.38939,23.75525,TWO
36.39114,20.72679,61.69696,21.02046,TWO
38.97326,19.23405,57.46125,16.85944,TWO
41.62173,18.98866,55.86201,13.92565,TWO
42.84776,19.14778,53.91302,12.68689,TWO
42.73662,19.7793,51.36228,12.38461,TWO
43.59793,20.53348,51.99466,12.51675,TWO
44.83029,21.94583,52.43849,14.32897,TWO
44.06818,22.8004,57.76537,15.85522,TWO
43.24266,23.09068,60.87539,17.39039,TWO
43.20968,23.11308,60.6718,17.73547,TWO
43.19738,21.92216,54.86792,16.10708,TWO
43.39385,20.55232,52.32472,14.30492,TWO
43.36263,19.58767,51.80357,13.51126,TWO
42.88464,18.98833,52.00762,13.39512,TWO
42.38888,18.17062,51.23841,13.66355,TWO
41.61845,18.54566,51.92426,14.02646,TWO
40.56411,19.76048,54.26353,14.61859,TWO
40.28179,21.92224,58.35929,16.30217,TWO
41.58665,21.68258,55.2946,16.10737,TWO
42.74562,20.26031,49.86975,13.99797,TWO
43.74086,18.68813,47.26682,14.12111,TWO
43.39592,15.97736,44.09681,16.29241,TWO
43.26008,15.32929,44.1857,18.39939,TWO
43.0306,15.19359,45.34639,18.54581,TWO
42.46989,14.75788,44.13599,19.39368,TWO
42.76478,14.61876,39.23799,23.77844,TWO
41.78047,15.90674,43.51533,19.53933,TWO
39.9276,16.84249,50.50444,15.28053,TWO
38.86023,18.18932,52.96748,13.86268,TWO
40.51909,18.94649,55.78756,14.12431,TWO
42.59515,19.30108,65.75452,17.9814,TWO
40.13619,17.38585,71.73704,22.5297,TWO
35.25089,15.29701,75.04202,26.11059,TWO
32.22765,13.95643,75.09752,27.68858,TWO
32.07948,13.86752,74.1398,27.63362,TWO
33.82585,14.56768,72.80711,25.99141,TWO
35.95433,15.06381,71.35705,24.45752,TWO
40.39139,16.66924,69.38158,22.41217,TWO
44.19748,17.17994,62.07986,17.92599,TWO
44.84331,17.83049,51.89352,14.36511,TWO
42.87897,17.82801,46.66672,14.39655,TWO
41.67218,17.81027,47.54549,17.4909,TWO
41.78902,17.51915,48.41711,18.36941,TWO
42.40595,17.25331,48.96173,18.28307,TWO
41.94833,16.91779,48.52264,17.57124,TWO
42.22724,17.82787,49.3833,17.31084,TWO
44.02409,18.36717,49.20738,16.27486,TWO
45.19218,18.38612,47.72749,15.34496,TWO
44.9059,18.32117,47.6775,15.22944,TWO
44.92987,18.28972,47.80848,15.47126,TWO
45.4063,18.30491,47.29155,15.80484,TWO
43.41724,18.76768,49.16005,16.85865,TWO
34.25704,17.74634,51.35714,21.24136,TWO
18.92302,16.93579,51.67875,25.16799,TWO
14.04683,20.7117,55.15718,23.31298,TWO
14.96185,15.38753,11.84174,22.97011,TWO
11.0356,13.81858,14.74295,16.91171,TWO
4.055358,11.5942,12.20394,15.21323,TWO
7.150666,12.01682,12.39847,14.59847,TWO
7.389368,13.33521,12.38208,14.99822,TWO
14.30794,12.41996,15.52067,22.58756,TWO
28.47677,22.26987,28.29146,24.70837,TWO
41.41692,22.51434,44.05597,27.4517,TWO
47.73463,26.30963,37.21414,18.11843,TWO
47.12765,26.87616,29.13172,13.67575,TWO
47.06347,19.69309,49.4155,13.32836,TWO
47.34975,19.67336,48.05448,13.30113,TWO
47.20751,20.18786,48.2363,13.04802,TWO
46.64484,20.26198,48.96164,13.13678,TWO
46.14283,20.17807,50.18466,13.36988,TWO
45.5869,20.12308,50.82106,13.73349,TWO
45.3189,19.84324,50.45837,13.80499,TWO
44.91817,19.23555,50.61243,13.98643,TWO
44.28931,18.65336,50.4922,14.15925,TWO
43.82564,18.45098,50.38243,14.17315,TWO
44.02396,18.67837,50.54401,14.00618,TWO
43.85626,18.73062,50.3013,14.07045,TWO
43.8567,18.65582,50.2299,14.07535,TWO
43.49817,18.21604,50.03791,13.92701,TWO
43.70692,18.2602,50.96388,14.11799,TWO
44.30565,18.65101,52.4461,14.47636,TWO
44.80721,18.6818,52.80564,14.56446,TWO
44.84509,18.27361,53.02041,13.94274,TWO
45.23763,18.08074,52.7799,13.17071,TWO
45.21683,18.39543,53.30354,13.19993,TWO
44.02291,18.25306,56.2646,14.37671,TWO
40.93876,15.51449,68.55418,20.65419,TWO
36.39491,15.09389,76.35593,26.63007,TWO
33.95823,16.08859,74.36255,25.90555,TWO
30.83851,12.9272,58.93761,24.03056,TWO
27.52481,11.63423,44.38749,19.8267,TWO
28.75652,12.08397,22.98904,26.30105,TWO
33.79996,8.113677,21.41827,22.73191,TWO
40.62798,11.73705,50.32707,21.15841,TWO
36.15878,15.75598,72.02293,25.11048,TWO
35.5579,15.56302,79.21132,29.67308,TWO
38.98371,16.7364,72.52216,23.7663,TWO
43.03666,18.51316,63.53659,18.32215,TWO
52.87622,20.37633,45.94808,13.16912,TWO
52.18481,20.82299,47.42002,13.03265,TWO
49.63372,20.99202,48.91545,13.94185,TWO
47.61761,20.93538,50.591,14.53002,TWO
47.18392,20.51847,52.35101,15.60009,TWO
46.59079,20.50881,53.16227,16.19049,TWO
46.23394,20.62149,53.08871,16.33042,TWO
46.20035,20.77829,52.89938,16.38888,TWO
46.46144,20.90966,52.61634,16.44956,TWO
46.91191,20.92442,52.10051,16.41546,TWO
47.41916,20.95165,51.86895,16.40777,TWO
47.77279,21.02464,51.8271,16.2652,TWO
47.59816,21.27855,52.18009,16.29425,TWO
47.45042,21.36704,52.50808,16.25841,TWO
46.93015,21.65969,52.54473,16.30193,TWO
46.82066,22.019,52.32771,16.40037,TWO
47.37643,22.24993,50.97751,16.49063,TWO
47.98208,21.47033,48.88562,15.78848,TWO
48.19372,20.72894,47.08754,15.19031,TWO
48.91991,18.81179,47.97016,15.56899,TWO
49.64959,17.28496,48.40175,15.82557,TWO
50.07439,16.83111,48.4674,15.80776,TWO
50.90797,17.46122,50.10308,15.89224,TWO
51.16353,17.99923,51.37351,15.68814,TWO
50.73795,18.28056,51.04535,15.28779,TWO
50.23077,18.72589,50.97896,15.00208,TWO
49.71281,19.03454,50.54176,15.07028,TWO
50.13675,19.69388,50.46422,15.43787,TWO
50.16389,20.25566,50.59682,15.65614,TWO
49.68305,19.98806,53.01645,15.92066,TWO
48.09055,19.70473,52.54897,16.37771,TWO
45.91729,19.81231,56.15352,19.32481,TWO
39.97526,19.03424,63.41511,24.02308,TWO
37.45663,13.91958,73.99747,25.16456,TWO
44.16619,11.32874,77.79062,26.34388,TWO
53.39895,14.94825,61.84579,15.62895,TWO
60.3017,19.43271,50.43957,17.07951,TWO
61.72566,22.4536,44.80803,21.90766,TWO
62.63698,25.39599,55.53642,25.11356,TWO
62.5225,27.46541,69.44889,26.15814,TWO
60.99092,27.72496,79.45834,29.18722,TWO
59.56745,27.40229,81.53991,29.98175,TWO
58.56174,26.21464,79.12466,29.7688,TWO
58.07176,25.61813,77.48562,27.80729,TWO
57.71058,25.29267,76.89104,26.97876,TWO
57.83897,25.16754,77.22219,26.91823,TWO
57.53211,24.79025,77.2397,26.79877,TWO
57.08038,24.50742,76.12543,26.39847,TWO
57.67949,24.20881,75.16114,25.91477,TWO
57.82107,24.13214,75.33699,26.04775,TWO
56.51486,24.08823,76.20757,26.65915,TWO
55.2326,23.85813,76.53291,26.89061,TWO
54.41436,23.60557,76.59447,26.78934,TWO
53.97633,23.48427,76.18829,26.45107,TWO
53.50282,23.37468,75.21815,26.24882,TWO
53.42715,23.30441,74.55432,26.13292,TWO
53.46282,23.19253,73.3838,25.77,TWO
53.84554,23.1391,72.5125,25.41193,TWO
53.97549,23.16806,72.84554,25.42035,TWO
54.00721,23.01409,73.66738,25.52457,TWO
53.98969,22.90491,74.21114,25.5174,TWO
54.11,22.82001,74.32653,25.31926,TWO
54.15352,22.53557,73.15319,24.52604,TWO
54.00042,22.20643,72.36661,24.05024,TWO
53.67682,21.95638,71.1453,23.90003,TWO
53.53708,21.86505,70.45743,23.95518,TWO
53.55089,21.84966,68.79987,23.94531,TWO
54.43027,21.63981,64.97887,23.5172,TWO
55.21785,20.83701,57.56999,23.36871,TWO
55.04339,19.30548,54.48895,23.7735,TWO
54.26351,18.97549,51.01151,26.20627,TWO
51.28109,20.0634,58.59615,24.64708,TWO
48.66237,20.6232,62.78034,25.95472,TWO
45.74399,20.83569,63.72898,28.02899,TWO
44.56828,21.62538,65.82148,29.19872,TWO
45.40513,22.89409,67.15449,27.46997,TWO
45.54268,23.55346,68.23878,26.54563,TWO
45.17262,23.98689,68.21561,26.05212,TWO
44.39662,24.36942,67.53773,25.79242,TWO
44.0382,24.65374,67.26506,25.99863,TWO
43.92658,24.61656,67.17126,26.05216,TWO
44.15696,24.32672,66.76257,25.97221,TWO
44.47003,24.21433,66.27892,25.84258,TWO
44.88921,24.31859,65.96902,25.80534,TWO
45.2686,24.45562,65.7793,25.69303,TWO
45.76805,24.87614,66.3726,26.06215,TWO
45.93958,24.96414,66.92786,26.42506,TWO
46.94926,24.9649,66.94438,26.6989,TWO
47.39022,24.80635,66.61343,26.84418,TWO
48.48318,24.96818,66.341,26.87954,TWO
48.67995,24.71632,67.62403,26.74586,TWO
48.70687,24.65886,68.15282,26.8472,TWO
48.95427,25.68163,70.23786,27.34559,TWO
50.54605,24.69264,73.24989,25.83246,TWO
54.40086,17.49264,66.94106,18.85294,TWO
58.80172,14.27667,32.39057,33.03339,TWO
59.46258,12.22361,14.96915,45.48769,TWO
39.96158,16.28753,44.19145,30.36573,TWO
32.77678,19.41384,47.84361,26.60543,TWO
40.36821,20.81686,47.32348,24.46198,TWO
46.62446,20.7528,43.96449,24.66406,TWO
47.73096,20.25297,43.58592,23.58525,TWO
45.87068,19.53967,43.10017,23.4861,TWO
43.33569,18.44221,43.87904,24.06057,TWO
41.717,17.81016,59.87077,21.36459,TWO
40.60181,17.73003,63.42166,18.51307,TWO
40.51332,18.08923,64.03866,19.0089,TWO
40.47416,18.51311,64.49246,18.99527,TWO
40.22194,19.04083,65.08803,18.69743,TWO
39.73224,19.56826,65.46849,18.84001,TWO
39.57639,20.48403,65.73906,19.34143,TWO
38.82299,20.71317,65.25023,19.77988,TWO
38.0827,20.65342,64.83401,20.08886,TWO
37.61562,20.50418,64.63379,20.50212,TWO
37.82607,20.14424,63.70416,20.79947,TWO
38.19594,19.14766,63.02487,21.57784,TWO
38.22716,18.77645,63.44619,22.06858,TWO
38.53115,18.50705,63.89079,22.43114,TWO
38.63859,19.23103,65.61671,22.7329,TWO
38.49067,19.01074,68.9445,24.11992,TWO
38.67881,18.63821,70.82735,25.03909,TWO
39.05565,19.12548,71.15598,24.99964,TWO
39.11806,19.69267,71.77348,24.87715,TWO
38.91896,20.18922,73.19402,24.93693,TWO
38.86915,20.26512,73.47024,24.99247,TWO
38.66641,20.07867,73.3696,24.87182,TWO
37.9507,19.65199,73.22981,24.89137,TWO
37.39502,19.48983,72.60087,24.82804,TWO
37.13383,19.47782,71.99406,24.84844,TWO
37.31358,19.33872,71.35886,24.83282,TWO
38.43063,18.96554,70.81715,24.41072,TWO
39.32736,18.32587,70.39744,24.02151,TWO
39.82784,17.83678,70.30695,23.82202,TWO
39.6784,17.5009,70.39041,23.76514,TWO
39.79918,17.27986,70.153,23.56899,TWO
39.67939,16.53297,70.2716,23.41409,TWO
38.72432,15.55887,70.10095,23.25318,TWO
38.81046,15.75026,69.66167,22.74102,TWO
39.76514,17.05845,68.41576,21.24434,TWO
40.72839,18.01216,65.91425,20.05611,TWO
42.38282,18.8644,59.43562,18.57316,TWO
43.79163,19.42227,54.8717,17.15199,TWO
46.05169,19.96914,51.85719,15.97982,TWO
49.98535,20.56548,50.77486,14.97322,TWO
50.80629,20.425,50.75294,15.0772,TWO
51.12229,20.16052,49.73552,14.10502,TWO
50.38745,20.48449,50.3373,13.64959,TWO
49.95618,20.85202,50.84657,13.49785,TWO
49.45267,21.4121,51.6283,13.57376,TWO
49.28063,21.5554,51.72546,13.70429,TWO
49.5496,21.55113,51.33249,14.1608,TWO
49.95613,21.41608,50.55657,14.5329,TWO
50.0484,21.49262,50.16568,14.70078,TWO
49.90724,21.61851,50.57223,15.04531,TWO
49.69891,21.57734,51.11538,15.2607,TWO
49.51008,21.48048,51.60547,15.40604,TWO
49.19715,21.30078,52.1151,15.59421,TWO
49.06933,21.23183,52.42836,15.68392,TWO
48.84317,21.37836,53.18369,15.51388,TWO
48.93986,21.46895,53.53581,15.7141,TWO
49.1298,21.53026,53.38019,15.89646,TWO
49.56279,21.50762,53.00483,15.95583,TWO
49.59066,21.28357,52.14005,15.78314,TWO
49.53022,21.28506,52.07905,15.65301,TWO
49.42754,21.37891,52.37528,15.74481,TWO
49.45806,21.4425,52.42438,15.80492,TWO
49.44445,21.45712,52.30832,15.92337,TWO
49.28139,21.28487,52.32606,16.0223,TWO
49.23493,21.03651,52.53182,16.26488,TWO
48.94426,20.81066,52.68258,16.56905,TWO
48.65065,20.68378,52.49777,16.59185,TWO
48.4402,20.64139,52.33034,16.52843,TWO
48.4622,20.63137,51.86486,16.2589,TWO
48.38148,20.84201,51.96406,15.48172,TWO
48.38039,20.96647,52.20938,15.1833,TWO
48.5392,21.03199,52.46637,15.03469,TWO
47.41724,20.67451,52.98675,15.95243,TWO
47.01248,20.8021,54.36531,16.91439,TWO
46.18212,20.87751,55.68665,17.63619,TWO
44.896,20.65997,56.2073,17.86577,TWO
44.00426,20.32308,56.75673,17.90154,TWO
43.75216,19.88974,58.38313,18.40676,TWO
43.72756,19.76329,61.68131,19.77053,TWO
42.76965,19.83239,64.09275,20.86087,TWO
41.99283,20.0128,65.49953,21.5231,TWO
41.24013,20.12261,65.93443,21.24239,TWO
41.1781,20.08543,64.37243,19.94059,TWO
42.6586,20.42443,62.17472,18.87726,TWO
43.58441,20.89825,60.1275,18.27245,TWO
43.7521,21.08848,59.70614,18.28585,TWO
44.32197,21.44418,58.60452,18.09143,TWO
45.15291,21.09877,56.71328,17.41797,TWO
45.76861,20.30708,54.8208,16.3013,TWO
45.66324,20.54664,53.65012,15.36116,TWO
45.75872,20.99587,53.45559,14.32728,TWO
46.93389,21.75575,54.78133,14.49428,TWO
47.73621,21.9321,54.57147,14.44093,TWO
48.07567,21.35486,53.57466,14.64024,TWO
47.60049,20.90874,53.46391,17.01146,TWO
46.29482,20.82506,55.01022,18.29646,TWO
45.25361,20.6327,57.57787,18.96665,TWO
42.0799,19.71897,62.51915,20.34706,TWO
40.78193,19.18405,69.19573,22.8508,TWO
39.15207,19.01065,71.62833,23.84856,TWO
36.56795,19.94356,71.5012,23.89359,TWO
35.61638,20.17913,71.28996,23.95058,TWO
34.96505,19.99533,70.75766,23.42021,TWO
34.28413,19.56132,71.35094,22.91813,TWO
33.84601,18.59235,72.17558,23.35106,TWO
34.44295,18.72583,70.82304,22.31405,TWO
34.6881,18.73245,69.95952,21.72189,TWO
34.50909,18.64873,69.94554,21.88819,TWO
33.95436,18.85625,70.06272,22.20521,TWO
33.57656,18.94937,70.09362,22.4579,TWO
34.20691,18.6249,69.74065,22.92017,TWO
35.49374,18.52748,69.46254,22.21253,TWO
37.84791,19.34111,69.12011,20.7037,TWO
39.57528,19.98996,68.71139,19.82686,TWO
40.74616,20.67122,67.97618,19.24774,TWO
42.4393,20.98298,64.56581,18.18264,TWO
44.26623,20.79342,60.89873,17.19401,TWO
46.89053,20.75543,56.71002,16.2576,TWO
47.81453,20.80304,54.30506,14.68771,TWO
48.89622,20.61375,53.04884,14.41411,TWO
49.87926,20.60138,51.75101,13.71312,TWO
48.9325,20.75747,52.61628,13.55239,TWO
47.24431,20.99085,54.68377,13.6342,TWO
47.22595,20.97801,54.27502,13.82231,TWO
47.26283,21.0176,55.66136,14.22967,TWO
44.12787,21.12612,60.66581,17.10207,TWO
39.43168,20.48443,66.65929,22.3985,TWO
37.35959,19.44392,69.92626,25.98343,TWO
36.86711,18.71486,70.50322,26.94943,TWO
37.82199,18.79091,69.10162,25.73637,TWO
39.37487,19.39672,67.47355,24.12444,TWO
40.91977,20.17526,62.37743,21.07801,TWO
43.80808,21.14822,55.04911,16.56319,TWO
47.94742,21.92443,51.34447,14.13944,TWO
50.32339,21.79992,50.32068,13.77746,TWO
49.40228,21.5747,51.83536,14.72017,TWO
48.60873,21.69515,53.00911,14.54377,TWO
37.93569,19.35377,67.85036,24.43233,TWO
31.68506,17.11445,70.84474,27.49007,TWO
29.8238,16.73994,68.42217,25.92306,TWO
32.61576,17.86755,65.54882,26.04283,TWO
36.12918,18.86264,63.71602,24.71134,TWO
43.36493,20.48763,54.96274,16.73833,TWO
48.5643,21.21507,50.20679,13.5659,TWO
48.57767,21.14322,55.10245,13.4128,TWO
39.39185,20.17955,67.80795,22.67687,TWO
30.49262,17.34427,70.73005,28.06078,TWO
28.18351,17.45313,66.99008,26.83037,TWO
30.33437,17.35363,65.73624,25.81108,TWO
34.79259,18.69057,64.91484,25.19052,TWO
42.65369,19.42686,62.21587,21.62183,TWO
46.87214,19.83522,54.71679,15.98159,TWO
49.31014,20.26043,49.43927,13.40564,TWO
50.06829,20.3368,48.71285,13.17673,TWO
45.19926,19.63317,58.49479,16.98216,TWO
35.50717,18.03008,70.03104,25.52999,TWO
29.27461,16.55596,69.40746,26.89471,TWO
30.48682,16.38299,66.48636,25.76528,TWO
34.98596,18.49956,64.28437,25.03035,TWO
40.75849,20.14817,62.95536,21.96494,TWO
43.54689,20.36866,60.74974,19.49773,TWO
44.40242,20.58597,59.75814,17.95145,TWO
43.63735,20.44578,59.9507,18.07381,TWO
41.98231,20.31467,59.9097,18.16224,TWO
41.54755,19.59908,56.16341,17.13132,TWO
45.80753,20.16654,52.55198,15.78508,TWO
47.02786,20.40315,52.79337,16.57673,TWO
43.50659,20.1454,51.94756,18.54971,TWO
33.79485,16.93299,46.49355,21.68301,TWO
22.5569,16.71021,44.33236,23.32511,TWO
21.58917,16.1842,45.15813,23.31031,TWO
23.62402,15.69608,48.44719,23.59014,TWO
27.22069,15.818,51.9606,23.70894,TWO
32.60454,15.93654,51.8645,22.13643,TWO
40.96191,17.69031,51.75742,20.24914,TWO
46.60415,18.63699,50.37043,17.86085,TWO
49.11317,17.52215,34.1989,29.16031,TWO
50.21181,15.73035,17.35438,50.646,TWO
50.18618,14.72411,14.9169,56.7893,TWO
50.41417,14.7433,14.75325,56.59901,TWO
49.94988,16.16621,13.53599,56.21302,TWO
47.0941,18.74194,23.15883,42.04455,TWO
46.60962,19.90109,36.3487,29.17824,TWO
46.67655,19.89845,38.94217,26.38804,TWO
47.71027,19.11817,34.37353,29.81659,TWO
49.58573,17.29487,17.73632,47.8239,TWO
50.22628,15.90286,15.94027,51.55662,TWO
49.756,15.30458,17.05115,51.27766,TWO
48.50779,15.39388,17.02316,49.36114,TWO
47.57196,16.13507,16.22436,47.14644,TWO
47.90695,18.50781,27.36164,33.69152,TWO
44.63219,17.68681,34.16676,27.17972,TWO
33.3273,13.06665,46.3261,26.35012,TWO
42.39363,12.59257,41.55407,30.19199,TWO
50.82682,14.88832,31.2767,30.67054,TWO
51.72517,16.82288,32.29251,32.7674,TWO
50.14506,18.31313,39.64568,32.45429,TWO
49.46002,18.6321,43.25985,31.92451,TWO
48.45743,18.71811,45.33907,32.17345,TWO
48.40563,18.05804,42.41123,31.83325,TWO
51.06402,17.89293,48.45115,25.15554,TWO
53.82101,17.25579,38.13395,27.60346,TWO
54.08511,17.09225,37.23842,27.18531,TWO
54.08115,17.01696,36.62993,27.75822,TWO
53.68678,16.96453,38.84803,27.10588,TWO
53.06257,17.50301,39.0744,27.4755,TWO
52.85188,18.5834,46.96669,22.80021,TWO
54.53854,16.85043,47.20596,19.96161,TWO
59.26728,14.41788,18.259,38.30101,TWO
55.83044,12.15468,26.68646,32.21393,TWO
52.16869,11.76869,37.20592,28.7178,TWO
31.42798,17.6508,43.47757,30.11321,TWO
33.7791,19.62469,42.13912,28.49986,TWO
47.73186,20.24494,35.84548,25.12928,TWO
50.58947,19.39505,27.74202,32.04673,TWO
48.8451,19.8356,32.61068,26.52727,TWO
46.02654,20.17143,52.1478,13.29895,TWO
43.84047,19.7594,53.64151,13.72719,TWO
43.09111,19.14887,52.05191,13.56485,TWO
43.10583,19.26673,51.11297,13.96878,TWO
43.46068,19.51053,51.33131,14.79193,TWO
44.16496,19.87951,55.16472,15.5895,TWO
41.84383,20.93788,64.96915,18.82581,TWO
40.21309,21.80947,70.48643,22.06878,TWO
39.28334,22.22385,71.64738,22.5023,TWO
39.34007,22.10178,70.40876,22.04304,TWO
39.29586,21.50145,69.35678,22.09464,TWO
39.10502,20.70832,70.78368,23.199,TWO
38.34976,19.65506,71.87593,24.73015,TWO
37.67727,19.28325,71.9115,25.44246,TWO
37.57581,19.26103,71.64774,25.56462,TWO
37.6304,19.00022,71.69846,25.43853,TWO
37.81119,18.43978,71.30886,25.16701,TWO
40.38539,20.23669,70.05276,22.75142,TWO
41.09507,20.45991,69.53782,21.6113,TWO
40.5493,19.60057,68.80481,21.35273,TWO
39.47313,18.4262,68.62014,21.66244,TWO
38.53099,17.75329,68.44476,21.87462,TWO
38.10212,18.05654,68.2757,21.87916,TWO
38.00419,18.48314,67.93616,21.94106,TWO
38.5465,18.77187,67.6935,21.73182,TWO
39.22832,18.93291,67.40933,21.25201,TWO
39.91313,19.03305,67.10755,20.68606,TWO
40.36595,18.84526,66.13953,19.79744,TWO
40.65475,18.66462,65.38658,19.26736,TWO
40.76661,18.71972,64.71921,18.96682,TWO
41.28673,18.12238,60.55433,18.00182,TWO
41.82315,17.52496,56.89343,16.54223,TWO
42.25449,17.3568,53.13763,14.82388,TWO
42.31656,17.47687,50.68013,13.7384,TWO
42.76827,17.83725,49.93705,13.3076,TWO
43.21312,18.09144,49.93475,13.1639,TWO
42.4676,18.13011,51.73568,13.56058,TWO
41.50507,18.72753,53.63444,15.12121,TWO
41.28714,18.82008,54.68121,15.74443,TWO
41.12284,18.6362,55.11311,16.06455,TWO
41.14039,18.40382,54.49665,15.89205,TWO
40.96827,18.15545,54.51127,15.76273,TWO
40.96823,18.04234,54.39258,15.58304,TWO
41.0068,17.87587,54.40527,15.44892,TWO
41.24699,17.66277,54.7926,15.33431,TWO
41.40332,17.58837,54.59551,15.16905,TWO
41.53671,17.64694,54.06171,14.85505,TWO
41.73249,17.68092,53.69149,14.49948,TWO
41.93341,17.61539,52.64582,13.96094,TWO
43.67607,18.09753,51.16415,13.6384,TWO
45.33609,18.98986,50.23108,13.29938,TWO
45.9884,19.75086,56.78557,14.70069,TWO
45.24429,20.05704,61.89787,17.68764,TWO
44.57899,20.42307,65.03005,19.81885,TWO
43.2254,21.08874,67.54929,23.03236,TWO
42.60514,21.322,67.31587,24.03024,TWO
42.29802,21.18818,63.41242,23.42393,TWO
40.96561,20.54021,61.63863,24.25577,TWO
39.85196,20.19719,60.30898,24.97758,TWO
38.32693,19.6902,59.68548,25.4,TWO
35.75257,18.55338,59.66826,25.96306,TWO
32.95785,17.79943,59.59787,26.80979,TWO
31.33325,17.50727,59.20638,27.23706,TWO
29.28576,17.33353,58.5717,27.41446,TWO
28.21122,17.28568,58.33852,27.26797,TWO
28.5748,17.39233,57.78247,26.69988,TWO
29.63085,17.46422,57.82028,26.65664,TWO
30.58677,17.619,58.02249,26.71519,TWO
33.36288,18.1174,59.23186,26.91276,TWO
36.0478,18.76066,61.06414,27.01683,TWO
38.38774,19.42459,62.46877,26.87302,TWO
40.16824,20.22101,62.72544,26.44671,TWO
42.88146,21.03338,64.34456,25.50836,TWO
44.44995,21.29641,66.5483,24.98163,TWO
47.14502,21.58849,67.68535,22.14181,TWO
48.62691,21.05655,65.28031,19.2083,TWO
48.16027,19.90219,60.1012,16.15875,TWO
46.35865,19.78679,55.1153,14.37906,TWO
45.21674,20.07773,49.18424,13.6616,TWO
44.97853,20.15033,46.57053,13.33871,TWO
45.09566,20.03548,45.61755,12.78629,TWO
45.03569,20.15677,46.7675,12.52068,TWO
44.7654,20.14122,48.04169,12.53114,TWO
44.78431,19.78493,49.72476,12.55228,TWO
44.71169,19.57986,51.75989,13.09447,TWO
45.03147,19.03039,53.72087,13.75372,TWO
45.10085,17.25746,53.48133,14.65944,TWO
44.76972,16.39221,52.61917,16.03296,TWO
43.13684,14.98185,50.30738,18.16074,TWO
42.2314,14.7416,47.94939,19.71908,TWO
41.99176,15.56316,49.29939,19.29158,TWO
42.14188,16.28016,49.58632,19.60827,TWO
42.65372,16.84204,50.86933,18.57246,TWO
42.68048,17.15234,51.77715,17.92313,TWO
42.46434,17.10225,52.75309,17.60393,TWO
42.43846,17.04898,52.95349,17.33177,TWO
42.50627,16.77802,52.46752,17.2683,TWO
43.41087,16.80203,51.61612,17.32832,TWO
45.01356,17.49946,50.36143,16.65704,TWO
45.58295,18.55383,53.48995,14.68326,TWO
45.96496,19.06186,53.66267,14.34657,TWO
45.31829,19.61937,53.57989,14.70258,TWO
45.48774,20.28068,53.5846,15.07147,TWO
46.56128,21.22396,51.26311,14.82545,TWO
47.31396,21.5598,52.81182,15.57848,TWO
41.87811,21.29604,64.42622,21.66181,TWO
39.22075,20.29441,68.55832,25.41034,TWO
34.54136,19.58316,69.22145,28.64653,TWO
33.83661,18.6468,66.00706,26.32697,TWO
36.80421,18.72589,64.8113,23.2096,TWO
40.0722,18.65227,62.41213,20.94034,TWO
42.10159,17.84544,60.64512,21.33595,TWO
43.85713,16.84623,59.37858,22.43225,TWO
45.18433,16.42778,58.32684,23.17703,TWO
45.68819,16.29844,57.5373,23.58111,TWO
45.30896,16.18695,57.30538,23.78698,TWO
44.09531,16.11043,57.37092,24.12455,TWO
46.00555,16.35722,59.31427,24.51726,TWO
48.59094,16.52036,63.63526,24.47079,TWO
50.25553,16.58359,66.9013,24.25376,TWO
50.94527,16.6003,69.35335,24.15578,TWO
50.85072,16.29411,72.42668,23.91131,TWO
50.47407,16.20365,72.5479,23.72012,TWO
50.18446,16.3047,71.86869,23.32609,TWO
49.95183,16.46189,70.96571,22.90572,TWO
49.65707,16.36287,70.03913,21.99553,TWO
40.89184,13.60153,74.61481,23.45412,TWO
26.5722,7.704108,81.3515,26.59311,TWO
37.67848,5.350351,85.62457,27.93793,TWO
31.06454,10.21692,79.74714,28.11878,TWO
55.21291,12.64484,69.31997,20.18798,TWO
60.40227,13.7584,40.29388,19.39122,TWO
61.00705,14.11774,15.14376,36.5505,TWO
58.65435,14.25131,13.3834,36.24421,TWO
56.5541,14.15865,14.36577,37.70177,TWO
55.65479,13.94583,14.74415,38.92984,TWO
56.68842,13.21437,14.57773,37.55394,TWO
57.46044,12.97315,15.58458,32.55415,TWO
57.78528,12.83106,15.42957,31.37097,TWO
57.63291,13.17858,16.10246,34.40921,TWO
58.5112,13.49544,16.08384,37.44841,TWO
58.65657,13.5346,16.13127,38.12051,TWO
59.02423,13.87166,15.34847,41.68363,TWO
55.50283,14.67868,14.68182,47.14981,TWO
53.98269,16.70806,15.29802,49.7881,TWO
53.84027,19.78853,20.58915,47.72706,TWO
53.70525,21.1776,25.77934,44.5786,TWO
55.98463,22.77474,36.32825,37.38073,TWO
56.47504,23.45882,38.5436,35.84813,TWO
55.44214,23.80674,44.75562,33.31441,TWO
55.36605,23.52618,62.5184,26.73476,TWO
54.82362,23.6225,69.80061,23.27892,TWO
54.5966,23.74185,71.49922,19.14004,TWO
54.92897,23.67208,72.2235,19.09521,TWO
54.21279,23.33229,71.87794,19.5773,TWO
53.89478,22.87632,70.62668,20.03455,TWO
53.58287,22.27201,68.94038,20.25429,TWO
54.30395,21.74359,62.50151,22.74729,TWO
55.69709,20.14035,44.14086,33.74471,TWO
56.52819,19.17002,22.09701,50.84356,TWO
58.3235,18.6914,13.35537,60.35551,TWO
59.49003,19.15447,15.46517,57.66083,TWO
59.93454,19.51275,18.29039,53.72973,TWO
59.97329,19.67656,21.15023,50.66082,TWO
59.25177,19.53153,18.17832,53.85318,TWO
57.39972,19.46732,15.7438,57.02628,TWO
56.78083,15.4907,14.78677,49.52559,TWO
55.30647,13.46843,16.43069,43.69831,TWO
46.60754,14.49471,12.36719,48.79637,TWO
44.52971,15.91623,12.38176,53.15208,TWO
56.35434,15.06622,23.73336,42.47301,TWO
55.86148,19.07454,45.368,32.74734,TWO
55.40623,22.86647,69.00583,24.68919,TWO
55.44128,24.66355,68.71728,22.33848,TWO
56.40504,24.83582,53.60493,28.44016,TWO
56.03093,24.55537,50.86725,29.8285,TWO
54.62402,23.98952,61.68069,22.88521,TWO
54.02493,23.49214,68.30334,20.09403,TWO
53.74341,23.22585,72.29502,19.66772,TWO
54.40615,23.16261,72.49934,20.09248,TWO
54.60251,23.0183,72.13335,20.34409,TWO
54.32015,22.81627,71.74871,20.15536,TWO
53.97893,22.58429,71.33812,19.91627,TWO
53.6224,22.16207,70.71194,19.2833,TWO
53.97204,21.73594,70.14957,18.3424,TWO
54.2429,21.14219,69.98216,17.86361,TWO
53.57533,20.65239,70.24512,18.04453,TWO
53.35818,20.51108,67.86237,18.07428,TWO
53.33754,20.5355,66.90095,18.03714,TWO
52.57846,20.70615,74.10707,18.84513,TWO
51.56565,21.11528,79.03658,20.71434,TWO
51.52128,21.61437,80.97636,21.91951,TWO
53.17806,22.48664,80.94433,23.30797,TWO
53.96345,22.89475,80.04975,24.65951,TWO
54.56974,22.83356,78.8055,24.47935,TWO
55.48887,22.41324,76.26029,22.68893,TWO
54.48692,21.08455,77.17372,20.40266,TWO
54.62983,20.97968,77.50051,19.8879,TWO
54.85141,21.37364,75.96151,19.24498,TWO
54.49786,21.66429,73.33241,18.51782,TWO
54.52643,21.96135,69.16834,18.36086,TWO
54.6437,22.38841,67.43314,18.71033,TWO
55.08455,22.93315,66.93254,19.90703,TWO
54.95435,23.02737,69.72081,21.13333,TWO
54.67609,22.94644,72.98595,22.06404,TWO
54.73714,23.09545,77.47047,23.44339,TWO
54.66572,22.97725,79.64703,24.18246,TWO
54.50409,22.74139,79.83701,23.88986,TWO
54.56013,22.7552,79.1949,23.2161,TWO
54.63997,22.13596,76.9688,22.37126,TWO
54.64258,21.96737,75.51077,21.71304,TWO
54.56524,21.9058,73.76986,21.26674,TWO
54.55628,21.82066,72.67068,21.04167,TWO
54.34088,21.63171,71.89761,20.99243,TWO
54.17746,21.39534,71.5629,20.77444,TWO
54.01516,21.20547,71.61316,20.73723,TWO
54.46875,21.26688,71.24493,20.75797,TWO
54.52068,21.40845,73.81138,21.96395,TWO
54.68547,21.28379,75.3278,22.83262,TWO
54.52583,21.16379,77.4388,23.38302,TWO
54.11922,21.03017,78.15796,23.5848,TWO
53.95524,20.94985,78.54675,23.63812,TWO
54.47849,21.16761,78.41131,23.18262,TWO
54.87718,21.71481,74.80666,21.12556,TWO
55.75121,22.2051,67.59377,19.9526,TWO
57.19928,22.00008,58.67634,23.69137,TWO
57.86611,22.01965,54.3393,28.37478,TWO
56.69112,21.88035,51.32583,30.8698,TWO
55.6265,21.59597,53.36113,30.31983,TWO
55.36186,21.45541,60.50984,24.87464,TWO
55.25861,21.37399,63.74372,21.96287,TWO
55.49511,21.3304,64.48231,20.49305,TWO
56.15508,21.28086,60.83977,21.60851,TWO
57.34087,21.16284,58.39856,25.45578,TWO
57.63759,21.16039,53.74569,28.50121,TWO
57.46671,21.02934,50.6129,30.23548,TWO
55.53324,21.26057,46.97619,32.75753,TWO
54.96324,21.26112,46.12675,33.38036,TWO
55.48312,21.20244,46.93339,32.72409,TWO
56.32933,20.9643,49.42882,30.03099,TWO
57.76577,20.71229,47.15617,30.03045,TWO
58.33599,20.72719,45.36767,30.75873,TWO
58.38394,20.79157,43.32436,31.39887,TWO
