THUMB_INDEX_ANGLE,INDEX_MIDDLE_ANGLE,MIDDLE_RING_ANGLE,RING_PINKY_ANGLE,target
34.47991,10.37096,10.34549,15.07213,FOUR
34.64969,10.32845,10.23937,14.98638,FOUR
34.55165,9.97981,9.871276,14.58073,FOUR
35.1152,9.681519,9.640615,14.23876,FOUR
35.24884,9.603716,10.21421,14.51501,FOUR
35.25036,9.01561,9.912228,13.90311,FOUR
35.53191,8.73046,9.750663,13.62326,FOUR
35.40916,8.790776,9.86412,13.59433,FOUR
35.75838,9.138995,10.22264,13.93785,FOUR
36.2225,9.506755,10.49708,14.37236,FOUR
36.86739,9.758081,10.6378,14.60345,FOUR
37.11609,9.981583,10.72066,14.73421,FOUR
37.37379,9.869283,10.57272,14.63787,FOUR
38.31662,10.06474,10.87734,15.00437,FOUR
38.19585,10.20912,11.01823,15.24572,FOUR
37.52295,10.23253,10.89979,15.48142,FOUR
37.34568,10.21612,10.7534,15.52649,FOUR
37.90387,10.33731,10.89941,15.73727,FOUR
37.91624,11.28387,11.6798,16.52804,FOUR
37.03715,12.25496,12.58252,17.3965,FOUR
36.26971,12.49266,12.84113,17.60864,FOUR
35.75304,12.67126,13.0686,17.88942,FOUR
36.55282,12.62175,13.02641,17.91501,FOUR
37.47691,12.70551,13.07868,18.08427,FOUR
38.36454,12.67468,12.87032,17.9042,FOUR
38.30988,12.62068,12.7358,17.69225,FOUR
37.87378,12.67294,12.79626,17.65107,FOUR
37.23085,12.81419,13.02447,17.74301,FOUR
36.69691,12.92427,13.33019,17.92857,FOUR
36.4871,12.92491,13.59616,17.89259,FOUR
36.64025,12.85669,13.69802,17.72933,FOUR
36.94243,12.92891,13.79898,17.75521,FOUR
37.32809,13.03478,13.82441,17.92628,FOUR
37.42948,13.09548,13.68369,18.0631,FOUR
37.56114,13.09892,13.60673,18.13183,FOUR
37.80664,13.04117,13.56843,18.10883,FOUR
37.94995,12.77376,13.35738,17.86438,FOUR
37.95225,12.503,13.06501,17.58522,FOUR
37.98293,12.34017,12.73521,17.37873,FOUR
37.909,12.61673,12.83875,17.68812,FOUR
37.93148,12.90824,13.05822,18.06141,FOUR
38.18088,13.08029,13.33715,18.52004,FOUR
38.25063,13.08064,13.52152,18.77155,FOUR
37.85693,13.091,13.72024,18.93508,FOUR
37.09935,13.09844,13.88575,19.02014,FOUR
36.81946,13.09743,13.96397,19.05152,FOUR
36.74126,13.07243,13.9092,18.98992,FOUR
36.78947,12.9828,13.75109,18.8173,FOUR
36.69662,12.91812,13.54655,18.64917,FOUR
36.28481,12.93238,13.30288,18.51154,FOUR
36.69564,12.67426,13.10975,18.33963,FOUR
37.37339,12.39236,12.85768,18.14289,FOUR
37.79522,12.17437,12.62642,17.95493,FOUR
38.08854,11.94662,12.37836,17.7297,FOUR
37.32094,12.38931,12.8924,18.16881,FOUR
35.88521,13.12427,13.8113,18.69931,FOUR
34.43459,13.17621,14.0604,18.16862,FOUR
30.8931,12.96246,13.80407,17.67465,FOUR
25.25598,12.52257,12.13595,15.48008,FOUR
60.2232,13.06715,13.47729,16.9234,FOUR
71.8965,13.46322,14.36267,18.02271,FOUR
76.66142,13.84822,15.20451,19.34415,FOUR
73.8609,13.8217,15.28854,19.60541,FOUR
71.56808,13.55037,15.19381,19.55275,FOUR
68.87934,13.20094,14.91315,19.09618,FOUR
62.80194,12.64113,14.0021,18.26206,FOUR
62.77876,14.22419,14.3893,19.49735,FOUR
71.36707,14.51515,15.17606,21.64412,FOUR
73.4129,14.71111,15.41993,23.18746,FOUR
73.16628,14.62519,15.49034,23.99042,FOUR
72.14238,14.40345,15.38953,23.40002,FOUR
70.66009,14.49201,15.15261,23.14729,FOUR
68.34025,14.51467,14.96978,23.00315,FOUR
66.03785,14.40929,15.0152,22.66801,FOUR
65.70968,14.271,15.15281,22.33581,FOUR
66.74631,14.2628,15.26414,22.24895,FOUR
68.40673,14.35223,15.21155,22.67004,FOUR
68.73,14.41231,15.07615,23.06353,FOUR
69.12672,14.44975,14.83622,23.62062,FOUR
69.62656,14.37847,14.71216,23.80198,FOUR
70.33687,14.19485,14.73872,23.76775,FOUR
70.84285,14.10977,14.81928,23.79255,FOUR
71.36761,14.10055,14.99965,23.90918,FOUR
61.19575,14.40486,14.74419,21.942,FOUR
60.43825,13.53021,14.40803,18.77558,FOUR
64.4921,13.21195,14.51429,17.89178,FOUR
64.46596,12.94339,14.12229,17.01234,FOUR
25.03535,12.96843,12.47897,16.57818,FOUR
34.17099,12.62314,13.1925,17.44278,FOUR
41.8351,13.25551,13.73,18.32577,FOUR
43.0054,13.11228,13.85293,18.50997,FOUR
45.83661,12.16398,12.85116,17.29697,FOUR
47.8125,11.67999,12.36223,16.61436,FOUR
48.04671,11.39798,11.89648,16.30607,FOUR
47.52284,11.13206,11.7906,16.52983,FOUR
47.14117,10.63375,10.97562,16.53133,FOUR
47.16805,10.18109,10.45254,16.4226,FOUR
46.90189,10.23441,10.28438,16.63464,FOUR
46.38133,10.27585,10.36678,16.51311,FOUR
45.19186,10.28645,10.11945,15.72797,FOUR
44.51136,10.23529,9.743219,14.94315,FOUR
44.39044,10.25523,9.58148,14.64094,FOUR
44.01371,10.29216,9.430798,14.43613,FOUR
43.85358,10.40624,9.835533,14.28268,FOUR
43.94803,10.6366,10.04821,14.28573,FOUR
44.25435,10.86897,10.34102,14.49583,FOUR
43.16379,11.0758,10.66673,14.90133,FOUR
41.60217,11.21619,11.05537,15.50674,FOUR
40.33978,11.31693,11.19762,15.85391,FOUR
40.2255,11.18541,10.91143,15.68566,FOUR
40.70266,10.64518,9.993102,14.49749,FOUR
42.06855,10.09791,9.15077,13.44295,FOUR
44.2939,9.60175,8.422684,13.06169,FOUR
46.52161,9.56382,8.835267,13.85719,FOUR
46.03844,9.79087,9.018224,14.13311,FOUR
46.28954,10.48181,10.00612,15.79618,FOUR
45.52285,11.09539,11.12474,16.72917,FOUR
43.71804,11.53697,12.08299,16.92368,FOUR
40.15378,11.90309,13.31558,17.82032,FOUR
37.76052,12.26398,13.95385,18.39314,FOUR
37.00135,12.44012,14.092,18.54977,FOUR
36.69482,12.69148,14.0877,18.62959,FOUR
37.52732,12.62736,13.79995,18.47047,FOUR
38.89389,12.33473,13.44089,18.11214,FOUR
43.2864,11.83904,12.92577,17.2099,FOUR
46.1619,12.25388,13.15904,17.83895,FOUR
49.51802,13.34476,13.63207,19.04177,FOUR
53.13442,14.61355,14.84232,20.28328,FOUR
54.72921,15.5889,16.05634,21.51208,FOUR
54.82125,16.17979,16.73514,22.41677,FOUR
54.75859,16.31385,16.83566,22.60117,FOUR
54.241,16.29586,16.74113,22.44584,FOUR
53.87298,16.31872,16.65717,22.2324,FOUR
53.52418,16.48934,16.63549,21.99887,FOUR
53.22309,16.62507,16.6897,22.01246,FOUR
52.91412,16.92659,16.86086,22.18053,FOUR
52.45559,17.07468,16.94303,22.33,FOUR
46.68946,17.05985,17.15831,21.69575,FOUR
42.78617,16.32751,16.89187,21.16099,FOUR
40.95851,15.56023,16.55758,20.82066,FOUR
40.33795,15.22963,16.3046,20.51178,FOUR
40.34652,15.20879,16.23592,20.4332,FOUR
40.73585,15.33254,16.20934,20.45484,FOUR
41.60331,15.57282,16.38429,20.60032,FOUR
42.65607,15.84572,16.62192,20.77381,FOUR
43.56471,16.00027,16.92178,21.00231,FOUR
44.37227,16.32932,17.22003,21.0673,FOUR
45.74758,16.88874,17.417,21.35699,FOUR
45.04612,16.78793,17.19609,21.14832,FOUR
43.12159,16.05612,16.62468,20.70418,FOUR
40.7836,15.38854,16.06093,20.36216,FOUR
37.95286,14.88156,15.45679,19.67903,FOUR
33.59441,14.66738,15.02861,18.89222,FOUR
53.17861,12.69617,13.61438,16.97927,FOUR
67.47141,13.42962,14.98078,17.37509,FOUR
60.35085,15.77242,14.70567,17.58562,FOUR
53.95393,19.43638,14.60294,17.52311,FOUR
54.94078,21.85824,14.67009,17.42533,FOUR
54.96984,22.40034,14.72919,18.7658,FOUR
53.95839,21.88109,14.91949,19.62641,FOUR
51.16715,21.38208,14.95583,20.38986,FOUR
51.33121,21.16881,14.96154,21.10147,FOUR
59.16088,19.81019,15.44238,21.10764,FOUR
62.22498,19.04535,16.01526,21.07828,FOUR
62.8833,18.78784,16.41591,21.2151,FOUR
62.88721,18.61456,17.01102,21.5558,FOUR
62.12214,18.54862,17.24836,21.71133,FOUR
60.12373,18.74883,17.36572,21.87693,FOUR
55.36142,19.61358,17.45204,22.48246,FOUR
51.16249,20.25232,17.37759,22.88494,FOUR
46.94171,20.47721,17.17879,23.14009,FOUR
45.71523,20.16164,16.99199,23.03811,FOUR
46.19365,20.15792,16.93456,22.77303,FOUR
48.34541,20.12928,17.06891,22.68517,FOUR
52.20041,20.41355,17.38796,22.69248,FOUR
54.13333,20.81907,17.44374,22.68669,FOUR
55.70406,21.05862,16.71319,22.22229,FOUR
56.71315,21.18669,16.0746,21.34945,FOUR
53.54321,23.59885,15.58467,20.6184,FOUR
46.89405,24.83602,15.09951,20.05695,FOUR
39.7351,22.85355,14.90073,19.97774,FOUR
39.04321,20.45867,14.42537,19.38853,FOUR
47.7703,19.92432,14.06704,18.39255,FOUR
56.91475,17.33463,14.07846,17.77087,FOUR
64.41881,13.95838,14.4909,17.87843,FOUR
70.51519,12.7696,15.09133,17.71426,FOUR
61.61411,12.46407,13.97334,16.44955,FOUR
30.21662,13.68412,14.9205,19.46323,FOUR
40.46696,15.52304,15.84016,20.08616,FOUR
50.49967,16.39275,16.71592,21.10285,FOUR
53.78331,16.51444,17.4215,22.25151,FOUR
52.71722,16.65834,17.20795,22.81039,FOUR
52.06748,16.77235,16.89765,22.99869,FOUR
50.99998,16.72798,16.75881,22.81689,FOUR
49.41966,16.6232,16.71099,22.39195,FOUR
47.33142,16.53871,16.61348,21.88603,FOUR
44.43268,16.34049,16.38005,21.26498,FOUR
41.49992,16.04682,15.59382,20.32283,FOUR
38.60394,15.92934,15.18292,20.26082,FOUR
33.37508,15.52476,15.1125,20.35842,FOUR
31.23936,14.96588,15.26952,20.08739,FOUR
32.13887,14.28944,14.98016,19.41214,FOUR
25.19769,13.05094,14.6921,19.7082,FOUR
20.39141,12.78075,14.64583,19.4189,FOUR
20.81458,12.36994,14.46097,19.28209,FOUR
21.1343,12.88869,14.72007,20.68423,FOUR
53.14818,11.94125,12.43535,17.23059,FOUR
67.65635,12.98378,12.52582,15.76121,FOUR
64.71844,17.6982,14.46136,17.9254,FOUR
53.98809,21.15042,17.58505,22.89201,FOUR
46.73784,21.63716,17.82055,24.97301,FOUR
44.83305,21.10584,17.75283,24.70487,FOUR
44.92118,20.70948,17.5776,24.07044,FOUR
49.5954,19.36306,17.84433,23.15829,FOUR
57.41304,18.7938,17.4463,21.50312,FOUR
58.03991,18.9377,16.50649,21.10549,FOUR
36.61401,20.28126,14.57695,22.24475,FOUR
26.30616,20.00027,13.9083,22.51549,FOUR
25.99121,19.81231,13.95626,21.95179,FOUR
47.25416,17.23516,13.68549,20.23038,FOUR
64.42126,14.09779,14.21976,18.53155,FOUR
72.09624,12.7931,14.62158,17.40049,FOUR
48.29708,12.51121,14.087,16.9266,FOUR
33.35873,14.34156,15.97368,20.03663,FOUR
38.23863,16.13946,16.65713,20.90408,FOUR
45.17653,16.85421,17.40694,21.93494,FOUR
47.97535,16.205,17.25732,22.02962,FOUR
48.78263,16.31336,16.9784,21.71194,FOUR
51.15796,16.53724,16.70404,21.39901,FOUR
53.25645,16.90949,16.2467,21.24219,FOUR
56.84883,17.0991,15.40872,20.76229,FOUR
58.66263,17.18656,15.15645,20.28656,FOUR
60.72143,17.13048,15.4666,19.30239,FOUR
60.23332,16.98833,16.02445,18.8267,FOUR
60.05858,16.98804,16.12747,18.43248,FOUR
60.42402,16.88979,16.19555,18.28629,FOUR
60.05927,16.92944,16.24734,18.31405,FOUR
58.20938,16.84643,16.20817,18.38864,FOUR
56.38389,16.96074,16.15109,18.93864,FOUR
55.19466,17.1067,16.15432,19.56174,FOUR
55.29748,17.25361,16.27249,20.66389,FOUR
55.39787,17.17315,16.74318,21.51039,FOUR
50.94405,17.36749,17.0476,21.82438,FOUR
45.27602,17.4681,16.83316,21.55643,FOUR
41.4416,18.10134,17.0512,20.76077,FOUR
37.34803,18.71509,17.30385,20.37538,FOUR
35.56665,18.58201,16.86291,20.58695,FOUR
36.06261,17.66607,16.76375,21.75214,FOUR
38.34261,17.4879,17.60303,23.17705,FOUR
41.69788,17.48018,18.51196,24.24187,FOUR
45.64598,16.83509,18.39065,24.33695,FOUR
48.42292,16.60394,18.07007,24.06056,FOUR
51.93003,16.85328,17.94901,23.2531,FOUR
54.0251,17.69471,18.28861,22.39161,FOUR
53.92649,18.9804,18.69235,21.0025,FOUR
49.77189,20.00297,18.28736,20.06519,FOUR
37.45049,19.47658,16.54985,19.30614,FOUR
28.69141,18.62936,15.15069,19.41062,FOUR
28.53186,17.51418,15.09853,20.14829,FOUR
42.4249,18.74178,17.20236,20.61423,FOUR
51.52422,17.82543,18.06468,20.88704,FOUR
54.43708,16.74553,17.40987,21.36675,FOUR
55.4688,16.44682,16.81388,21.52874,FOUR
54.90905,16.51494,16.46072,21.12534,FOUR
54.03761,16.73382,16.44926,20.63345,FOUR
50.77979,17.14937,16.1961,20.31047,FOUR
48.55766,17.1254,15.72758,19.62888,FOUR
45.61212,16.69347,16.05186,19.44678,FOUR
42.5354,16.3312,16.27358,19.35425,FOUR
41.48901,15.93729,16.16598,19.191,FOUR
39.82456,15.43405,16.19982,19.74516,FOUR
38.7707,15.41299,16.37092,20.0567,FOUR
38.33403,15.68056,16.32931,20.206,FOUR
38.47321,16.50606,16.28757,20.66504,FOUR
39.1076,16.90295,16.24424,20.68153,FOUR
44.59584,17.6617,16.17334,20.28411,FOUR
48.57409,17.36018,16.12913,20.41992,FOUR
51.76001,17.12834,16.44499,20.32381,FOUR
54.98003,17.52413,17.5448,22.28627,FOUR
54.60297,18.2058,18.58164,24.26077,FOUR
52.88934,18.61256,19.22423,24.05218,FOUR
51.00773,17.98572,18.69302,22.32802,FOUR
51.04763,17.48729,18.18795,21.14663,FOUR
52.39061,17.11846,17.54099,20.26502,FOUR
54.0613,17.1538,17.34184,20.86545,FOUR
53.8363,17.34266,17.33997,22.10121,FOUR
54.30824,16.96771,17.05669,21.77566,FOUR
54.31327,16.27544,16.48012,21.11779,FOUR
53.17978,16.13079,16.03943,20.56194,FOUR
51.79957,16.03555,15.77118,19.98178,FOUR
51.53497,15.95244,15.60493,19.74346,FOUR
48.76448,16.05477,15.60229,19.50054,FOUR
43.68595,16.1308,15.42029,19.53252,FOUR
40.68645,16.18933,15.34724,19.77135,FOUR
39.87761,16.67439,15.7536,19.80123,FOUR
39.3974,16.86712,16.01038,19.71794,FOUR
39.92615,16.71177,16.14171,19.53494,FOUR
39.01191,16.41951,16.04699,19.19611,FOUR
38.77052,16.3718,16.06918,19.22519,FOUR
39.6206,16.46055,16.23296,19.51535,FOUR
39.66239,16.4569,16.15727,19.72643,FOUR
42.91019,16.83454,16.14488,20.26984,FOUR
47.51094,16.97696,16.1734,20.32274,FOUR
48.88496,16.89838,15.8131,20.38703,FOUR
50.61017,16.84764,16.00489,21.08932,FOUR
52.55779,16.71472,16.41181,21.26597,FOUR
54.0724,16.49679,17.28784,22.17853,FOUR
52.13329,16.44964,17.84406,22.9893,FOUR
49.50541,16.38137,18.10686,23.31414,FOUR
48.42408,16.4179,17.98897,23.42216,FOUR
46.53249,16.3076,17.5914,23.3237,FOUR
42.68816,16.402,17.31286,23.05273,FOUR
37.02596,16.5758,16.4567,21.77635,FOUR
30.78714,15.81919,15.26825,20.18295,FOUR
19.28667,16.68028,14.13687,19.41195,FOUR
14.77297,16.95258,13.16359,19.22726,FOUR
14.28689,17.8926,12.51897,18.88357,FOUR
8.27671,13.02813,12.64155,17.69117,FOUR
27.96456,12.42494,12.83495,16.32741,FOUR
59.31596,12.17736,14.06598,14.80496,FOUR
62.42128,11.79161,13.69124,14.47196,FOUR
63.43047,12.01792,13.35878,15.11636,FOUR
64.62342,12.29012,13.59254,15.48071,FOUR
61.57456,12.16201,13.56199,15.25084,FOUR
50.86075,13.20532,12.63251,14.69,FOUR
27.87206,18.03994,12.55506,16.62871,FOUR
12.32792,18.6498,12.74252,19.08538,FOUR
5.645697,19.4198,12.09206,20.30829,FOUR
9.139597,16.92379,11.88639,19.52235,FOUR
17.99844,16.1536,12.93805,19.67286,FOUR
31.47728,14.67026,14.41152,19.76312,FOUR
40.98607,14.25012,15.65529,19.66279,FOUR
46.83429,14.6867,16.29781,19.52916,FOUR
52.14135,15.3119,16.81763,19.7071,FOUR
56.19707,16.03118,17.00978,20.08881,FOUR
57.28455,16.83846,16.80872,20.28047,FOUR
59.53282,17.45431,16.17372,19.6705,FOUR
62.21897,17.58374,16.09194,18.6532,FOUR
62.23445,17.41833,16.0937,17.99426,FOUR
60.77333,17.59125,16.15764,17.96583,FOUR
59.3383,17.68991,16.13586,18.73479,FOUR
59.41011,17.62103,15.9784,19.57749,FOUR
58.58384,17.51385,15.68252,19.76173,FOUR
55.83648,17.46617,15.35423,19.61733,FOUR
53.94126,17.58708,15.18449,19.41406,FOUR
53.54999,17.5035,15.28825,19.32599,FOUR
53.83963,16.91561,15.61196,19.3616,FOUR
52.19244,16.34314,16.12403,19.20448,FOUR
49.05725,16.21189,16.30354,19.07254,FOUR
41.02154,15.52923,15.8405,19.06432,FOUR
36.66525,14.82705,15.20344,18.974,FOUR
35.89869,14.5962,14.89163,18.65691,FOUR
29.86866,14.9094,14.56975,18.22077,FOUR
18.32698,16.30581,13.47199,17.92464,FOUR
8.06531,24.55904,16.27212,24.23971,FOUR
13.18873,24.1793,13.95907,24.15692,FOUR
24.13329,22.00097,10.50077,22.44663,FOUR
48.69736,17.4062,15.34086,20.06086,FOUR
60.1871,20.77263,16.22264,19.81433,FOUR
56.88264,22.52706,17.24265,20.5186,FOUR
52.9617,23.4888,17.41873,21.22712,FOUR
49.33652,24.03223,17.22202,21.35083,FOUR
45.34729,23.92485,16.94516,21.34218,FOUR
41.52246,23.7648,16.66007,21.25561,FOUR
41.2822,23.53899,16.62286,21.22453,FOUR
44.00987,23.45717,16.46061,20.97448,FOUR
48.22314,22.92881,16.40365,20.52017,FOUR
51.30111,21.76232,16.11677,20.14147,FOUR
60.31809,18.86604,15.25368,19.45106,FOUR
61.34648,17.02811,14.40351,18.76473,FOUR
63.89831,14.96509,14.22252,18.20312,FOUR
67.45315,13.33036,14.51137,17.83454,FOUR
69.87601,12.74653,15.33214,17.37449,FOUR
67.52269,12.09229,14.69012,16.26899,FOUR
44.2826,11.3965,11.73,15.54901,FOUR
27.20456,15.72947,10.52424,13.14528,FOUR
32.38847,7.946088,8.209181,11.98347,FOUR
39.57339,7.747219,5.984745,11.19306,FOUR
40.90077,8.229342,5.939108,11.18245,FOUR
40.85963,7.969571,6.188652,10.95195,FOUR
40.50059,7.905718,6.358785,10.9693,FOUR
40.69311,7.824108,6.24846,10.85562,FOUR
41.11177,7.562187,5.978485,10.63915,FOUR
40.69675,7.468921,6.091557,10.80777,FOUR
40.29883,7.52003,6.266476,11.02327,FOUR
39.50255,7.685565,6.636844,11.45631,FOUR
37.14334,8.311275,7.812409,12.65936,FOUR
34.7191,8.549113,8.489822,13.2034,FOUR
33.90816,8.352987,8.216305,12.99939,FOUR
33.38307,8.060781,7.929345,12.68755,FOUR
33.67014,8.430235,8.227767,12.77977,FOUR
32.7229,8.85763,8.520695,13.05123,FOUR
29.05364,9.429797,9.29424,13.7302,FOUR
27.8024,9.633556,9.571606,14.12188,FOUR
56.01281,11.25636,13.08031,16.16921,FOUR
73.74532,13.26988,15.10964,18.4377,FOUR
76.71566,14.2808,16.01657,19.4018,FOUR
69.13032,14.37439,15.28616,19.50837,FOUR
65.33408,13.44186,13.6943,18.98177,FOUR
65.60998,12.9932,13.13037,18.77966,FOUR
65.43924,12.20122,12.44925,20.59395,FOUR
63.65445,11.91325,12.20537,22.23445,FOUR
62.16411,11.78852,11.97967,23.08493,FOUR
59.24934,11.62036,11.56465,22.43217,FOUR
56.82542,11.57432,11.33154,21.63316,FOUR
54.69518,11.56485,11.3093,20.80297,FOUR
49.35322,11.06923,10.91594,19.63407,FOUR
46.46952,10.38309,10.43087,17.99306,FOUR
44.85618,10.51169,10.24035,20.27699,FOUR
44.64038,10.60527,10.24763,23.64437,FOUR
45.1026,10.30452,9.921548,24.40185,FOUR
45.46115,9.92773,9.370812,21.89909,FOUR
45.31995,8.454519,7.563588,17.43964,FOUR
47.99671,8.182374,7.53166,17.00993,FOUR
50.44386,7.718411,8.204993,16.37854,FOUR
54.2496,7.684748,9.001171,15.34872,FOUR
57.44826,9.036746,8.86838,16.36784,FOUR
61.23565,9.828214,9.113091,17.891,FOUR
68.59959,13.64751,13.56377,19.84393,FOUR
67.7767,14.00198,14.78558,19.12651,FOUR
68.0929,13.88303,15.28133,18.53951,FOUR
67.03111,13.45032,15.73422,16.98963,FOUR
58.47945,12.78751,14.88233,15.2849,FOUR
39.80368,12.23682,12.14593,15.26361,FOUR
11.46704,10.50105,10.34448,13.31394,FOUR
7.957739,8.98966,8.82835,10.49243,FOUR
19.60129,10.0786,7.77236,10.83218,FOUR
31.49248,8.269994,6.387918,12.41665,FOUR
42.73085,7.419763,5.52219,11.5112,FOUR
44.60962,6.984969,4.484847,11.77932,FOUR
45.66609,7.667823,4.565316,11.4306,FOUR
47.62151,7.517238,5.238206,11.42824,FOUR
49.49419,7.384295,5.801066,11.35688,FOUR
51.71563,7.618266,6.277979,10.67861,FOUR
53.26931,8.101206,6.832624,10.79877,FOUR
53.38086,8.549343,7.262959,10.85447,FOUR
52.59368,8.722537,7.472152,10.76362,FOUR
53.12261,8.666849,6.932794,10.85308,FOUR
51.08251,8.08624,6.444729,10.32819,FOUR
49.58231,7.409653,5.682893,10.11455,FOUR
47.93851,6.827225,5.119061,10.6081,FOUR
46.21321,6.293139,4.913465,11.12091,FOUR
44.90977,6.181425,4.812348,11.4965,FOUR
42.7557,6.319627,4.763454,11.69165,FOUR
40.59776,6.376859,4.928355,11.3994,FOUR
37.04574,6.958493,5.863609,11.03412,FOUR
34.84428,7.865867,6.991537,12.15557,FOUR
32.92957,8.574553,8.36046,13.18536,FOUR
31.75456,8.721455,8.8458,13.5479,FOUR
31.30909,8.596697,8.914449,13.64987,FOUR
29.33799,8.928301,8.717603,13.59867,FOUR
23.72296,10.46087,8.876219,13.4533,FOUR
17.11017,14.38893,11.43616,14.46279,FOUR
54.77707,14.69795,14.35475,16.91415,FOUR
74.66247,14.16308,15.34276,18.24792,FOUR
77.7428,14.27174,16.10284,19.10824,FOUR
75.1086,14.17576,16.3446,19.34119,FOUR
73.43861,14.07103,16.32238,19.2953,FOUR
69.20457,13.61965,15.81149,18.85925,FOUR
61.95126,12.7817,14.85976,17.96911,FOUR
56.75723,12.13398,13.58622,17.80431,FOUR
54.11303,11.53388,12.51123,18.28401,FOUR
53.87898,10.79436,11.47119,17.51161,FOUR
54.5054,10.28597,10.79457,17.19572,FOUR
54.87953,10.60912,10.65893,19.32919,FOUR
55.73222,11.52239,11.27814,24.93288,FOUR
56.02283,12.29826,11.82258,27.6388,FOUR
56.35361,12.72652,12.16802,27.63258,FOUR
57.53954,13.51155,12.64197,25.18964,FOUR
55.7402,13.19685,12.43097,21.76234,FOUR
55.06654,12.52402,12.83415,21.49809,FOUR
54.25199,12.01828,12.67734,20.85719,FOUR
50.61084,12.04086,12.67314,21.41075,FOUR
50.20106,12.16831,12.93822,17.73791,FOUR
59.32281,12.41618,13.56515,16.80594,FOUR
63.9105,12.80028,14.38604,16.58747,FOUR
53.99169,12.47427,13.18067,16.74871,FOUR
25.4272,11.02289,11.18879,16.45916,FOUR
31.50474,8.675774,8.645792,14.13807,FOUR
36.45239,7.736444,7.681376,13.07823,FOUR
38.51804,7.14655,6.89819,12.43148,FOUR
38.04214,7.374695,7.031237,12.4268,FOUR
37.12762,7.722835,7.308578,12.53865,FOUR
36.5703,7.918495,7.41762,12.43825,FOUR
36.21957,8.156683,7.56364,12.32989,FOUR
36.04545,8.249693,7.583617,12.20899,FOUR
36.05454,8.336233,7.392261,11.89575,FOUR
35.5374,8.347462,7.330959,11.33089,FOUR
36.5883,8.273341,6.90163,10.92085,FOUR
39.46754,7.85043,5.957398,10.81008,FOUR
40.72977,7.675114,5.728716,11.02077,FOUR
42.2692,7.62792,5.660708,11.15902,FOUR
44.17162,7.475434,5.496437,11.50576,FOUR
45.14153,7.402977,5.477722,11.6688,FOUR
45.06332,7.288765,5.519847,11.79984,FOUR
43.60106,6.988899,5.617613,11.91193,FOUR
42.55827,6.820069,5.645767,11.93593,FOUR
41.16974,6.754154,5.839558,11.83809,FOUR
38.53389,7.011513,6.273824,11.37011,FOUR
36.95235,7.224608,6.409675,11.1646,FOUR
36.28464,7.364471,6.526513,11.16221,FOUR
35.3726,7.438937,6.654815,11.40154,FOUR
34.55924,7.34481,6.562888,11.1541,FOUR
34.86522,7.271113,6.515989,11.07009,FOUR
39.45238,7.279473,6.491084,10.90595,FOUR
42.33309,7.359941,6.564859,10.66016,FOUR
43.74364,7.572508,6.883132,10.60064,FOUR
46.06437,7.982591,7.336096,10.70076,FOUR
48.72829,8.35562,7.776753,10.6705,FOUR
51.10333,8.812515,8.424152,10.84515,FOUR
49.99514,9.116476,8.953329,11.01206,FOUR
48.27094,9.290242,9.378361,11.36046,FOUR
44.74293,9.261599,9.055252,10.76832,FOUR
43.1201,9.749554,9.474548,11.05555,FOUR
38.14621,10.14009,9.491898,10.96737,FOUR
32.33862,10.94179,9.816442,11.09494,FOUR
31.01608,10.9803,9.773021,10.95269,FOUR
33.11269,9.894376,9.571853,11.3496,FOUR
36.69236,9.787736,9.496431,11.49372,FOUR
39.36901,9.725405,9.514444,11.10207,FOUR
41.06656,9.57559,9.246754,10.3522,FOUR
45.4875,9.244224,8.720194,10.08494,FOUR
52.33881,8.968896,8.649722,10.61528,FOUR
57.53485,8.987496,8.606834,11.55751,FOUR
58.63056,8.842069,8.393349,11.98844,FOUR
57.92557,8.487972,8.134604,12.00469,FOUR
54.35497,8.284772,7.247816,11.83293,FOUR
52.58165,8.1769,6.822254,11.69686,FOUR
51.4785,8.257544,6.292235,11.64798,FOUR
50.93567,8.248503,5.887395,11.85724,FOUR
49.70155,8.052593,5.805558,11.93495,FOUR
46.67804,7.758661,6.379748,11.59547,FOUR
42.54252,7.566156,7.023868,10.98164,FOUR
36.75449,7.522092,7.384001,10.13551,FOUR
36.08112,7.529106,7.624394,9.555923,FOUR
36.73595,7.501062,7.678028,9.396052,FOUR
37.31557,7.635583,7.692711,9.361012,FOUR
36.12674,7.872003,7.519561,9.906234,FOUR
37.06547,7.844302,7.422406,10.62953,FOUR
37.22915,7.852005,6.897906,11.17459,FOUR
36.18705,8.203629,6.608743,11.67179,FOUR
30.9418,8.728547,7.940379,12.76472,FOUR
29.50093,9.155815,8.9589,13.69411,FOUR
29.44732,9.085796,9.129679,13.86692,FOUR
26.49567,9.635454,8.829819,13.47319,FOUR
14.26002,14.81587,10.44563,14.12669,FOUR
10.88362,17.7716,11.94171,16.95643,FOUR
16.99498,20.21934,14.42616,22.61569,FOUR
20.51653,16.29924,13.57234,21.22654,FOUR
21.27244,14.86033,14.12145,18.76261,FOUR
51.91331,13.62189,14.60119,16.31762,FOUR
66.91821,13.10264,14.34476,15.9769,FOUR
66.41606,12.63724,13.71891,16.09492,FOUR
63.28251,12.47048,13.23004,16.19422,FOUR
61.4812,12.05499,12.8079,15.90623,FOUR
62.26685,12.31632,12.89283,16.06275,FOUR
63.3023,12.62256,13.22442,16.4093,FOUR
65.17037,12.93299,13.78375,16.89075,FOUR
67.43346,13.20279,14.3444,17.22636,FOUR
68.22517,13.28638,14.77844,17.37326,FOUR
67.3624,13.19271,15.1112,17.2282,FOUR
63.20393,13.12646,14.96873,17.21548,FOUR
54.25763,13.54478,14.24161,16.32838,FOUR
41.56588,14.68879,12.96963,16.69466,FOUR
22.15657,15.61138,11.91702,17.97659,FOUR
3.638465,18.10132,12.05,16.4571,FOUR
6.622675,16.02391,8.703103,12.01587,FOUR
5.838921,12.98413,8.739051,10.55482,FOUR
4.070974,6.920816,8.797589,10.38273,FOUR
8.129535,6.002439,8.53525,9.812956,FOUR
10.41828,6.193212,8.360014,9.58991,FOUR
10.29663,9.715696,8.873274,10.1331,FOUR
18.02642,11.41815,8.914052,12.34308,FOUR
25.54942,11.4094,8.92392,13.53769,FOUR
36.47879,9.337552,8.366072,12.83709,FOUR
39.11839,8.535273,7.750157,12.2104,FOUR
37.61903,7.773698,7.832006,11.79662,FOUR
35.29292,7.1878,7.676495,11.72205,FOUR
33.89772,7.143694,7.654861,11.7395,FOUR
33.57303,7.199827,7.665826,11.84914,FOUR
33.7558,7.318208,7.704973,11.87642,FOUR
33.94899,7.450955,7.776374,11.93504,FOUR
33.99111,7.510421,7.805195,11.91583,FOUR
33.49381,8.097861,8.354893,12.03016,FOUR
33.475,8.441595,8.795312,12.37048,FOUR
32.27399,8.275689,8.553316,12.48465,FOUR
30.20572,8.247383,7.861198,12.16431,FOUR
19.94416,11.10497,10.39754,13.67487,FOUR
7.918346,14.39415,13.57624,16.2594,FOUR
19.47022,9.439901,12.30975,10.70188,FOUR
36.94347,13.04121,13.93472,9.876553,FOUR
47.31979,15.48961,18.82948,29.82347,FOUR
52.25051,16.60888,16.29064,14.54177,FOUR
52.62077,16.193,14.7882,14.8083,FOUR
50.99527,15.79678,13.38899,13.96295,FOUR
49.57196,15.86208,12.74562,13.61556,FOUR
49.9103,15.67305,12.41284,14.94141,FOUR
49.98862,16.3839,12.22415,16.62026,FOUR
49.6629,16.59934,12.37435,17.30773,FOUR
47.94704,16.24496,13.91675,17.53854,FOUR
46.71586,16.71732,13.97236,15.32169,FOUR
48.70671,14.955,12.16001,13.4304,FOUR
37.92721,10.20454,11.14438,37.19122,FOUR
31.02716,12.42426,9.027783,65.96983,FOUR
28.61367,12.12195,7.373897,69.09374,FOUR
25.54828,14.49386,8.654058,52.54711,FOUR
9.776058,6.822196,7.921618,11.55016,FOUR
20.53295,8.118901,7.615046,16.81169,FOUR
31.19585,8.775165,6.953079,16.35275,FOUR
38.27916,8.739409,6.862585,13.56489,FOUR
38.5887,8.402118,7.250009,12.74158,FOUR
36.80095,8.334467,7.616359,12.55121,FOUR
36.16562,7.984631,6.964213,11.70712,FOUR
35.6929,7.558215,6.292422,11.05074,FOUR
34.3882,6.672826,5.76531,11.18336,FOUR
34.24389,6.236147,5.777163,11.3509,FOUR
34.59157,6.18542,5.870458,11.33127,FOUR
34.76513,6.431877,6.119716,11.17982,FOUR
34.61245,6.635603,6.321209,11.25479,FOUR
34.16208,6.747414,6.542658,11.42432,FOUR
33.062,7.132619,7.135808,12.15743,FOUR
32.47663,7.566935,7.582582,12.63824,FOUR
32.2351,8.059733,8.133326,12.97412,FOUR
31.59248,8.302505,8.330602,12.86143,FOUR
29.08199,8.735656,8.846244,12.9918,FOUR
25.64187,9.24482,9.416927,13.36698,FOUR
19.58578,11.58036,11.73322,15.31533,FOUR
17.63579,12.32285,13.07753,16.11996,FOUR
22.74802,12.80061,13.74753,16.37366,FOUR
63.39752,14.10002,15.1244,18.22405,FOUR
72.473,14.14077,15.42174,18.72543,FOUR
71.02625,13.60059,15.09058,18.40995,FOUR
63.47025,12.22648,13.89187,17.26614,FOUR
60.08822,11.62691,13.0213,16.63738,FOUR
59.55252,11.49129,12.45419,16.86313,FOUR
57.23472,10.94053,11.34496,17.21522,FOUR
56.43658,10.69676,10.85944,17.60174,FOUR
57.16723,10.72934,10.68701,19.77569,FOUR
57.82117,10.84239,10.81583,22.46657,FOUR
57.99514,10.93889,11.17382,27.12089,FOUR
58.17705,10.96794,11.71083,31.16272,FOUR
58.10805,10.98455,12.15221,32.89,FOUR
58.14707,10.91174,12.5307,35.19702,FOUR
58.78635,10.89907,12.73242,34.99931,FOUR
59.49783,11.04361,12.97398,35.44943,FOUR
59.98246,11.17974,12.96292,35.2008,FOUR
59.4483,11.20537,12.82918,33.34094,FOUR
58.58871,11.48551,12.70416,28.79633,FOUR
58.09823,11.98966,12.51019,27.4302,FOUR
57.10921,12.34034,12.52571,27.63303,FOUR
55.28278,12.73623,12.78774,31.05703,FOUR
54.04038,12.55488,12.8954,31.48775,FOUR
53.61657,12.46673,12.97578,31.7376,FOUR
54.05287,12.48194,13.35327,33.87853,FOUR
55.73711,12.78386,13.79058,34.28793,FOUR
59.53644,13.22032,14.32252,31.21778,FOUR
62.85941,13.5065,14.77764,24.25507,FOUR
64.58504,13.56943,14.96235,19.78348,FOUR
67.60345,13.66803,15.25474,17.55136,FOUR
68.74111,13.70151,15.48029,17.56145,FOUR
69.88809,13.41192,15.71847,17.07775,FOUR
68.50645,13.02957,15.55427,16.21085,FOUR
66.14942,12.89676,15.00572,16.16393,FOUR
61.18057,12.66434,14.00018,16.04814,FOUR
58.96353,12.75994,13.53787,16.5235,FOUR
57.18821,13.07008,13.28163,16.62613,FOUR
52.85208,13.23727,13.03557,16.44148,FOUR
49.30253,12.76265,12.7417,16.46079,FOUR
41.00658,11.5483,11.58124,15.45378,FOUR
29.52589,10.17952,10.08998,14.10103,FOUR
28.68077,8.939735,8.981286,13.31172,FOUR
34.57307,7.872352,8.141794,12.68848,FOUR
35.54111,7.863421,8.217881,12.8512,FOUR
35.2211,7.809042,8.178534,12.88326,FOUR
34.52698,7.565274,7.615792,12.48938,FOUR
34.14468,7.503285,7.340561,12.3293,FOUR
33.57677,7.552527,7.135754,12.26284,FOUR
33.134,7.683062,7.143997,12.30692,FOUR
32.80901,7.841724,7.160756,12.34691,FOUR
32.88265,7.944828,7.060581,12.28716,FOUR
33.48825,8.004349,6.951189,12.25372,FOUR
33.79153,8.116483,6.884244,12.29414,FOUR
33.73104,8.176828,6.738543,12.32539,FOUR
33.84708,8.016529,6.788506,12.29979,FOUR
33.86295,7.752714,6.781424,12.20563,FOUR
34.04725,7.343153,6.513852,11.88982,FOUR
33.72716,6.499989,5.674368,11.27943,FOUR
32.71335,5.623018,4.781351,11.62819,FOUR
35.21812,5.149781,4.303022,12.11177,FOUR
37.48824,4.985938,4.039827,12.22585,FOUR
36.39247,5.029482,4.034491,12.05973,FOUR
35.18534,6.171585,5.284239,10.77534,FOUR
34.11164,7.211969,6.502794,11.69836,FOUR
32.63273,7.953224,7.193666,12.37197,FOUR
32.38423,7.904526,7.526161,12.52547,FOUR
32.31297,7.804843,7.556865,12.57843,FOUR
30.52172,8.040956,7.549487,12.61931,FOUR
23.68838,8.72445,7.499466,12.61549,FOUR
33.25518,10.73576,9.951353,13.9334,FOUR
61.13805,12.24022,13.24361,15.74029,FOUR
70.85326,13.1431,15.08055,17.16155,FOUR
68.99584,13.84297,15.87025,18.30633,FOUR
63.49782,13.51166,15.77194,18.43073,FOUR
59.67601,13.15933,15.13619,18.59811,FOUR
53.71278,12.03622,13.35857,24.16449,FOUR
49.40941,11.09553,11.92727,26.94687,FOUR
50.03741,10.96316,11.64028,26.1542,FOUR
53.14419,11.37676,12.41786,27.13871,FOUR
57.4835,12.22005,13.78626,25.65785,FOUR
61.06934,12.76953,14.32955,20.63875,FOUR
63.08519,12.97549,14.43926,17.13991,FOUR
64.9574,13.13798,14.3724,16.88422,FOUR
59.52596,12.74199,13.84033,16.0014,FOUR
43.44818,12.37946,12.08242,14.66786,FOUR
31.55824,12.40569,10.31074,13.85461,FOUR
8.483251,12.06973,9.633883,14.48836,FOUR
5.082301,8.752684,8.697187,11.61182,FOUR
6.239574,7.848729,7.274296,9.520247,FOUR
19.61433,7.582168,6.53777,11.30432,FOUR
32.66627,7.452298,6.731438,12.05866,FOUR
36.74627,7.938895,6.756476,12.30389,FOUR
36.23013,7.759926,6.774623,12.28779,FOUR
33.9104,7.885332,7.093539,12.64589,FOUR
33.09271,7.994116,7.226211,12.70515,FOUR
32.18158,8.025512,7.295761,12.56395,FOUR
31.98811,8.005821,7.314615,12.43782,FOUR
32.00779,7.927414,7.368254,12.39898,FOUR
32.29018,7.741161,7.454878,12.37215,FOUR
32.38902,7.668232,7.45551,12.35603,FOUR
32.36995,7.591144,7.479134,12.35922,FOUR
32.14556,7.520761,7.575668,12.38228,FOUR
32.16721,7.47118,7.837518,12.42427,FOUR
29.38127,7.944828,7.883615,12.64007,FOUR
24.87017,8.851461,8.424456,13.11631,FOUR
22.33267,9.30299,8.715012,13.50951,FOUR
23.32636,9.021688,8.613176,13.47287,FOUR
29.43354,8.002584,7.854155,12.69073,FOUR
32.52226,7.640028,7.602794,12.37507,FOUR
33.59688,7.452825,7.348762,12.21208,FOUR
33.52564,7.394782,7.090358,12.19021,FOUR
33.40192,7.40817,6.860984,12.12207,FOUR
33.1739,7.336657,6.738135,12.0474,FOUR
32.87679,7.223821,6.587195,11.91146,FOUR
32.99791,7.236276,6.689557,11.79453,FOUR
33.23517,7.297105,6.792635,11.73383,FOUR
33.44419,7.413677,6.882791,11.76703,FOUR
33.54713,7.570849,6.993641,11.91079,FOUR
33.59979,7.623055,7.050127,12.0211,FOUR
33.64452,7.631289,7.057663,12.07764,FOUR
33.77432,7.622052,7.037567,12.13078,FOUR
33.5994,7.625475,7.012324,12.16129,FOUR
33.34925,7.647037,6.988675,12.18466,FOUR
33.26886,7.662523,6.97966,12.18774,FOUR
33.33575,7.618833,6.965565,12.17199,FOUR
33.00375,7.640465,7.023868,12.19725,FOUR
32.61456,7.713756,7.11163,12.23114,FOUR
32.38156,7.826065,7.224798,12.28739,FOUR
32.2086,7.88914,7.308953,12.34071,FOUR
32.19584,7.893219,7.329005,12.35425,FOUR
32.26599,7.862073,7.313059,12.34831,FOUR
32.34315,7.854304,7.314132,12.35104,FOUR
32.39857,7.929865,7.328657,12.4227,FOUR
32.29573,8.015378,7.344436,12.4983,FOUR
32.139,7.990947,7.271625,12.47958,FOUR
32.07129,7.904899,7.496456,12.4755,FOUR
30.23167,8.309763,7.958479,12.65649,FOUR
23.90958,9.801868,9.040855,13.39584,FOUR
29.11265,11.48148,11.24701,15.59264,FOUR
47.9318,12.88704,12.91306,16.72947,FOUR
62.87105,13.35735,14.01058,17.06575,FOUR
69.78123,13.8137,15.03348,17.83216,FOUR
68.1466,14.11508,15.57292,18.90487,FOUR
66.06349,13.88511,15.47431,18.80202,FOUR
63.16565,13.50677,15.06605,18.46216,FOUR
56.07393,11.8771,13.14147,16.88968,FOUR
47.23868,10.20602,11.61194,15.31882,FOUR
46.21711,9.902025,11.32126,15.03955,FOUR
50.38547,10.43494,11.71472,15.57717,FOUR
50.68888,11.23074,12.16857,16.17773,FOUR
50.92567,11.57585,12.43792,16.31704,FOUR
58.44685,12.03183,13.03911,16.70053,FOUR
66.12891,13.14391,14.33865,17.48272,FOUR
66.05935,13.39287,14.76234,17.25397,FOUR
54.77072,13.0512,13.45458,16.57941,FOUR
26.90619,12.57172,11.58954,15.17659,FOUR
24.61836,9.891952,9.418054,14.01477,FOUR
35.19944,7.515358,7.551488,12.62337,FOUR
36.87811,6.982582,6.739852,11.97635,FOUR
36.54399,7.183268,6.694129,12.03331,FOUR
35.9229,7.503887,6.894351,12.08638,FOUR
35.8863,7.616848,6.948366,12.03265,FOUR
35.60983,7.738728,7.051601,12.11151,FOUR
35.2473,7.852305,7.18305,12.23701,FOUR
35.06046,7.936595,7.264256,12.3287,FOUR
34.87975,7.947125,7.245055,12.32541,FOUR
34.95245,7.717623,7.018168,12.01628,FOUR
35.02546,7.556605,6.832596,11.69893,FOUR
36.53871,7.307234,6.454974,11.1947,FOUR
38.03389,7.157138,6.22907,10.98627,FOUR
38.92159,7.162317,6.175682,10.88636,FOUR
39.20235,7.274566,6.28996,10.88465,FOUR
39.29578,7.414127,6.483466,10.98444,FOUR
39.07526,7.5253,6.668445,11.13334,FOUR
38.40788,7.634349,6.838305,11.30601,FOUR
37.53697,7.796086,7.048819,11.53594,FOUR
36.38616,7.982566,7.195983,11.77596,FOUR
35.40379,8.202505,7.322764,11.93854,FOUR
35.26532,8.317721,7.360447,11.99543,FOUR
35.19635,8.378409,7.374988,12.04043,FOUR
35.15901,8.413399,7.403481,12.08738,FOUR
35.02597,8.500387,7.4908,12.19598,FOUR
34.92344,8.690229,7.630338,12.33648,FOUR
35.01534,8.88374,7.706323,12.39199,FOUR
35.49484,8.972816,7.637845,12.29178,FOUR
36.11819,8.913545,7.543089,12.15306,FOUR
37.74074,8.927288,7.455826,11.81817,FOUR
38.9409,9.280126,7.667004,11.78358,FOUR
40.47764,10.24803,8.407165,12.19068,FOUR
40.43666,10.91234,9.093882,12.73193,FOUR
39.99821,11.26867,9.538978,13.1468,FOUR
39.46872,11.7703,10.28195,13.97484,FOUR
38.68636,12.70675,11.95855,15.7174,FOUR
37.40656,13.19972,13.16,16.79046,FOUR
36.30935,13.23339,13.38622,17.06854,FOUR
36.07788,13.07809,13.143,16.95608,FOUR
36.20905,12.69649,12.53158,16.54289,FOUR
35.7535,12.42097,12.22437,16.17489,FOUR
34.95689,12.1428,11.99758,15.79571,FOUR
35.87615,11.6808,11.39767,14.87427,FOUR
37.40456,11.39838,11.05068,14.41471,FOUR
37.82088,12.3363,11.92296,16.23314,FOUR
43.9765,12.65255,12.34058,17.07791,FOUR
68.92242,13.16972,13.46184,18.58333,FOUR
77.48357,13.65304,14.82183,18.78775,FOUR
77.84199,13.91168,15.5131,18.9152,FOUR
76.26885,14.03012,15.67165,18.82629,FOUR
75.00172,13.99088,15.59311,18.74903,FOUR
73.67199,13.83003,15.17685,18.68379,FOUR
73.45564,13.74114,14.95865,18.63968,FOUR
73.46764,13.68701,14.83719,18.56346,FOUR
74.05421,13.63272,14.91953,18.48125,FOUR
73.95878,13.66226,15.01636,18.3282,FOUR
72.92701,13.52437,14.83871,17.69538,FOUR
66.40666,13.11256,14.1444,17.40661,FOUR
58.78827,12.95337,13.41301,17.1594,FOUR
29.95223,13.05713,12.97509,17.28797,FOUR
30.1753,12.12529,11.83188,16.19259,FOUR
37.2542,11.47561,10.68489,15.23868,FOUR
41.03947,11.58738,10.68347,15.22014,FOUR
41.65074,12.38927,11.66312,16.18971,FOUR
39.75866,13.12088,12.71686,16.87549,FOUR
39.49028,13.48739,13.25511,17.104,FOUR
40.09396,13.67853,13.62735,17.21153,FOUR
40.43356,13.66124,13.71907,17.01935,FOUR
40.55111,13.59436,13.67322,16.84059,FOUR
40.04539,13.50603,13.70981,16.88545,FOUR
40.05767,13.49882,13.75079,17.02879,FOUR
40.31918,13.41695,13.63395,17.00142,FOUR
40.47404,13.37159,13.58308,17.05408,FOUR
40.56929,13.32559,13.50698,17.15669,FOUR
40.33244,13.26777,13.50288,17.20821,FOUR
38.69759,13.06162,13.3522,17.10878,FOUR
35.5972,12.30447,12.46812,16.48266,FOUR
34.33745,10.91284,11.24812,15.40773,FOUR
28.89976,11.32444,12.23208,16.01341,FOUR
41.33893,12.79206,13.72044,18.15603,FOUR
68.93626,13.9157,14.76246,19.19608,FOUR
72.53373,14.61068,15.27389,19.32355,FOUR
70.90096,14.97036,15.38523,19.05636,FOUR
67.96899,15.19789,15.30418,18.70835,FOUR
65.16808,15.19351,15.22493,18.61255,FOUR
62.41342,15.3321,15.13643,18.59767,FOUR
59.7176,15.46049,14.95985,18.58096,FOUR
57.40056,15.86497,14.75026,18.36358,FOUR
56.98922,15.91254,14.64838,18.38028,FOUR
57.14169,15.69412,14.69264,18.33377,FOUR
60.29572,15.21417,14.75693,18.03012,FOUR
63.67359,14.57756,14.63725,17.74363,FOUR
65.25567,14.21386,14.63342,17.73009,FOUR
66.22416,14.11833,14.64102,18.03077,FOUR
68.42924,13.89244,14.70993,18.50025,FOUR
70.34113,13.42037,15.0066,18.24855,FOUR
63.70551,13.0782,14.35199,17.38906,FOUR
51.32123,13.32067,13.54456,17.36831,FOUR
27.10722,14.46087,13.60852,17.99879,FOUR
19.57989,14.87054,13.90401,18.29702,FOUR
29.47538,13.56202,14.04776,18.3418,FOUR
38.04726,12.89687,13.631,17.94494,FOUR
42.20164,13.3247,13.90584,18.07273,FOUR
43.48577,13.88511,14.56284,18.26748,FOUR
43.14205,13.98439,14.90266,18.36597,FOUR
42.12208,13.97209,15.16599,18.56693,FOUR
43.22205,14.12491,15.21384,18.71338,FOUR
43.86811,14.43324,15.03185,18.78554,FOUR
43.82591,14.55303,14.83909,18.80499,FOUR
45.46753,14.66597,14.6595,18.6912,FOUR
46.92783,14.6817,14.53612,18.50504,FOUR
48.03143,14.61145,14.53591,18.35573,FOUR
48.25667,14.42509,14.53503,18.20304,FOUR
47.15511,14.20678,14.66473,18.11472,FOUR
40.90137,14.00795,14.91916,18.41528,FOUR
33.77105,13.13789,14.06372,17.73376,FOUR
25.62397,12.60966,13.887,17.39141,FOUR
48.20752,12.41897,13.32621,17.48932,FOUR
66.24178,12.91621,13.94287,17.86883,FOUR
73.84113,13.39879,14.66883,18.26872,FOUR
74.43287,13.79621,15.10052,18.66382,FOUR
73.41098,14.14219,15.06069,19.25933,FOUR
71.06348,14.26481,14.96771,19.41492,FOUR
69.04763,14.24266,14.86376,19.3119,FOUR
67.75319,14.19485,14.8243,19.14927,FOUR
66.88171,14.17259,14.80732,19.03392,FOUR
66.43713,14.11238,14.7102,18.91188,FOUR
65.36936,14.14471,14.70074,18.76574,FOUR
64.14339,14.16652,14.66473,18.60261,FOUR
63.4293,14.18344,14.61109,18.44425,FOUR
62.54584,14.22154,14.55795,18.318,FOUR
62.02062,14.26968,14.53818,18.27404,FOUR
61.95111,14.3166,14.54281,18.30789,FOUR
62.01829,14.37736,14.58911,18.35293,FOUR
61.9348,14.45232,14.62856,18.38722,FOUR
62.47242,14.51483,14.62271,18.50736,FOUR
63.0579,14.54073,14.57159,18.65788,FOUR
63.39584,14.57912,14.56944,18.73649,FOUR
66.91315,13.85977,14.70868,18.25573,FOUR
63.64463,13.27926,14.51209,17.56401,FOUR
58.4369,13.59129,13.92125,17.22346,FOUR
31.55679,14.8902,13.13968,17.941,FOUR
10.19632,16.41034,13.257,18.34689,FOUR
7.553229,17.71135,13.53502,18.05855,FOUR
7.072768,16.48908,13.51422,17.47004,FOUR
11.81176,14.17566,13.31786,17.37099,FOUR
30.23136,15.47026,14.09993,19.16373,FOUR
38.46182,15.14848,14.81422,19.717,FOUR
41.27787,14.34877,15.07764,19.14289,FOUR
41.00651,13.85913,15.31276,18.80219,FOUR
40.99342,13.77668,15.33509,18.77187,FOUR
41.63173,13.95713,15.29964,18.88885,FOUR
42.28854,14.0699,15.29081,18.98082,FOUR
43.54292,14.1803,15.31487,19.17265,FOUR
43.49447,14.18635,15.33552,19.25588,FOUR
40.99902,14.20703,15.33235,19.44286,FOUR
37.08335,14.45811,15.3077,19.57541,FOUR
32.75938,14.28187,14.91263,19.27393,FOUR
33.15273,13.47814,14.35372,18.39844,FOUR
34.36188,13.02244,14.20548,17.77887,FOUR
29.61418,13.17885,14.52126,17.35924,FOUR
20.7015,13.61572,13.6982,17.76473,FOUR
43.3754,14.29429,13.85502,18.00358,FOUR
66.48263,14.30239,14.45479,18.40882,FOUR
67.99316,14.7254,14.89824,18.5221,FOUR
67.84304,14.39224,15.03921,18.6933,FOUR
66.1083,14.31371,15.01409,18.78725,FOUR
66.20321,14.31139,14.99867,18.74217,FOUR
70.23875,13.64386,15.15015,18.33709,FOUR
69.58273,13.42195,15.15419,17.92937,FOUR
59.70894,13.04746,14.53028,17.29055,FOUR
49.58764,13.04551,13.86369,16.43698,FOUR
42.47805,13.71272,13.52479,16.31216,FOUR
21.40733,15.69777,14.59002,20.20864,FOUR
8.232085,17.96366,17.20931,24.78926,FOUR
9.345946,22.89412,20.16553,28.7005,FOUR
8.509531,25.9791,22.15247,29.836,FOUR
7.399054,24.58073,19.89777,28.33013,FOUR
51.20995,15.42729,15.52696,19.38188,FOUR
70.69571,13.4406,14.56685,16.59132,FOUR
74.46622,12.77017,14.68404,15.82713,FOUR
74.38348,12.61965,14.83138,15.86082,FOUR
71.34406,12.84595,14.96764,16.16765,FOUR
68.87636,13.13334,15.10676,16.76704,FOUR
68.17798,13.49898,14.92794,17.33958,FOUR
69.09268,13.97313,14.71593,17.76058,FOUR
65.80276,14.11589,14.59904,18.61202,FOUR
60.15168,14.14545,14.37713,18.67303,FOUR
52.14159,14.31936,14.09163,17.91915,FOUR
12.197,14.9317,13.37779,17.68357,FOUR
12.10293,15.98996,13.19117,17.67158,FOUR
9.297009,15.85153,12.98548,17.83581,FOUR
20.90179,15.09854,13.39704,18.54831,FOUR
42.14655,14.91608,14.60852,19.70213,FOUR
51.61998,14.9905,15.05307,19.55616,FOUR
52.3597,14.81635,15.30671,19.53671,FOUR
49.9282,14.33987,15.44367,19.15877,FOUR
49.13195,14.50606,15.40767,19.14692,FOUR
49.28347,15.0055,15.48315,19.30502,FOUR
49.66031,15.27608,15.30693,19.48811,FOUR
51.10955,15.26855,14.87496,19.54911,FOUR
50.36306,15.20851,14.65132,19.61761,FOUR
49.49335,15.13081,14.78122,19.47846,FOUR
49.49471,15.16136,14.95157,19.49063,FOUR
49.9705,15.52776,15.35469,19.53387,FOUR
50.15471,15.66506,15.56861,19.48816,FOUR
50.66799,15.67785,15.58935,19.44849,FOUR
51.11681,15.56185,15.47787,19.3959,FOUR
50.93433,15.60045,15.43153,19.27905,FOUR
50.05434,15.71349,15.18925,18.9705,FOUR
49.60569,15.63123,14.94451,18.87547,FOUR
50.38452,15.47874,14.93305,18.98811,FOUR
50.37003,15.22196,15.08901,19.3264,FOUR
48.33192,15.0672,15.29731,19.72311,FOUR
45.87345,15.05305,15.36426,19.71837,FOUR
45.91124,15.27429,15.35517,19.52455,FOUR
45.96751,15.50656,15.23153,19.48627,FOUR
43.97332,15.79639,15.16832,19.63119,FOUR
43.54343,16.00924,15.22604,19.74216,FOUR
43.54343,16.00924,15.22604,19.74216,FOUR
23.49619,8.964754,5.694538,10.99592,FOUR
46.76123,16.00062,14.92771,20.15479,FOUR
47.22092,16.2068,15.08421,20.47358,FOUR
49.19095,16.58061,15.19843,20.2805,FOUR
47.14818,16.34441,15.04425,20.16329,FOUR
37.91119,15.38424,15.07574,20.93539,FOUR
26.64867,14.48881,15.07798,20.68938,FOUR
22.42966,13.97233,14.72151,19.90594,FOUR
16.5999,12.83624,13.8485,18.43767,FOUR
12.62611,14.63346,13.43329,17.58851,FOUR
9.87267,21.43959,13.32933,17.90974,FOUR
12.32811,22.37826,12.68103,18.34853,FOUR
24.03949,16.11689,12.05938,19.63001,FOUR
28.55078,15.40316,12.5725,18.93422,FOUR
59.37383,13.86197,14.70405,17.4618,FOUR
73.57487,13.51134,15.23087,16.77748,FOUR
75.58059,13.52886,15.35255,17.91206,FOUR
74.55316,13.74462,15.13724,18.34357,FOUR
72.84358,13.85707,14.92393,18.80976,FOUR
71.77563,13.62179,14.86803,18.98506,FOUR
72.05346,13.62007,15.00794,18.80482,FOUR
71.4843,13.74768,15.04515,18.70386,FOUR
71.00243,13.84052,15.06285,18.53583,FOUR
70.26504,13.92348,14.95993,18.66699,FOUR
68.121,14.4303,14.86684,19.18468,FOUR
62.69367,15.47379,14.96755,19.53749,FOUR
57.57001,16.2357,15.09566,19.54874,FOUR
55.52387,16.46409,15.09833,19.23043,FOUR
56.52026,16.47739,15.13617,18.98532,FOUR
58.14947,16.09824,15.27303,18.57413,FOUR
59.74412,15.76936,15.34228,18.43229,FOUR
59.87477,15.91754,15.29049,18.51395,FOUR
55.44287,17.917,14.97363,19.31579,FOUR
53.29742,18.8363,15.11533,20.2807,FOUR
51.25501,19.08196,15.59392,21.40216,FOUR
54.17063,18.72707,15.93984,21.65284,FOUR
57.9612,18.16444,15.98142,21.54498,FOUR
60.72078,17.91343,15.9572,21.29347,FOUR
63.16777,17.6025,15.9509,20.79861,FOUR
63.96087,17.90697,16.01513,20.74725,FOUR
63.78302,18.16856,16.04498,20.76687,FOUR
62.26429,18.47418,15.99231,20.69691,FOUR
60.08275,18.56133,15.80592,20.70747,FOUR
58.42129,18.46566,15.43686,20.60666,FOUR
59.32362,17.99204,15.36959,20.21345,FOUR
58.91269,17.37811,15.40569,20.49711,FOUR
54.6308,17.28955,15.46017,20.80878,FOUR
50.94204,17.60498,15.37177,20.96439,FOUR
46.01103,18.08533,15.25401,20.7809,FOUR
42.70338,18.61775,15.58271,20.62664,FOUR
40.87121,19.61302,16.11315,20.72528,FOUR
38.14414,20.40329,16.31052,20.96342,FOUR
36.57876,21.42406,16.08251,20.83875,FOUR
42.98634,19.64919,14.33719,19.97252,FOUR
55.8932,15.72279,13.39216,17.99419,FOUR
55.25808,12.93256,13.33264,15.24111,FOUR
30.39482,10.54876,12.47686,14.1547,FOUR
16.11268,12.64097,12.63755,16.28899,FOUR
19.04018,14.37685,13.09372,18.50352,FOUR
21.85329,14.55235,13.72171,19.39914,FOUR
22.1384,14.88532,14.39022,19.70425,FOUR
25.43373,14.94014,14.73186,20.22994,FOUR
29.06655,14.81752,14.96694,20.32724,FOUR
30.59046,14.62045,15.02201,19.99976,FOUR
30.67108,14.54566,14.91727,19.64459,FOUR
30.24715,14.42344,14.56599,19.3234,FOUR
30.94485,14.25153,14.31322,19.28737,FOUR
32.97342,13.92057,14.18094,19.2476,FOUR
34.56187,13.76337,14.1266,18.82639,FOUR
35.22683,13.525,13.94657,18.42061,FOUR
36.20557,12.86923,13.26881,17.62341,FOUR
36.3426,12.40561,12.90716,17.18549,FOUR
36.17767,12.11997,12.70632,16.93751,FOUR
35.37885,11.37463,11.99076,16.23125,FOUR
34.32378,11.1881,11.88075,16.08275,FOUR
33.01397,11.1986,11.97874,16.06805,FOUR
30.51858,11.2931,12.085,16.02145,FOUR
27.05733,11.59153,12.13778,16.05294,FOUR
24.69207,12.04102,12.17009,16.22471,FOUR
19.10455,14.08883,12.46541,16.75405,FOUR
16.60836,15.37193,12.55113,16.85567,FOUR
20.59666,14.22853,12.49271,16.70602,FOUR
27.76087,12.21419,12.04204,15.91601,FOUR
32.30577,10.40717,11.25001,14.93805,FOUR
33.76669,9.857699,11.06915,14.62879,FOUR
33.17354,9.948408,11.43992,14.60707,FOUR
31.03349,10.65205,11.94921,14.852,FOUR
29.37314,11.32603,12.45357,15.40886,FOUR
25.26915,12.78727,13.60482,16.74143,FOUR
20.68263,13.44972,13.43951,17.24961,FOUR
14.57934,14.61948,13.62937,18.13148,FOUR
2.578761,16.68773,14.62712,18.95672,FOUR
4.444177,13.97093,12.85317,18.73485,FOUR
3.98713,13.24136,10.96708,18.95929,FOUR
5.198744,12.74559,9.93565,18.43351,FOUR
6.823432,13.00807,9.924421,17.58774,FOUR
8.284772,14.28314,10.85516,18.40309,FOUR
11.82395,16.08679,11.63125,18.15438,FOUR
14.64417,16.66376,12.44881,19.97145,FOUR
18.30824,15.41854,12.73478,20.00346,FOUR
23.71045,13.15394,12.55297,19.07947,FOUR
23.3399,12.5121,12.12393,18.74245,FOUR
21.26573,12.27918,12.09941,19.17735,FOUR
19.50105,11.90984,11.59145,16.07113,FOUR
17.59572,12.01127,11.3132,15.44983,FOUR
16.76614,12.25755,11.33072,15.45547,FOUR
17.38162,12.23833,11.12957,14.1438,FOUR
18.25331,12.17817,10.85518,13.14298,FOUR
19.20538,12.60109,10.81447,14.38505,FOUR
19.71148,13.0438,11.38889,15.81345,FOUR
19.51159,13.26869,12.7218,17.22827,FOUR
15.3896,13.34282,13.49872,18.10497,FOUR
12.3033,13.61505,13.44007,18.5006,FOUR
8.649244,13.13807,12.51114,17.39082,FOUR
8.627439,12.37062,10.58446,14.25899,FOUR
8.795937,11.61893,9.765151,11.72425,FOUR
5.186745,11.67636,9.715393,11.30645,FOUR
4.655978,12.18986,9.639758,11.20479,FOUR
4.605088,13.49093,10.04939,12.02634,FOUR
3.301501,12.16314,10.31118,12.86325,FOUR
2.15858,11.5907,10.63366,12.94834,FOUR
1.544717,12.33098,10.61915,13.29028,FOUR
2.546144,12.07153,10.57531,13.23281,FOUR
3.671145,12.06228,10.63403,13.08797,FOUR
4.633245,12.42527,10.59613,12.68786,FOUR
5.587284,13.04336,10.50959,12.12372,FOUR
6.141908,13.11541,10.35739,11.95772,FOUR
5.644343,12.85518,10.35894,12.43882,FOUR
3.608692,13.89586,10.62616,12.4588,FOUR
1.797003,15.54281,10.52619,13.14487,FOUR
2.727352,27.79096,11.70823,22.15252,FOUR
5.964665,32.05227,17.02102,27.44555,FOUR
8.457353,34.3893,20.35253,31.42274,FOUR
12.02287,21.78687,16.63791,25.80553,FOUR
54.34736,15.38793,15.6312,19.65059,FOUR
77.73792,14.30855,15.8937,17.27858,FOUR
76.62817,13.63076,15.70766,16.75408,FOUR
65.19382,13.07924,14.30852,16.78718,FOUR
38.98026,12.98302,13.21237,16.87335,FOUR
33.8946,11.11362,11.2592,15.55334,FOUR
40.71457,10.70587,10.81447,15.4104,FOUR
41.40305,11.181,11.18565,15.85828,FOUR
39.78782,11.23742,11.19253,15.83669,FOUR
37.30809,11.40311,10.96054,15.69762,FOUR
36.3128,11.65704,11.14384,15.87752,FOUR
35.63857,12.0563,11.63782,16.34947,FOUR
35.4212,12.33862,12.02195,16.68592,FOUR
36.20713,12.4195,12.1471,16.77476,FOUR
37.56727,12.34196,11.94273,16.60117,FOUR
39.17189,12.22592,11.62568,16.29994,FOUR
40.38016,12.07173,11.28048,15.90706,FOUR
39.99129,12.07928,11.25584,15.8917,FOUR
36.76508,12.28464,11.61483,16.30216,FOUR
35.35685,11.58383,11.24427,15.76701,FOUR
35.1583,10.84965,10.91151,15.20895,FOUR
34.33254,10.54587,10.83338,14.87873,FOUR
33.08036,11.11122,11.65439,15.14698,FOUR
30.868,11.79694,12.80719,16.27493,FOUR
24.85006,12.11997,13.24364,16.6825,FOUR
24.14229,12.34276,12.89797,16.58892,FOUR
22.41091,12.69594,11.86742,15.99692,FOUR
12.53012,13.84432,12.47443,16.84921,FOUR
7.866865,17.05587,14.44193,21.06827,FOUR
5.651041,27.4865,18.85937,28.32621,FOUR
9.131552,35.94061,22.2466,32.89054,FOUR
8.441479,27.79399,22.36556,30.70226,FOUR
57.55598,16.33304,17.9896,22.56446,FOUR
75.55083,14.14576,16.0169,19.09959,FOUR
73.28509,13.45442,15.4243,17.74809,FOUR
70.36533,13.3284,14.96571,17.69452,FOUR
67.63614,13.09384,14.51934,17.59988,FOUR
60.04874,13.28282,14.09846,17.21304,FOUR
50.63676,13.85277,13.40849,16.12326,FOUR
37.72561,16.65549,12.57278,15.43407,FOUR
6.319565,16.36399,10.4773,12.09421,FOUR
8.376276,12.34322,10.81369,12.54693,FOUR
4.268841,11.18224,11.01054,12.71893,FOUR
17.7478,13.90699,11.48532,13.74415,FOUR
32.30352,13.44831,11.84019,15.95882,FOUR
41.47189,12.21895,11.61408,16.64918,FOUR
43.44437,11.64194,11.15708,15.45848,FOUR
40.1624,11.38953,11.36042,15.16536,FOUR
39.32727,11.56456,11.69829,15.31298,FOUR
39.87851,11.67116,11.57582,15.449,FOUR
41.00462,11.94153,11.69738,15.74997,FOUR
42.41819,12.04657,11.76794,15.91618,FOUR
43.55189,11.98448,11.65285,15.8293,FOUR
44.22252,11.73749,11.27327,15.58359,FOUR
44.22252,11.73749,11.27327,15.58359,FOUR
44.22252,11.73749,11.27327,15.58359,FOUR
44.22252,11.73749,11.27327,15.58359,FOUR
44.22252,11.73749,11.27327,15.58359,FOUR
44.22252,11.73749,11.27327,15.58359,FOUR
44.22252,11.73749,11.27327,15.58359,FOUR
