-0.09675051,0.01367119,-0.0329484,-0.04919096,0.0917604,0.04426825,-0.01668024,0.1039943,0.05292207,0.01107929,0.09780633,0.05411303,0.04517801,0.07480586,0.0500052,67.01683,17.6753,13.93697,21.49467,OPEN
-0.100607,-0.003332376,0.0280987,-0.04156183,0.09207267,0.05033273,-0.009132616,0.1024627,0.05741918,0.01761482,0.09485692,0.05710256,0.05147254,0.06944859,0.05165577,63.35989,17.17155,13.60225,22.31808,OPEN
-0.09622589,-0.002346933,0.0341152,-0.04095116,0.09573686,0.04589641,-0.00714469,0.1053262,0.05338222,0.01909425,0.09592718,0.05486405,0.05284608,0.06938505,0.05011749,62.96725,17.6726,13.57437,22.60122,OPEN
-0.1000549,-0.0282703,0.01632667,-0.08325332,0.07789719,0.03701082,-0.05371289,0.1017391,0.04868576,-0.02926454,0.09836221,0.05642232,0.01428357,0.08446038,0.05970541,57.75016,18.52498,11.69981,22.97074,OPEN
-0.09987579,-0.02794814,0.0165019,-0.08280943,0.07673529,0.03951389,-0.05320858,0.1005302,0.05128062,-0.02875141,0.09709606,0.05865693,0.01489611,0.08321926,0.06136853,57.34348,18.57161,11.67735,23.02167,OPEN
-0.1015484,-0.02253619,0.01313549,-0.07958613,0.0786489,0.0396975,-0.04916684,0.1010078,0.0525246,-0.02516161,0.09660575,0.06011352,0.01749052,0.08120206,0.06307974,56.7177,18.74471,11.66824,22.89906,OPEN
-0.1015107,-0.01113582,0.02524245,-0.06057795,0.09078521,0.04835063,-0.02776165,0.1061737,0.05805767,0.0004866943,0.1018248,0.05809581,0.03816514,0.08032089,0.05354929,59.57589,17.58463,13.19886,21.68478,OPEN
-0.1059875,-0.008766651,-0.00200069,-0.06389051,0.07921022,0.05984652,-0.0330414,0.0921393,0.07387948,-0.003866091,0.08572555,0.07809711,0.03756006,0.06974214,0.06850833,61.6793,17.1988,14.17482,23.02304,OPEN
-0.1044828,-0.01044446,0.005234659,-0.06389749,0.07900518,0.05982161,-0.03299992,0.09166491,0.07432413,-0.003955312,0.08572447,0.07831854,0.03720801,0.06938648,0.06920552,60.18198,17.27704,14.07179,22.87404,OPEN
-0.1024537,-0.0185672,0.02108884,-0.06131205,0.0786038,0.0626784,-0.02879351,0.09104544,0.07703501,-0.001507096,0.08698773,0.07825518,0.03846873,0.06884706,0.06955928,60.5851,17.86997,12.95022,22.43154,OPEN
-0.09864491,-0.02660042,0.02370298,-0.06733002,0.06757545,0.06957,-0.03604506,0.0799287,0.08576584,-0.008750007,0.07480097,0.08839506,0.03330164,0.0595848,0.0790993,58.37453,17.71036,13.0494,23.13029,OPEN
-0.09747495,-0.03240919,0.01714629,-0.06695807,0.04078364,0.08685082,-0.03832316,0.04747146,0.1051915,-0.007584818,0.04716498,0.1057271,0.03464945,0.03617036,0.09195656,56.67595,16.55715,14.62331,23.2098,OPEN
-0.09737086,-0.03072447,0.01487821,-0.06594104,0.03232545,0.09074438,-0.03801622,0.03787899,0.1090776,-0.004798852,0.03743058,0.10977,0.03630093,0.02649367,0.09449571,55.75817,16.17455,15.85719,22.88026,OPEN
-0.09142783,-0.02362454,0.020863,-0.06044503,0.02515715,0.0941903,-0.03337805,0.03503448,0.110215,0.003810972,0.03510582,0.1091977,0.04279533,0.02326882,0.09106308,51.55699,15.88802,18.0028,22.82809,OPEN
-0.09358984,-0.02022636,0.01599014,-0.05613469,0.02052253,0.09619528,-0.02977605,0.03372073,0.1109986,0.008790344,0.0351522,0.1086231,0.04783241,0.02301323,0.08828259,54.54828,15.95977,18.8262,23.47912,OPEN
-0.09677401,-0.0124355,0.02287459,-0.0442394,0.01889294,0.1043749,-0.01363273,0.02635527,0.1159577,0.02051128,0.02622139,0.1086054,0.05371661,0.01719844,0.08449101,56.0399,16.28552,16.96011,21.60449,OPEN
-0.09676418,-0.01604974,0.02045804,-0.04949516,0.01556218,0.1029199,-0.01838529,0.02261531,0.115941,0.01610347,0.02221364,0.1100962,0.04919496,0.01270217,0.08735633,54.8717,16.74619,17.00994,21.17729,OPEN
-0.08985887,-0.0355351,0.01117617,-0.05847524,-0.006652534,0.08612484,-0.03826281,0.009325564,0.1066883,-0.0004812256,0.02255136,0.1088488,0.03885346,0.01833022,0.09101176,50.50562,16.67815,20.4955,22.95954,OPEN
-0.0918314,-0.03500724,0.0103206,-0.06217127,-0.002967834,0.08787191,-0.04059448,0.01106668,0.1069852,-0.003304679,0.02196795,0.1089648,0.03627998,0.01814514,0.09190327,50.83724,16.13165,19.71758,22.8747,OPEN
-0.09565549,-0.03307939,0.005273998,-0.07250225,0.01444763,0.08902186,-0.04750205,0.02146167,0.1075651,-0.01249047,0.023278,0.1094424,0.02701328,0.0200845,0.09494174,53.79859,15.48004,17.06088,21.92501,OPEN
-0.09565277,-0.03404182,0.003994882,-0.07281831,0.01453412,0.08805227,-0.04802921,0.02232558,0.1070762,-0.01422224,0.02432603,0.1091936,0.02456025,0.02091378,0.0954476,54.34338,15.63933,16.47855,21.35535,OPEN
-0.08857851,-0.02375799,0.02361953,-0.05532932,0.02432501,0.09797764,-0.02715506,0.03552014,0.11132,0.008683056,0.03639287,0.1074046,0.04693428,0.02736026,0.08667862,52.49686,16.02793,17.49087,22.96013,OPEN
-0.09477622,-0.01818848,0.02190912,-0.05490564,0.0295943,0.09738368,-0.02635247,0.04117095,0.1109064,0.008710817,0.03941464,0.1078147,0.04765105,0.03094727,0.08710176,53.55223,16.11351,16.89979,22.93716,OPEN
-0.09975747,-0.01584697,0.01595813,-0.05810812,0.03675765,0.0939635,-0.02900952,0.04589576,0.1088005,0.003730379,0.04147691,0.1075714,0.04421262,0.03215247,0.08903843,55.67671,16.19573,15.75543,23.21154,OPEN
-0.1021508,-0.02172422,0.01853555,-0.0587163,0.07076699,0.07618344,-0.02579894,0.07864851,0.09227967,0.001896184,0.07109368,0.0932622,0.0411312,0.05377877,0.07985294,62.37636,17.58879,13.30487,22.44559,OPEN
-0.1015064,-0.0227828,0.01982033,-0.05955465,0.07344401,0.07330364,-0.02686638,0.08204901,0.08931977,-9.75579E-05,0.07461357,0.09045368,0.03940745,0.05715585,0.07791638,62.63115,17.51483,12.80552,22.45909,OPEN
-0.09749841,-0.03386593,0.02164954,-0.07286573,0.08009988,0.04699695,-0.04692,0.09917253,0.05643976,-0.01823194,0.09625423,0.06194502,0.02638758,0.07977223,0.05993575,64.2457,15.77936,13.63471,24.21636,OPEN
-0.09618275,-0.03468829,0.02452481,-0.07252901,0.07840306,0.04998839,-0.04634483,0.09764922,0.05939209,-0.01751021,0.0951761,0.06409889,0.02657845,0.07911229,0.06100518,63.75934,15.91703,13.63627,23.85461,OPEN
-0.07307269,0.002158344,0.06188416,-0.03994262,0.09709018,0.04641575,-0.01229799,0.1115494,0.04465193,0.01274525,0.1062474,0.04041362,0.03898212,0.08508384,0.0331707,56.92141,14.96521,12.28114,16.72497,OPEN
-0.07021724,-0.002643406,0.06837487,-0.03739157,0.09371948,0.0521841,-0.008985311,0.107813,0.04982865,0.01714234,0.1019199,0.04487354,0.03742473,0.08309489,0.03437805,57.73374,15.47221,13.11866,13.89973,OPEN
-0.08004337,0.01349771,0.05140758,-0.03368522,0.1000215,0.03743148,-0.003504232,0.1099661,0.04021633,0.02064855,0.102305,0.0389263,0.04119034,0.08067715,0.0340417,56.29547,15.79752,12.41897,14.63849,OPEN
-0.09306895,0.01111245,0.008216262,-0.0457649,0.104511,0.02032876,-0.01535068,0.1169162,0.02689677,0.007472835,0.10793,0.0349167,0.03983668,0.07983023,0.04531395,59.17298,16.07767,12.12237,22.68236,OPEN
-0.09494619,0.006925225,0.0009735227,-0.05093695,0.1030529,0.01527852,-0.02192688,0.1167158,0.02262568,0.001590975,0.1085833,0.03216404,0.03675641,0.08192009,0.044388,59.73193,15.78937,12.52689,23.77512,OPEN
-0.0983625,-0.0007401705,-0.009578824,-0.05729086,0.1006379,0.00697726,-0.03054555,0.1154035,0.01736003,-0.006306861,0.1082779,0.02977693,0.0317852,0.08398163,0.04409033,61.3689,15.51381,13.28236,24.89804,OPEN
-0.1025714,-0.003130078,0.006091714,-0.05345109,0.100784,0.01537311,-0.02622494,0.1137574,0.02772164,-0.0003104117,0.1054614,0.039738,0.03957095,0.08117807,0.04572141,63.60457,15.7588,14.24586,24.68096,OPEN
-0.1025591,-0.001439154,0.01374096,-0.05123553,0.1015801,0.02040637,-0.02313244,0.1140519,0.03190506,0.003507424,0.1052084,0.04264647,0.04297244,0.08096528,0.04487711,63.22285,15.78325,14.33122,24.08023,OPEN
-0.1016696,0.00240159,0.02203101,-0.04832437,0.09858674,0.02826637,-0.01869626,0.1111978,0.03631014,0.007518925,0.1024585,0.04394943,0.04528566,0.08097804,0.04080081,60.70432,16.26983,13.91408,22.92981,OPEN
-0.1004391,0.01289213,0.0186246,-0.04140109,0.09937131,0.02807373,-0.01118707,0.1107717,0.0344438,0.01376921,0.1006616,0.04206699,0.04873097,0.07831997,0.0389412,58.63342,16.40336,13.80028,22.21448,OPEN
-0.09752566,0.0248071,0.01067781,-0.03392344,0.1008431,0.025832,-0.00560648,0.1105766,0.03157717,0.02030239,0.09889257,0.04015136,0.05270081,0.07460314,0.03861755,56.68227,15.33581,14.88242,21.87949,OPEN
-0.09515193,0.01969853,-0.007785618,-0.04252102,0.1079689,-0.00239554,-0.01262954,0.1198062,0.007046163,0.01513312,0.1116115,0.01648191,0.05216041,0.08183861,0.03239492,56.82273,16.12089,14.54172,26.11524,OPEN
-0.100106,0.01098844,-0.01128352,-0.04876057,0.1036785,-0.005717188,-0.02037379,0.1175063,0.0003103614,0.008361183,0.1115921,0.008122087,0.04728552,0.08707982,0.0196954,58.43639,15.63698,14.66516,25.00627,OPEN
-0.09893851,0.01210737,0.01334357,-0.04353362,0.1051904,0.01137209,-0.01463364,0.1171811,0.01605767,0.01461715,0.1104779,0.01844919,0.04970001,0.08628267,0.01803339,60.117,15.39269,14.58449,22.08903,OPEN
-0.08284076,0.01247084,0.05258316,-0.02711067,0.09604365,0.0472101,0.002176329,0.1067675,0.04320091,0.03088869,0.09895802,0.03595179,0.06183656,0.07551152,0.01988286,57.13241,15.83955,15.40276,22.49642,OPEN
-0.08230352,0.004132092,0.05296183,-0.03875634,0.09963775,0.038984,-0.01268399,0.1118675,0.03762436,0.01520279,0.1057784,0.03222245,0.04794154,0.08387971,0.02169818,59.44937,14.04018,14.05858,21.25353,OPEN
-0.08223288,0.002132654,0.05562472,-0.02931781,0.09444839,0.05797321,0.002484024,0.1046888,0.05767941,0.03102393,0.09613705,0.05145562,0.06011473,0.07188046,0.03681177,59.15149,16.22832,14.70732,20.8018,OPEN
-0.1024131,-0.02062988,0.01600844,-0.06281339,0.08334744,0.05125624,-0.03027166,0.09803128,0.06362164,0.0003287559,0.09312266,0.06739956,0.04020537,0.07301134,0.06074071,63.23547,18.22087,14.96587,23.08804,OPEN
-0.1019791,-0.02338523,0.01236147,-0.06858305,0.08470154,0.0401088,-0.03776326,0.1021324,0.05214006,-0.007268048,0.09898728,0.05781162,0.03270896,0.07899398,0.05669987,63.23879,18.03219,14.94048,22.84395,OPEN
-0.1019082,-0.03077912,-0.005951583,-0.08062445,0.0862025,-0.01576564,-0.05782627,0.1097655,-0.006482303,-0.03343723,0.1107472,0.008237928,0.006976205,0.09879968,0.02643302,63.54121,15.91825,13.0504,23.21777,OPEN
-0.1042009,-0.02034432,-0.009281516,-0.07433058,0.08730993,-0.01983899,-0.05290072,0.1087056,-0.01085752,-0.02876133,0.110389,-0.0006976128,0.009728538,0.1009285,0.01271439,60.25415,15.07793,12.29738,21.41441,OPEN
-0.1000493,-0.01439071,0.01894516,-0.06628147,0.0793559,0.03337079,-0.04447652,0.09870517,0.03358924,-0.01601595,0.100205,0.03435445,0.02203936,0.09304482,0.02376199,56.77779,14.89591,14.5049,22.00252,OPEN
-0.1003106,0.0006985962,0.007676303,-0.06259307,0.0982185,0.01403582,-0.03938263,0.1130799,0.02591759,-0.0110756,0.1093395,0.03445369,0.03121942,0.08861959,0.04342085,56.84255,14.16261,13.96617,24.59109,OPEN
-0.09316149,0.02482119,-0.02112111,-0.05463658,0.1004532,0.01571691,-0.02958336,0.1125464,0.03132367,-0.005681366,0.1037326,0.04372457,0.02662472,0.0788461,0.05583698,50.46687,15.34357,13.42168,22.05741,OPEN
-0.1000127,0.01901293,-0.03601804,-0.05116461,0.1018571,0.03248036,-0.02222652,0.1097076,0.05082971,0.004746735,0.09751979,0.06217563,0.03783828,0.06874511,0.06700906,62.63157,16.61178,14.87068,22.31222,OPEN
-0.09712025,0.024341,-0.03859782,-0.05389202,0.09854144,0.0384894,-0.02690427,0.1044833,0.05894017,0.001099698,0.09085369,0.0712437,0.03522108,0.06220698,0.07430226,61.15193,16.23497,15.74646,22.68309,OPEN
-0.09380712,0.02873062,-0.04042946,-0.05336523,0.1012898,0.03279486,-0.02722905,0.1066042,0.05530035,-0.0001064539,0.09190348,0.07004026,0.03128533,0.0621888,0.07559213,58.56699,16.45589,16.06525,22.0414,OPEN
-0.09411085,0.02707297,-0.03628625,-0.05921312,0.09752873,0.03617939,-0.03195433,0.1044938,0.0579302,-0.002401553,0.0916366,0.07175148,0.03161453,0.06304348,0.07584223,56.49559,16.70032,16.43778,22.444,OPEN
-0.0975675,0.01696849,-0.03498539,-0.0637897,0.09386492,0.03641975,-0.03675659,0.1034784,0.05647528,-0.007429626,0.09325609,0.06902385,0.02996079,0.06789711,0.07251224,58.49199,16.46438,15.68989,22.87288,OPEN
-0.09890001,0.01166952,-0.03618133,-0.0650519,0.09344834,0.03454196,-0.03807906,0.1040686,0.05448458,-0.009359246,0.09462655,0.06705907,0.02906794,0.06936905,0.07173803,60.15307,16.5524,15.32079,23.35802,OPEN
-0.09821086,0.01150319,-0.03947562,-0.06407734,0.09525344,0.03093624,-0.03724489,0.1059889,0.05118194,-0.00941184,0.09616163,0.0646565,0.02855362,0.07012734,0.0711062,60.84245,16.60602,15.17623,23.5247,OPEN
-0.06084288,0.04301351,-0.0713504,-0.03207861,0.1144053,-0.005231768,-0.01860679,0.1187761,0.02487987,-0.005965162,0.1024885,0.05159166,0.00943093,0.06971717,0.07358485,53.80283,15.72205,15.87944,21.4699,OPEN
0.04770722,0.06439054,-0.05225673,-0.001903526,0.1170941,0.002239913,-0.0199055,0.1179065,0.02668369,-0.03885965,0.09875509,0.0448311,-0.05594342,0.0645051,0.05499178,49.13476,14.33193,15.31087,19.78932,OPEN
0.08653505,0.05154437,-0.01416513,0.01187253,0.1113088,0.03620765,-0.01835889,0.110914,0.04835668,-0.04709037,0.09428689,0.04576796,-0.07298627,0.06257868,0.03211185,58.50418,15.44024,15.72598,21.8886,OPEN
0.08661428,0.05082846,0.00655219,0.0154492,0.1141474,0.03166917,-0.01872604,0.1166544,0.0351997,-0.04801626,0.1009618,0.02313617,-0.0725329,0.06809822,0.006883264,52.32811,16.21805,16.5535,22.52229,OPEN
0.08446501,0.05655888,-0.006590903,0.00600566,0.1155881,0.02587727,-0.02821206,0.1160183,0.02865046,-0.05723733,0.09720966,0.01914185,-0.08019657,0.06098935,0.002413273,55.32008,16.23324,16.92193,23.62424,OPEN
0.08982641,0.0498181,-0.007729381,0.01385798,0.1148792,0.02623117,-0.02002705,0.1165998,0.03325069,-0.04961466,0.09969664,0.02637085,-0.07657537,0.06495142,0.01183212,56.38969,16.37185,16.347,23.7986,OPEN
0.09670252,0.04045835,-0.008660764,0.0297233,0.1172497,0.02918187,0.0001422018,0.1228521,0.04038912,-0.02924491,0.1093103,0.04156679,-0.0633166,0.07609916,0.03881472,55.75267,14.37867,14.33974,23.17892,OPEN
-0.08949266,-0.02800137,0.04038388,-0.05970826,0.08020574,0.05856293,-0.03010827,0.09821773,0.06336957,2.541766E-05,0.09646547,0.06145084,0.04072263,0.07877547,0.05035561,62.50154,16.84606,14.46104,23.52348,OPEN
-0.08976115,-0.02449518,0.04510522,-0.05388021,0.07635152,0.06496704,-0.02673542,0.09397304,0.06780607,0.002957448,0.09206504,0.06477392,0.04092064,0.0776282,0.05049801,59.93062,15.8504,14.51235,22.42533,OPEN
-0.08847778,-0.02273911,0.04684317,-0.05186005,0.07508004,0.06616962,-0.02505466,0.09139556,0.06947154,0.004858322,0.08807111,0.06704074,0.04248311,0.0740934,0.05199468,58.87913,15.57513,14.82471,22.73008,OPEN
-0.09069557,-0.01412106,0.0445323,-0.04550624,0.08140093,0.06173372,-0.01777504,0.09440124,0.06574082,0.0116734,0.08856136,0.06392211,0.04813794,0.0721249,0.04878002,59.87269,15.387,14.91545,22.89543,OPEN
-0.0931036,0.004488289,0.03285646,-0.03179442,0.08544064,0.06803387,-0.001062885,0.08971006,0.0773378,0.02846716,0.07710272,0.07705683,0.06135149,0.0502916,0.06323558,60.24824,15.8703,15.71449,23.30789,OPEN
-0.102244,-0.01610595,0.01274931,-0.06403827,0.08682913,0.04066628,-0.03727645,0.09905523,0.05510098,-0.008215321,0.0932126,0.06186658,0.03096472,0.07602495,0.05815005,61.87852,15.93914,14.67605,22.44852,OPEN
-0.09302248,-0.04250503,0.02528793,-0.08346313,0.06701338,0.04886395,-0.06212112,0.08570808,0.0612306,-0.03195835,0.08647543,0.06757599,0.01419472,0.08106273,0.06157404,60.24992,14.65743,14.47114,24.18628,OPEN
-0.09371699,-0.03031725,0.03244317,-0.07242046,0.07330644,0.05070025,-0.04813313,0.09239376,0.05868137,-0.01769716,0.0900026,0.06388795,0.02667631,0.08019447,0.05588299,58.5755,15.4744,14.89761,24.37955,OPEN
-0.09152923,-0.03144068,0.03716362,-0.07101549,0.07424629,0.05172682,-0.04673665,0.09410596,0.0575102,-0.01649803,0.09232557,0.06104112,0.02814552,0.08337092,0.05058265,59.30071,15.44155,14.61937,24.67611,OPEN
-0.08156729,-0.01137686,0.05705434,-0.04920924,0.08994037,0.04956281,-0.0228921,0.1057159,0.04826486,0.007894605,0.1020404,0.04387695,0.04557189,0.08555853,0.02697504,59.33709,15.02513,15.26176,23.51983,OPEN
-0.08322841,0.006238222,0.05918449,-0.03704549,0.09809542,0.04341555,-0.01015934,0.1122069,0.03557706,0.01682626,0.1057996,0.02897227,0.04911862,0.08633375,0.0116598,57.34995,15.39079,13.84108,21.89497,OPEN
-0.095103,0.01096731,0.03802592,-0.0383963,0.1039391,0.03055155,-0.01119781,0.1145229,0.0324831,0.01917389,0.1058445,0.0326519,0.0541964,0.08183533,0.02466345,59.81314,14.15133,15.25041,22.56034,OPEN
-0.03030029,0.06554192,0.001899749,-0.03541923,0.09840649,0.04917461,-0.03740345,0.08970553,0.07169169,-0.03632314,0.06834751,0.08121943,-0.02725716,0.03964013,0.08137774,24.16451,11.49178,10.73794,13.59658,OPEN
0.03214107,0.08379704,-0.04451615,-0.04700295,0.1049806,0.008902162,-0.06612026,0.0930739,0.03440535,-0.07805672,0.06414062,0.04582933,-0.08135591,0.02296996,0.05017877,53.40615,16.57069,16.12754,21.83836,OPEN
0.06990603,0.07329684,-0.0002646148,-0.01821165,0.1005923,0.03852814,-0.04769718,0.09523958,0.03590873,-0.06410433,0.07497177,0.01819417,-0.07801311,0.04418728,0.006367624,56.60941,15.51482,15.75692,20.77492,OPEN
0.07144336,0.07116002,-0.01717004,-0.01333139,0.1057427,0.02326947,-0.04366906,0.1000639,0.02284387,-0.06380019,0.07794157,0.01383862,-0.07774664,0.04654452,0.00506568,56.4147,16.03452,15.99709,20.22734,OPEN
0.07147537,0.07060871,-0.01866657,-0.01061945,0.1037309,0.02453652,-0.04158343,0.09833249,0.02419454,-0.06080198,0.07601711,0.01382595,-0.0754042,0.04555294,0.006347418,56.08861,16.64301,16.15945,20.47597,OPEN
0.05553957,0.084905,-0.01908481,-0.04081861,0.09847105,0.01060402,-0.06816489,0.08630559,0.01341009,-0.08307105,0.06019151,0.008583605,-0.09052061,0.02556333,0.001913041,57.81078,15.74142,15.83686,20.4482,OPEN
-0.0951317,0.02936211,-0.01621959,-0.04355158,0.1092992,0.007320881,-0.01535691,0.119237,0.02105364,0.01153748,0.1091036,0.03309786,0.04121687,0.08117357,0.0442571,52.5321,15.63618,14.69875,21.44879,OPEN
-0.1014947,-0.009414136,0.00870961,-0.05890336,0.05009866,0.08577615,-0.03229208,0.04939181,0.1046624,0.0008698329,0.04463166,0.1062244,0.03859632,0.02662528,0.0927636,58.03931,15.76248,16.20818,22.36287,OPEN
-0.079671,-0.02202815,0.04201341,-0.02569213,-0.01175749,0.1028519,0.006574124,-0.01200706,0.109282,0.0214365,-0.02932346,0.06188655,0.06622155,-0.01175588,0.07020068,47.92798,17.36198,23.34756,28.87954,OPEN
-0.08412001,-0.02598584,0.008971095,-0.07119571,-0.01068181,0.08327109,-0.04540452,-0.01128471,0.1028792,-0.01321588,-0.01059169,0.1047946,0.0190428,-0.01883274,0.08667403,43.94876,16.63533,16.54233,20.31997,OPEN
-0.09485666,-0.02546871,-0.00579828,-0.06894197,-0.0154739,0.0823496,-0.04944404,-0.01147628,0.102626,-0.01210092,-0.00212574,0.1099041,0.02841178,-0.003170907,0.0964523,52.78882,14.31502,19.95034,22.6999,OPEN
-0.08433053,-0.02918571,0.02184838,-0.04839001,-0.01716757,0.08894092,-0.02338897,-0.009998798,0.1063763,0.01473718,0.002262354,0.1069689,0.04940954,-0.002443314,0.08418536,46.24632,16.59604,21.22352,22.71615,OPEN
-0.08700304,-0.02684593,0.0360207,-0.03386909,0.008027554,0.1063578,-0.004293725,0.01097804,0.1158648,0.02693939,0.005834937,0.1050716,0.05745596,0.003354728,0.0797773,53.21084,15.54129,16.62002,21.38963,OPEN
-0.08841415,-0.02601022,0.03622079,-0.03140789,0.006782591,0.107161,-0.002607584,0.01007378,0.1162288,0.03027718,0.008295178,0.1058428,0.06028269,0.004271984,0.0790273,54.18922,15.08127,17.20401,21.41433,OPEN
-0.08795723,-0.02414113,0.03853011,-0.02760591,0.007392526,0.1081866,0.001342341,0.01064932,0.1166515,0.03416014,0.008543015,0.1051248,0.06310174,0.003454089,0.07716513,54.60006,14.99523,17.29866,21.37699,OPEN
-0.08696324,0.01971203,0.04859859,-0.02450086,0.1087096,0.0365079,0.006117612,0.1167726,0.03582472,0.03354433,0.1047847,0.03346193,0.06352915,0.07498538,0.02685058,59.47898,15.00242,14.10672,21.68757,OPEN
-0.08638726,0.02189922,0.04814732,-0.02294575,0.1093438,0.03550714,0.007401586,0.1172935,0.03386557,0.03474057,0.105014,0.03127939,0.06449728,0.07443887,0.0256803,59.16699,14.87548,14.12986,21.83252,OPEN
-0.08247642,0.02744746,0.04833072,-0.01988564,0.1120427,0.03008413,0.01126598,0.1193916,0.02588207,0.03889488,0.1059088,0.0237689,0.06823836,0.07290703,0.02108562,58.19629,15.2525,14.45123,22.43955,OPEN
-0.09187713,0.0246349,0.03476948,-0.02290069,0.1102094,0.0333361,0.006723061,0.1176377,0.03316832,0.03342156,0.1053131,0.03118056,0.06544037,0.07311773,0.02720678,59.81446,14.43766,13.79591,23.31468,OPEN
-0.09743927,-0.0506247,-0.002572417,-0.09792506,0.07126603,0.00993678,-0.0772344,0.09750783,0.02367559,-0.05272309,0.09792048,0.03928807,-0.004003435,0.09061188,0.05344883,63.72572,16.57943,13.03319,25.75477,OPEN
-0.1051839,-0.0203082,3.489852E-05,-0.07658041,0.09045067,0.01531169,-0.04722872,0.1132301,0.02549499,-0.02131177,0.1111962,0.03542066,0.02111832,0.09265435,0.04652685,60.937,17.90471,12.72123,23.61922,OPEN
-0.1068613,-0.009946316,-0.007064879,-0.06760601,0.09691447,0.01735771,-0.03638685,0.1162113,0.02832139,-0.00899836,0.1126525,0.03624797,0.030937,0.09083033,0.04478657,61.45705,17.83965,13.21112,22.8962,OPEN
-0.1075223,-0.007576615,-0.00834018,-0.06430305,0.09912571,0.01788709,-0.03326958,0.116726,0.02949783,-0.005373962,0.1128618,0.03618613,0.03389351,0.09051928,0.04315677,62.25858,17.47908,13.33052,22.58445,OPEN
-0.1068186,-0.001824766,-0.005802155,-0.05800066,0.1046881,0.01211244,-0.02661382,0.1202952,0.02362013,0.001988597,0.114524,0.03193283,0.04167541,0.08925194,0.03983402,62.54326,17.10232,13.93286,23.61438,OPEN
-0.09670332,0.006602585,0.02859616,-0.05294009,0.1082687,0.00399065,-0.02330221,0.1240188,0.006096423,0.004830718,0.1181957,0.01274675,0.04445288,0.09330523,0.02075624,60.7821,15.42737,13.37564,23.43769,OPEN
-0.07852755,0.00225395,0.0511381,-0.06000921,0.09570563,0.03313488,-0.03806683,0.1119775,0.03815359,-0.006748155,0.1088127,0.04255158,0.04143399,0.09084475,0.03681719,53.12023,12.81242,14.744,26.22842,OPEN
-0.07816759,-0.001616061,0.05183059,-0.05820371,0.09386313,0.03400862,-0.03676277,0.1097008,0.03787905,-0.004758388,0.1067346,0.04153794,0.04228789,0.08732563,0.03609896,55.36711,12.6905,15.35218,26.51421,OPEN
-0.07900069,-0.001926601,0.05129558,-0.05756257,0.09310603,0.03553736,-0.03543098,0.1086822,0.03956896,-0.004623622,0.1059237,0.04177797,0.04281281,0.08692366,0.03492945,55.18109,13.00446,14.78197,26.88877,OPEN
-0.07878943,-0.00651449,0.05230492,-0.05936234,0.08900285,0.04077548,-0.03739356,0.1052517,0.04435277,-0.008155882,0.1033338,0.04524261,0.0403863,0.08717906,0.03555542,54.96769,13.19989,14.01448,27.38939,OPEN
-0.07744869,-0.06070381,0.03030622,-0.09768701,0.04292405,0.0492087,-0.08281238,0.06808472,0.05946052,-0.05618874,0.07388872,0.0655641,-0.00575082,0.08381367,0.05996048,57.77551,14.62528,12.86726,27.04363,OPEN
-0.07847139,-0.06175965,0.02652961,-0.1003992,0.04135442,0.04699522,-0.08592469,0.06651282,0.05819845,-0.05906148,0.07222372,0.06539828,-0.007266304,0.08243519,0.06204724,57.48466,14.61261,12.99242,27.63043,OPEN
-0.07821006,-0.06438804,0.02072513,-0.1051403,0.03808159,0.03980845,-0.09278153,0.06384361,0.05164623,-0.06719373,0.0711031,0.06024045,-0.01369671,0.08089083,0.0638572,57.49248,14.4421,12.73228,28.28079,OPEN
-0.07886234,-0.06163883,0.02499783,-0.1015813,0.04118168,0.04551554,-0.08749701,0.06620544,0.05752409,-0.0611073,0.07271975,0.06492132,-0.0081187,0.0805822,0.06546259,57.32582,14.53904,12.86436,27.72318,OPEN
-0.08271556,-0.05194646,0.03087211,-0.09530662,0.05252522,0.04607904,-0.07893179,0.07671946,0.05621791,-0.05140766,0.08174312,0.06267089,-0.001030021,0.08494473,0.0601213,57.08905,14.47174,13.20606,26.04144,OPEN
-0.07548297,-0.01886517,0.05702227,-0.06170703,0.07912016,0.05477285,-0.03960063,0.09724432,0.05786461,-0.01022153,0.09497309,0.05908281,0.03354609,0.08615661,0.04333991,55.23065,13.8392,14.10956,24.92856,OPEN
-0.07117465,0.007334888,0.05756068,-0.04726134,0.09434533,0.03912282,-0.02499533,0.1086354,0.04024607,0.002685159,0.1039718,0.04042381,0.04322866,0.08736372,0.02699137,52.38505,12.82534,13.58469,24.24533,OPEN
-0.07379253,0.0089522,0.05372202,-0.04885495,0.09620172,0.03281373,-0.0275529,0.1102301,0.0346424,0.0006539375,0.1059576,0.03566796,0.04217701,0.0885132,0.02497882,52.96871,12.3281,13.79517,24.45632,OPEN
-0.07939701,0.01422101,0.03914613,-0.05145112,0.09969306,0.01829839,-0.03082988,0.1134185,0.02210128,-0.001943991,0.1091996,0.02639699,0.04063058,0.08931911,0.02460802,52.39363,11.98839,14.17537,24.73421,OPEN
-0.08091542,0.01819015,0.02942204,-0.05062923,0.1014727,0.01161212,-0.02941224,0.1150201,0.01660168,-0.0007874221,0.1104766,0.02224886,0.04080461,0.08922684,0.0246563,51.21181,12.26691,14.15505,24.50715,OPEN
-0.08795389,0.01611716,0.01265827,-0.05969982,0.09743661,0.01050189,-0.03754257,0.1113178,0.02103209,-0.01059708,0.105427,0.03356981,0.02814901,0.08501756,0.04289585,47.85294,13.6481,14.54919,23.71744,OPEN
-0.1011063,-0.01370725,0.0009583831,-0.07279371,0.08162084,0.02962494,-0.04691631,0.1023445,0.03672835,-0.01788443,0.1022208,0.04105699,0.02822989,0.08500171,0.04623061,57.16108,16.63645,14.26513,26.3244,OPEN
-0.09899148,-0.0008675456,0.001626074,-0.06729455,0.08295926,0.0362685,-0.04097269,0.1010259,0.04566309,-0.01218632,0.09897795,0.04999071,0.0300308,0.0790146,0.05419284,53.46879,16.35062,14.21535,24.85062,OPEN
-0.08937064,0.02885991,-0.002018541,-0.0509674,0.1019287,0.01636735,-0.02874909,0.1102405,0.03397295,-0.004138857,0.09951353,0.04864922,0.02356511,0.07469717,0.05771291,46.36052,14.38802,14.77531,19.85226,OPEN
-0.08536613,0.02486733,-0.03295225,-0.06098525,0.09810945,0.001629323,-0.04419849,0.1081322,0.02426219,-0.02337901,0.09851265,0.04612833,0.002664268,0.07490224,0.06265292,46.13028,14.51759,15.28673,20.10425,OPEN
-0.03615084,0.06485826,-0.06008121,-0.03950343,0.1071019,0.01491287,-0.02986919,0.1046091,0.04651779,-0.01891327,0.08343774,0.07046419,-0.006032981,0.04891157,0.08497682,47.14845,16.24519,16.54337,20.7296,OPEN
0.01609224,0.06791586,-0.06265455,-0.04114056,0.1058883,-0.006480008,-0.05179504,0.10417,0.02214739,-0.05715449,0.08409095,0.04560143,-0.05736531,0.04950294,0.06283998,49.46867,14.96842,15.28068,20.01231,OPEN
0.0804193,0.06320655,0.008727193,-0.004853822,0.1187162,0.02242649,-0.03985158,0.1161672,0.01711106,-0.06409812,0.09430277,0.0005086362,-0.07843679,0.05973729,-0.01158595,53.92543,16.60215,17.04499,19.72956,OPEN
0.08846863,0.05297202,-0.005074739,0.009928524,0.1209828,0.007551581,-0.02291258,0.1226693,0.003616065,-0.05159017,0.1028646,-0.006196558,-0.07063054,0.06886321,-0.01306155,54.73974,15.3727,16.73544,19.51928,OPEN
0.08562636,0.05857965,-0.008384407,0.0004601628,0.1207981,0.003898859,-0.03373624,0.1194604,0.001795858,-0.06001316,0.09720501,-0.007764488,-0.07685854,0.06122163,-0.01435092,55.73364,16.0161,16.59502,20.14334,OPEN
0.06987932,0.07953206,0.008533299,-0.0364891,0.1038819,-0.004211664,-0.06743541,0.09530613,-0.002067029,-0.08754154,0.06760302,-0.005106688,-0.09391756,0.02998653,-0.0154779,60.98655,15.96468,17.10975,20.82535,OPEN
0.07261115,0.07710359,0.008567393,-0.03219617,0.1061198,-0.006733298,-0.06291233,0.09866881,-0.005886793,-0.08388963,0.07191345,-0.009164006,-0.09199062,0.03442276,-0.01846117,60.6476,15.63156,16.93774,20.75417,OPEN
0.08264192,0.05493975,-0.02232888,0.008840509,0.1170951,0.008508474,-0.02097958,0.1184965,0.01456732,-0.04755982,0.09986079,0.01206127,-0.06883956,0.06744912,0.01191902,54.38637,14.55291,15.33983,19.99859,OPEN
-0.09170713,-0.01386446,0.02018154,-0.06621418,-0.02994895,0.08863443,-0.04494612,-0.03997052,0.1013901,-0.01518711,-0.05072504,0.09335035,0.0177961,-0.05354381,0.07642543,40.47176,13.11392,15.78501,20.00572,OPEN
-0.08799525,-0.02003431,0.02480078,-0.06252069,-0.03926498,0.08286548,-0.04273414,-0.04446042,0.09872282,-0.01348646,-0.05360031,0.09066004,0.01785068,-0.05529624,0.07302958,36.56066,12.78535,15.50427,19.44566,OPEN
-0.0775872,-0.0223676,0.04249972,-0.02404714,-0.04429597,0.08372188,-0.0004762784,-0.04171824,0.1014822,0.02751519,-0.03868854,0.09044629,0.04852802,-0.03370738,0.06394923,43.99726,15.0301,15.89532,18.71983,OPEN
-0.08843167,-0.009346783,0.03658843,-0.03380551,-0.02657729,0.09951568,-0.006969832,-0.03206128,0.1052735,0.02184371,-0.03294671,0.09484392,0.04981729,-0.03103012,0.07389557,48.70779,14.67504,16.05003,19.87166,OPEN
-0.08127005,-0.01373285,0.02967393,-0.04731812,-0.03004926,0.09006983,-0.02368182,-0.03458387,0.1059046,0.005569756,-0.03782719,0.09323716,0.03566047,-0.03810841,0.07882184,41.77274,14.4927,15.68099,19.33329,OPEN
-0.09061266,-0.02034938,0.01164961,-0.07258734,0.009316206,0.08842874,-0.05426475,0.008786798,0.1064426,-0.02656657,-0.00303793,0.1060527,0.007022232,-0.01387066,0.09447432,46.33366,12.33951,14.1798,19.43952,OPEN
-0.09938915,-0.02036244,0.02296484,-0.04897115,0.04875165,0.09305298,-0.01925892,0.0582943,0.1045012,0.01413105,0.05613315,0.0999428,0.0495595,0.04025996,0.08098799,60.09182,15.91485,16.1718,21.86409,OPEN
-0.1005714,-0.0102151,0.03464001,-0.04551733,0.09565377,0.04881966,-0.01292983,0.1088076,0.05232507,0.01646538,0.1011437,0.05183697,0.05101461,0.07785845,0.04232824,64.87711,16.90729,14.42885,21.72308,OPEN
-0.1000595,-0.003132522,0.03183329,-0.04736066,0.09679043,0.03651655,-0.0156821,0.1111967,0.03780252,0.01245213,0.104467,0.03825217,0.04702143,0.08181036,0.03322053,62.07027,17.08978,14.05515,21.73217,OPEN
-0.09780153,0.005559802,0.02894211,-0.04400896,0.0930568,0.03889793,-0.01408697,0.1069413,0.03976566,0.01205589,0.1019436,0.03733611,0.04760718,0.08054465,0.03098965,58.05515,16.68038,13.37804,22.56357,OPEN
-0.09586456,0.008417666,0.03074133,-0.04123948,0.09474581,0.03891909,-0.01075798,0.10743,0.04007632,0.01510703,0.1014109,0.03796577,0.04999306,0.07877922,0.03130829,57.78068,16.66961,13.30236,22.6126,OPEN
-0.09314729,0.0165199,0.0222829,-0.03849219,0.1044862,0.01884311,-0.00397823,0.1151161,0.02141929,0.02159049,0.1058452,0.02397251,0.0548286,0.07799387,0.02552277,58.52164,17.98472,13.38114,23.02394,OPEN
-0.09395476,0.01595867,0.02189717,-0.038473,0.1038671,0.02116629,-0.004158959,0.1143227,0.02438232,0.02139102,0.1049825,0.02696207,0.05479775,0.07727885,0.02760383,58.65667,17.91777,13.40947,23.07589,OPEN
-0.09840931,0.01132056,0.01091409,-0.04330853,0.1010728,0.0239521,-0.009279005,0.1126598,0.02953544,0.01627655,0.1039405,0.03406188,0.04984555,0.07726336,0.03599843,59.64611,18.12577,13.46708,22.77074,OPEN
-0.09950736,-0.005571306,0.0002309084,-0.06193144,0.09390557,0.01208568,-0.03076814,0.1106845,0.02346963,-0.004706159,0.1056208,0.03349069,0.03288475,0.08284697,0.04328051,59.97377,18.46098,13.93075,23.92189,OPEN
-0.09152318,-0.03579262,0.002645552,-0.09284136,0.06546059,0.0007255971,-0.07277418,0.09159684,0.01307973,-0.04840697,0.09539264,0.02707106,-0.005137051,0.08792287,0.04430169,56.54891,17.38297,13.79709,25.29921,OPEN
-0.09879968,0.01028132,-0.004630119,-0.04852137,0.09461504,0.03230846,-0.01650358,0.1068361,0.04107565,0.009946264,0.1012884,0.04267448,0.04445808,0.07801047,0.04184049,59.45029,17.80407,13.49762,22.09655,OPEN
-0.09545533,0.01893419,0.005937815,-0.04181842,0.09982079,0.03176677,-0.007154092,0.1099298,0.03949693,0.01970135,0.09984615,0.04377741,0.05264851,0.07117617,0.04455113,56.49438,18.37211,14.28944,23.17287,OPEN
-0.09320707,0.02730304,-0.008588135,-0.04121281,0.09895855,0.03455687,-0.006068401,0.1079601,0.04417992,0.01991209,0.09674522,0.04921514,0.05262497,0.06589764,0.05154622,55.33327,18.71559,14.17057,24.055,OPEN
-0.09252281,0.02802452,-0.01032928,-0.04243366,0.0980612,0.03480086,-0.007779799,0.1072961,0.04521161,0.01821056,0.09622836,0.05058029,0.05068959,0.06541342,0.05382732,54.69089,18.64153,14.19081,24.00694,OPEN
-0.08861994,0.03755838,-0.01097772,-0.0351846,0.1005211,0.03700244,-0.007317506,0.1041754,0.0532679,0.0148018,0.0890657,0.06272149,0.04050662,0.05575272,0.06862321,53.56195,16.08089,13.88955,22.61732,OPEN
-0.08435775,0.04130229,-0.01503617,-0.0352855,0.1028227,0.03088343,-0.01051013,0.1056315,0.04924378,0.01095784,0.09060827,0.06060377,0.03621507,0.06013724,0.06645152,51.04118,15.34371,13.98436,21.20716,OPEN
-0.08792988,0.03556153,-0.02411798,-0.04130646,0.1027575,0.02544242,-0.01353867,0.1073797,0.04513851,0.01015463,0.09278935,0.05848241,0.03729716,0.06223568,0.06554475,53.12971,17.01953,15.18253,21.98955,OPEN
-0.0891248,0.034289,-0.02694225,-0.0394828,0.1042007,0.02291819,-0.01137628,0.1091312,0.04182422,0.01340105,0.09496644,0.05500099,0.0398114,0.06398466,0.06288454,54.99981,16.9333,15.47311,21.89568,OPEN
-0.09063186,0.0294126,-0.03398359,-0.04461461,0.1016976,0.02473405,-0.01514421,0.1074199,0.04471862,0.01072187,0.09290537,0.05885154,0.03948462,0.06166345,0.06607985,57.44156,17.86857,16.22416,22.87861,OPEN
-0.07770292,0.01368265,-0.04622218,-0.07958393,0.07986829,0.005237758,-0.06175759,0.09546414,0.02401805,-0.03650937,0.09419659,0.04023528,0.001307972,0.08281526,0.05047205,47.03299,15.07329,14.86955,21.93044,OPEN
-0.09947786,0.004663289,-0.008795857,-0.05955802,0.0902155,0.03470936,-0.02791929,0.1067283,0.04006138,0.005124934,0.1025844,0.04237562,0.04543386,0.08013898,0.03813386,57.85071,17.88301,16.50955,24.63414,OPEN
-0.08977025,0.003252536,0.04596278,-0.04076482,0.09401685,0.04701257,-0.009321049,0.1095324,0.03991616,0.02190468,0.1044751,0.02973345,0.05958059,0.07768789,0.01855469,57.41906,17.79792,16.49425,25.41599,OPEN
-0.07968912,0.009597152,0.06060249,-0.03410232,0.09262294,0.05782163,-0.006173581,0.1095426,0.04709357,0.02234785,0.1064197,0.03174534,0.05793168,0.08141717,0.01673079,51.82539,16.73075,15.79503,23.93328,OPEN
-0.07744768,0.0101293,0.06441104,-0.03065253,0.09017587,0.06365383,-0.004781723,0.1089843,0.05089006,0.02212755,0.1071191,0.03329653,0.05608135,0.08363819,0.01574185,50.43346,16.61937,15.49627,23.03455,OPEN
-0.0765671,0.00745213,0.06713101,-0.02743366,0.0889833,0.06699574,-0.002106622,0.1079939,0.05373025,0.02298379,0.1065384,0.03526816,0.05592424,0.08398068,0.01522976,51.68707,16.52852,14.94909,22.87692,OPEN
-0.07621931,0.003554404,0.06915694,-0.02404595,0.08869454,0.06962037,0.001936987,0.107565,0.05591643,0.02589041,0.1056497,0.03738046,0.05819683,0.08250979,0.01610109,54.09384,16.73118,14.44938,22.99397,OPEN
-0.07703099,0.00014171,0.06895813,-0.0210558,0.09400994,0.06593266,0.006640762,0.1108186,0.05159429,0.03041641,0.1060293,0.03519425,0.06277211,0.07957602,0.01534134,59.19033,16.82094,13.75613,23.47428,OPEN
-0.08945561,0.01774451,0.0384481,-0.03613196,0.1095,0.02413532,-0.0003095865,0.1205457,0.02109429,0.0273176,0.1110516,0.01785785,0.06122951,0.08099806,0.01482368,58.43587,17.88633,13.81826,23.00951,OPEN
-0.0936823,0.01423359,0.0339933,-0.04103862,0.1079259,0.02832961,-0.00512021,0.1204896,0.02828455,0.02270435,0.1124172,0.02625051,0.05933775,0.08316314,0.02324656,57.9923,17.88376,13.49576,23.47764,OPEN
-0.09378383,0.0007093251,0.03091881,-0.05320591,0.1008486,0.02782413,-0.02009209,0.1170796,0.02884963,0.00925447,0.111191,0.03108576,0.04829206,0.08609629,0.03022835,59.27533,17.56064,14.15414,23.57487,OPEN
-0.09421994,-0.01082674,0.02999657,-0.06467117,0.09313363,0.03009051,-0.03403899,0.1126617,0.03215253,-0.004017569,0.1092366,0.03632987,0.0366846,0.08796787,0.03704602,59.12791,17.34659,14.40804,23.42914,OPEN
-0.09544861,-0.02339217,0.02734664,-0.07614573,0.08569303,0.03122661,-0.04814217,0.107657,0.03690752,-0.01891591,0.1063905,0.04314652,0.02514014,0.09036434,0.04354683,59.68562,16.9545,13.90448,23.70506,OPEN
-0.08318085,-0.00574863,0.05735081,-0.05158937,0.09971261,0.03674614,-0.02357828,0.1177339,0.02975857,0.005934149,0.1141311,0.02482188,0.04908113,0.09083903,0.01752537,60.83649,15.96409,14.02644,25.07174,OPEN
-0.08231223,0.0009068251,0.06035507,-0.04702737,0.1025077,0.03300214,-0.01726843,0.1186757,0.02550495,0.01091465,0.1134746,0.02007753,0.05257595,0.08867499,0.01204127,60.22889,16.43408,13.66797,25.1178,OPEN
-0.09059343,0.03813207,0.004177868,-0.02404071,0.1131679,-0.02615079,0.007405773,0.1201168,-0.0274086,0.03242826,0.1090544,-0.0199253,0.06670482,0.07796624,9.086728E-05,56.83259,15.13465,13.09765,25.87135,OPEN
-0.09266903,0.03668356,-0.004394084,-0.02461404,0.1115437,-0.03130728,0.009767726,0.1198685,-0.02621144,0.03538337,0.1095738,-0.01253912,0.06717902,0.07787168,0.01109591,56.56542,16.87675,14.4041,25.97868,OPEN
-0.09599393,0.02730185,-0.003611147,-0.03301776,0.1098026,-0.02924001,1.271069E-05,0.1208316,-0.02311885,0.02601314,0.1123537,-0.00941366,0.06044876,0.08270985,0.01386166,57.93816,16.70074,14.30093,26.17992,OPEN
-0.1001423,-0.0236516,-0.02591044,-0.07333898,0.08900931,-0.02637851,-0.04879154,0.1111512,-0.02006251,-0.0227808,0.1127227,-0.004443884,0.02284957,0.09928003,0.01643598,61.85012,15.8755,14.15459,26.83196,OPEN
-0.1001908,-0.03491402,0.01083681,-0.09466469,0.07464364,0.001508713,-0.07274175,0.1019273,0.004642248,-0.0436729,0.1082997,0.01110101,0.005417129,0.1032053,0.01893374,57.57369,16.28535,13.919,25.20864,OPEN
-0.09614491,-0.04025492,0.03317216,-0.09288749,0.07450354,0.02897254,-0.07202547,0.1035645,0.02338979,-0.0423636,0.1103979,0.02212843,0.009316374,0.1049176,0.02118152,59.05674,16.39023,13.58913,25.59354,OPEN
-0.07005931,-0.04070079,0.06853282,-0.06994859,0.07702199,0.06259459,-0.05725479,0.1048262,0.0466882,-0.02924029,0.1127918,0.0341531,0.01773628,0.1041628,0.02076885,61.96898,15.55514,14.25457,24.0582,OPEN
-0.04544533,-0.007578939,0.08745152,-0.0479317,0.08082202,0.07372475,-0.03821161,0.1059862,0.05686301,-0.01754475,0.1125625,0.03525203,0.0170659,0.1036975,0.009090602,47.25454,14.54592,13.96086,21.62896,OPEN
-0.08083086,0.007194877,0.06566948,-0.0428478,0.09960932,0.04032707,-0.01346946,0.1162935,0.02768445,0.009221122,0.1125409,0.01510075,0.0476854,0.09105209,-0.0009450614,55.57055,17.44343,12.47013,24.29891,OPEN
-0.08818901,0.03964531,0.02055237,-0.01967964,0.1169904,0.0008736253,0.01543695,0.1225768,-0.0007449389,0.04176714,0.1088256,0.002258301,0.07109638,0.07405278,0.01008484,56.97425,16.74399,13.89463,23.23084,OPEN
-0.08397211,0.04289284,-0.004264653,-0.02399874,0.1141517,0.01252997,0.004379332,0.1208231,0.02226508,0.02740942,0.1073553,0.03323227,0.05964494,0.07133377,0.04527283,51.73345,14.45436,13.44383,25.50379,OPEN
-0.08595476,0.03893369,-0.006927818,-0.02857572,0.1130307,0.01260889,-0.0007404163,0.1206147,0.02367896,0.02231753,0.1079111,0.03542173,0.05615811,0.0727621,0.04791474,52.40084,14.53691,13.44202,25.79205,OPEN
-0.1005435,0.001094788,-0.006933331,-0.06901743,0.09294793,0.0249114,-0.0409059,0.1079772,0.04286861,-0.01422853,0.09900665,0.05879623,0.0258336,0.07135379,0.07076108,54.86826,17.2762,15.16153,25.59316,OPEN
-0.08149968,0.02228844,0.05073732,-0.0357292,0.1113459,0.0156461,-0.003603488,0.1225671,0.009041369,0.02517709,0.1129169,0.006824344,0.05947338,0.08321887,0.006327093,57.85004,16.3754,14.24694,22.94049,OPEN
-0.09172013,0.03405628,0.01611567,-0.02926577,0.1143869,0.0009770393,0.006532758,0.1227347,0.003012389,0.03416175,0.1107218,0.008048654,0.06419891,0.07818675,0.01868698,55.71288,17.42028,14.31583,22.98719,OPEN
0.07353644,0.05799827,-0.04057923,-0.009389393,0.1160943,0.004271001,-0.03306387,0.1135892,0.02979445,-0.05762447,0.09100771,0.03954777,-0.07724954,0.05444837,0.0361928,60.43652,16.62338,16.5198,21.0474,OPEN
0.07988743,0.05792886,-0.03312454,-0.009473436,0.1182623,0.00493896,-0.03658332,0.1152616,0.0275231,-0.06310064,0.09197077,0.0349451,-0.08325399,0.05413079,0.02900809,61.32784,16.59053,16.88449,21.56572,OPEN
0.07900123,0.06558153,-0.01382196,-0.006642453,0.1221982,0.01053005,-0.03887616,0.1189711,0.02412441,-0.06500582,0.0963935,0.02819324,-0.08630982,0.05582148,0.02456933,54.75423,15.99816,15.7685,22.46225,OPEN
0.07909419,0.0651547,-0.006751984,-0.007270031,0.1219358,0.008058101,-0.0395777,0.1195172,0.01694843,-0.06621507,0.09715462,0.01962566,-0.08794857,0.05608746,0.01647148,54.41756,15.33478,15.87743,22.89834,OPEN
0.0766809,0.06970853,-0.001254737,-0.01445573,0.1215937,0.001233459,-0.04808259,0.1171253,0.003583908,-0.07491454,0.0926185,0.003972054,-0.09414099,0.04884151,-0.0003483891,54.52034,15.57141,16.64294,23.70049,OPEN
0.06130496,0.07684979,-0.03234538,-0.04325627,0.1036983,-0.04129791,-0.07578038,0.08896151,-0.03882405,-0.0933339,0.05707142,-0.0351586,-0.09752508,0.01708853,-0.02536613,57.51795,16.87376,17.23499,20.93569,OPEN
0.04939482,0.08251065,-0.0424442,-0.06530333,0.07795724,-0.05592725,-0.09376807,0.06359702,-0.04324952,-0.107662,0.03366938,-0.02356631,-0.103655,-0.004281491,-0.005892187,62.77887,16.4336,18.46955,21.3291,OPEN
0.03527324,0.08384326,-0.05163348,-0.07488015,0.06196991,-0.06429857,-0.1009312,0.05044389,-0.04673535,-0.1120736,0.02456626,-0.01942676,-0.1042065,-0.01228824,0.005215883,61.18841,15.89734,18.73676,22.73342,OPEN
0.03978602,0.08443549,-0.0473913,-0.0700427,0.07161641,-0.06164679,-0.0969654,0.0597468,-0.04525584,-0.1099027,0.03242058,-0.01985571,-0.1048255,-0.006094694,0.003958374,59.86406,15.95079,18.7955,23.04626,OPEN
0.05373184,0.08154356,-0.03902754,-0.05892675,0.08478427,-0.05465719,-0.08768702,0.07413796,-0.04110721,-0.1038543,0.04597077,-0.02068338,-0.1039577,0.006189734,-0.002495736,61.40346,15.95447,18.33373,22.22134,OPEN
0.0732668,0.06428429,-0.03228384,-0.02216687,0.1015892,-0.05403024,-0.05455452,0.09609982,-0.04985201,-0.07763533,0.07159641,-0.0415104,-0.09041214,0.03561822,-0.0277496,56.44263,15.84966,16.57019,20.78678,OPEN
0.0235143,0.06136811,-0.07650906,-0.05462891,0.09561259,-0.02572009,-0.06352901,0.1037724,0.007809341,-0.06856707,0.08621317,0.03795061,-0.071914,0.04934946,0.05601457,54.94508,16.90687,16.80206,20.51107,OPEN
-0.03416275,0.04828429,-0.07922781,-0.06423339,0.09400567,-0.005191326,-0.04857828,0.1102647,0.02345198,-0.03049082,0.09994224,0.05272889,-0.01939598,0.06803745,0.07541379,50.65194,17.21004,17.01828,20.06866,OPEN
-0.09609377,0.02686733,-0.009081334,-0.05197959,0.1068618,0.008836597,-0.0178764,0.1241333,0.006460607,0.0149398,0.1179284,0.009734273,0.05094439,0.09042543,0.02312845,49.29754,17.75657,15.47719,23.27863,OPEN
-0.09623306,0.02660221,0.01732743,-0.04651995,0.11176,0.003019154,-0.01176529,0.1257009,0.001209885,0.01983607,0.1180876,0.002409041,0.05897078,0.0885022,0.01292068,52.31102,17.27195,14.89305,24.75265,OPEN
-0.1026114,0.005578488,0.03555474,-0.04332672,0.1117181,0.02023625,-0.005438201,0.1250215,0.02004886,0.0241454,0.1163298,0.0199863,0.06239421,0.08393252,0.02443573,64.02045,18.46258,14.03474,24.66611,OPEN