0.004633644,0.1060981,0.02637953,-0.01408196,0.03712383,-0.03201032,-0.01828813,0.03078508,-0.04072407,-0.01458781,0.01230818,-0.03696963,-0.01958824,-0.002387881,-0.03345636,57.12816,12.12488,17.54349,22.4839,THUMB
0.00930628,0.1061383,0.02519843,-0.01668925,0.03719547,-0.03284198,-0.02126548,0.03013861,-0.04101336,-0.01737684,0.01122493,-0.0373905,-0.02181059,-0.003384262,-0.03272238,58.84861,12.16186,18.03058,21.93698,THUMB
0.006293027,0.1063756,0.0241212,-0.01818405,0.03608939,-0.0325608,-0.02219451,0.02900696,-0.04099014,-0.01852999,0.0106864,-0.0374223,-0.02221681,-0.004344314,-0.03236362,58.77752,12.17982,17.64306,22.18577,THUMB
0.006843547,0.1063548,0.02341375,-0.01829888,0.03574997,-0.03286532,-0.02237557,0.02872092,-0.04132244,-0.01868841,0.0104641,-0.0376496,-0.0223136,-0.004528493,-0.03226289,59.10584,12.12158,17.55288,22.14214,THUMB
0.007233102,0.1061494,0.02261651,-0.01881779,0.03659412,-0.03395483,-0.02332365,0.02992356,-0.04228845,-0.01983499,0.01157457,-0.03877836,-0.02316232,-0.003514886,-0.0328522,59.09623,11.52641,16.98002,21.43742,THUMB
0.00826506,0.1056965,0.02169856,-0.01821597,0.03571761,-0.03543177,-0.02286112,0.02926835,-0.04391438,-0.02024617,0.01163724,-0.04008386,-0.02389686,-0.0030967,-0.03350556,60.44824,11.28886,16.07542,20.71226,THUMB
0.009045461,0.105559,0.02228761,-0.01720924,0.03561282,-0.03476214,-0.02153814,0.02885577,-0.04303443,-0.01883812,0.01116303,-0.03909314,-0.02291688,-0.003399462,-0.03287458,60.25111,11.60967,16.54055,21.30467,THUMB
0.007528027,0.1068252,0.01993954,-0.01665136,0.03429437,-0.032603,-0.01988316,0.02598909,-0.03999722,-0.01656708,0.008154869,-0.0357053,-0.02101989,-0.006188452,-0.03047174,58.09354,12.94699,18.54315,23.28872,THUMB
0.006702096,0.1074052,0.01804864,-0.0191042,0.03380078,-0.03292871,-0.02239661,0.02518663,-0.04001689,-0.01861285,0.0074296,-0.03553426,-0.02241296,-0.007043391,-0.02986875,58.43344,12.84439,18.34437,23.08084,THUMB
0.01033546,0.1059168,0.02193013,-0.01552767,0.03417915,-0.03365764,-0.01897432,0.02605721,-0.04107431,-0.01759268,0.009549916,-0.03715175,-0.02252927,-0.004466146,-0.03110039,60.21309,12.74093,16.8667,22.33965,THUMB
0.005234405,0.1071967,0.01681986,-0.01873492,0.03330165,-0.03374603,-0.02180478,0.02458176,-0.04051283,-0.01934595,0.007859588,-0.03618455,-0.02333303,-0.006531119,-0.03013399,58.3718,12.68672,17.27227,22.68426,THUMB
0.008537231,0.1061383,0.02037466,-0.01660895,0.03423178,-0.03376415,-0.0196903,0.02631041,-0.04100466,-0.0177858,0.009549916,-0.03724664,-0.02227181,-0.004767299,-0.03119767,59.44503,12.25614,17.01867,22.43513,THUMB
0.008639641,0.1061913,0.02011156,-0.01655156,0.03418541,-0.03378993,-0.01966804,0.02628174,-0.04102737,-0.01774873,0.009507477,-0.0372774,-0.02222741,-0.004821062,-0.03115618,59.37772,12.25054,17.04539,22.48344,THUMB
0.007536385,0.1066829,0.01929867,-0.0173528,0.03419134,-0.03365305,-0.02071823,0.02614489,-0.0408363,-0.01822432,0.00918743,-0.03714508,-0.02232957,-0.00518176,-0.03107893,58.85669,12.36172,17.21964,22.352,THUMB
0.010886,0.106207,0.01889482,-0.01704377,0.03391162,-0.03480443,-0.02096176,0.02629441,-0.04218325,-0.01901713,0.009423196,-0.0380134,-0.02337886,-0.004723012,-0.03144354,60.39232,12.0199,16.67146,21.79888,THUMB
-0.009228364,0.1091338,0.005281568,-0.033408,0.01904646,-0.03670806,-0.03621369,0.008819699,-0.0416441,-0.03285838,-0.005399704,-0.03557044,-0.03042759,-0.01810443,-0.02560103,67.9013,11.97888,15.53736,19.38537,THUMB
-0.002336518,0.1088736,0.01109445,-0.0327426,0.02117193,-0.02939785,-0.03539492,0.009697795,-0.03366366,-0.03154537,-0.004469872,-0.02842766,-0.02973938,-0.01758778,-0.01957047,67.38543,14.54833,17.30598,21.90617,THUMB
-0.01646172,0.1092529,0.003192782,-0.03583384,0.01981348,-0.001496971,-0.03833894,0.005301178,0.0009729862,-0.03022274,-0.009135604,0.001532316,-0.02542435,-0.02339238,0.008431733,52.61586,21.3576,24.70995,27.73254,THUMB
-0.0112899,0.1104766,0.009437382,-0.04401354,0.0306145,0.07488555,-0.03923197,0.006657064,0.001978278,-0.02980262,-0.00792408,0.001136243,-0.02432006,-0.02233082,0.007057488,63.46418,55.49419,24.5077,29.16829,THUMB
-0.004535261,0.110754,0.01073384,-0.04194899,0.03384483,0.0869053,-0.03875415,0.008936763,-0.002413273,-0.03027377,-0.005999804,-0.002892375,-0.02656904,-0.020392,0.003204703,64.67473,65.05534,24.19474,28.39925,THUMB
0.003218953,0.1105153,0.008270502,-0.0903635,0.01874927,0.07201907,-0.03470009,0.01927352,-0.0481897,-0.03144998,0.00339818,-0.04387143,-0.03147081,-0.01017907,-0.03474748,79.44785,89.79296,14.3798,17.13028,THUMB
0.00499121,0.1093796,0.007496268,-0.03731846,0.03151083,-0.04024506,-0.0354562,0.02076328,-0.04849327,-0.03093043,0.003727585,-0.04275379,-0.03133962,-0.01020437,-0.03341454,64.78783,12.37556,15.02898,18.10623,THUMB
0.004616277,0.1096033,0.005827069,-0.02110484,0.02387801,-0.03948444,-0.03440795,0.01994374,-0.04811084,-0.03015244,0.003209978,-0.04206127,-0.03057056,-0.01046613,-0.03267267,65.74757,11.64776,15.08396,18.2824,THUMB
0.003713816,0.10928,0.006541967,-0.02248561,0.02771857,-0.04168341,-0.0302517,0.02025601,-0.04885024,-0.02639138,0.004001766,-0.04275721,-0.02788545,-0.009197503,-0.03358111,63.59848,11.35067,14.86578,18.28432,THUMB
-0.001965894,0.1093855,0.001609653,-0.01925503,0.02420977,-0.04082981,-0.02089292,0.01418978,-0.04520294,-0.01667479,-0.001132965,-0.03710398,-0.02020422,-0.01433909,-0.02951574,62.12645,12.30658,17.51044,22.54946,THUMB
-0.002540158,0.109452,0.003634244,-0.01999303,0.0251222,-0.04072416,-0.0225113,0.01549223,-0.04604307,-0.01799584,-0.0001188219,-0.03826293,-0.02113447,-0.01351669,-0.03059152,62.165,12.157,17.00138,21.87063,THUMB
-0.002862482,0.109582,0.004179418,-0.02066514,0.0249784,-0.04016483,-0.02384035,0.01555449,-0.04611331,-0.01907591,-6.708503E-05,-0.0384734,-0.02189883,-0.01349261,-0.03062782,62.34061,12.2628,16.79655,21.59357,THUMB
-0.002896969,0.1096388,0.004212409,-0.02082344,0.02468982,-0.03975865,-0.02428368,0.015284,-0.04593304,-0.01943824,-0.000274241,-0.03828955,-0.02217614,-0.01365802,-0.03037998,62.45727,12.42518,16.78412,21.56749,THUMB
-0.0007929038,0.1098456,0.005907059,-0.02777342,0.0237036,-0.03810823,-0.03177268,0.01402938,-0.04303014,-0.02696837,-0.0009551346,-0.03681198,-0.02801405,-0.01352376,-0.02787331,65.57607,11.99534,15.89723,19.73474,THUMB
0.0001619998,0.1097303,0.003575504,-0.03019751,0.02181444,-0.03662467,-0.03482358,0.01165438,-0.04089516,-0.03015712,-0.002838373,-0.03454161,-0.03057224,-0.01474187,-0.02499563,66.8172,12.46919,15.79975,19.34324,THUMB
-0.003750862,0.1072601,-0.003180563,-0.03479487,0.01919529,-0.02051756,-0.03958331,0.007040918,-0.0226441,-0.03437664,-0.007174611,-0.01782563,-0.03318098,-0.01878849,-0.00849545,61.99651,16.65574,19.41665,21.96049,THUMB
-0.00597246,0.09622228,0.01895314,-0.03093207,0.02351099,-0.008714199,-0.03260098,0.01018262,-0.008385897,-0.0296236,-0.003235161,-0.002448559,-0.0302317,-0.01568878,0.01296875,54.31993,19.39398,24.95827,32.93729,THUMB
-0.005704045,0.08717692,0.01613557,-0.03440027,0.01726875,-0.0142563,-0.03369752,0.003229499,-0.01250136,-0.03092582,-0.007894784,-0.003559768,-0.05279151,-0.01439494,0.04046589,66.19923,19.85316,23.7081,42.85657,THUMB
0.005978595,0.1012043,0.008367121,-0.03229791,0.02554756,-0.01481038,-0.03489584,0.01245382,-0.01497278,-0.03359018,-0.001885355,-0.008682668,-0.0612796,-0.02317098,0.0783456,59.36467,17.60285,22.94206,66.37886,THUMB
0.006916273,0.1052117,-0.004045427,-0.03227219,0.02523106,-0.0149903,-0.03536577,0.01182359,-0.01467133,-0.03311584,-0.002370328,-0.00911808,-0.06842998,-0.01078868,0.07064265,57.21935,18.30148,22.25391,61.07619,THUMB
-0.0002949908,0.1053517,-0.03456664,-0.03550745,0.02085721,-0.01631713,-0.03817368,0.008480817,-0.01434565,-0.03303096,-0.005620509,-0.008039236,-0.03048225,-0.01800305,0.001969874,55.64101,16.78371,22.22635,26.6199,THUMB
0.0007389225,0.1027129,-0.04019171,-0.03443259,0.01757422,-0.02244091,-0.03604575,0.005915612,-0.02096626,-0.03144608,-0.007351428,-0.01313403,-0.03145978,-0.01692396,-0.001570642,57.05053,15.33353,21.58208,24.5033,THUMB
0.00526832,0.1046408,-0.03778556,-0.0345941,0.01588914,-0.03631678,-0.03769527,0.006217241,-0.03788933,-0.03235129,-0.00766328,-0.02882621,-0.03393951,-0.01583815,-0.01776576,60.86932,11.00983,17.0141,18.33391,THUMB
0.006502312,0.1033309,-0.03893507,-0.03514764,0.015414,-0.04192838,-0.03987012,0.006356478,-0.04401419,-0.0342948,-0.007866055,-0.0339517,-0.03539246,-0.01632094,-0.02149981,61.53556,9.863603,15.67779,17.80655,THUMB
0.001858212,0.1024967,-0.03645772,-0.03758916,0.01599059,-0.04680341,-0.04477224,0.00780344,-0.04941735,-0.03800575,-0.007652342,-0.03910804,-0.03697021,-0.01739794,-0.02464235,61.01373,8.894173,14.79801,17.78864,THUMB
-0.004268106,0.1028656,-0.02978176,-0.02637411,0.01056522,-0.04828504,-0.03110883,0.0004868805,-0.05213448,-0.02225402,-0.01276019,-0.03846392,-0.02491199,-0.02199376,-0.02522889,63.94431,10.63382,16.4984,20.61955,THUMB
-0.003883351,0.101204,-0.0376555,-0.03404714,0.01139796,-0.0451346,-0.03892019,0.001585513,-0.04679164,-0.03104987,-0.01202753,-0.03568128,-0.03087638,-0.02078363,-0.02142194,61.37689,10.26826,15.80998,19.71378,THUMB
-0.004153669,0.09837592,-0.04804814,-0.03759436,0.01529688,-0.02557078,-0.04259957,0.004486293,-0.02409086,-0.0386366,-0.007218242,-0.0148918,-0.03564022,-0.01560256,-0.001995027,56.64647,14.13378,17.29204,21.89171,THUMB
-0.004329506,0.1041182,-0.02721369,-0.03090092,0.02620485,-0.01570413,-0.034719,0.01148513,-0.009425193,-0.03093214,-0.002836108,-0.00274083,-0.03067321,-0.01386192,0.008951128,45.34063,21.96877,25.00782,27.4773,THUMB
-0.01185586,0.1042604,-0.02110347,-0.03386599,0.05221605,0.03882185,-0.03907153,0.009378314,-0.002598315,-0.03170301,-0.004849523,0.002483219,-0.02792486,-0.01668343,0.01404169,50.19328,54.57406,23.61759,28.55489,THUMB
-0.00677846,0.1060746,-0.02236825,-0.0430715,0.04894635,0.02831817,-0.03697279,0.009735882,-0.01228434,-0.03219847,-0.003903598,-0.006649256,-0.03100683,-0.01534235,0.004678786,51.08094,52.91914,21.84179,27.29284,THUMB
0.001947504,0.107938,-0.01835617,-0.02087148,0.01400772,-0.03466132,-0.02728828,0.007019341,-0.0375371,-0.02475627,-0.005999029,-0.03002533,-0.02716047,-0.01605636,-0.01930684,63.28789,11.54475,17.70914,22.21005,THUMB
0.007910768,0.1039469,-0.01749399,-0.01172527,0.01249778,-0.05458909,-0.01518366,0.003854901,-0.06045648,-0.007335496,-0.01044607,-0.04135618,-0.01502972,-0.01988798,-0.03023443,69.06168,9.286075,17.95807,22.37032,THUMB
-0.009712373,0.1048643,-0.0310975,-0.02679399,0.01268184,-0.04655811,-0.03020535,0.001794994,-0.04951772,-0.02437714,-0.01152921,-0.03928947,-0.02498358,-0.02248526,-0.02667356,59.91758,11.60149,15.77947,20.42303,THUMB
-0.004634641,0.1073409,-0.0267342,-0.03003275,0.01314393,-0.04543492,-0.03400733,0.003055125,-0.04853871,-0.02920059,-0.01042277,-0.03960201,-0.02906443,-0.02077028,-0.02704635,63.53206,10.72708,14.97469,18.56783,THUMB
-0.004117062,0.103036,-0.03494707,-0.03365105,0.01105273,-0.03840819,-0.0374043,0.0003527701,-0.03972101,-0.03208388,-0.01213536,-0.02975997,-0.03150328,-0.02120095,-0.01681817,62.58035,12.0171,16.3243,20.32882,THUMB
0.01787193,0.103288,-0.03134969,-0.03083622,0.01537508,-0.03540438,-0.03450519,0.004918277,-0.03512004,-0.03101547,-0.007449746,-0.02484947,-0.03258074,-0.01579261,-0.01304165,66.59796,12.8732,17.67185,21.04952,THUMB
-0.02065675,0.1041705,-0.0366303,-0.03562061,0.005030096,-0.03587347,-0.03714106,-0.005760312,-0.03684801,-0.03084637,-0.01765341,-0.02801737,-0.02759733,-0.02723485,-0.01554307,63.19345,11.97284,16.85281,20.77498,THUMB
-0.0147742,0.1023689,-0.03497514,-0.0359821,0.009004861,-0.03582174,-0.03949334,-0.002734989,-0.03690356,-0.03332233,-0.0142982,-0.02723348,-0.03109263,-0.02312726,-0.01439393,61.26979,13.07907,15.92324,20.2482,THUMB
-0.006518155,0.1038424,-0.03462535,-0.03220691,0.01435995,-0.02617785,-0.03562454,0.001039803,-0.02589577,-0.03141952,-0.01098031,-0.01772553,-0.03048638,-0.02065426,-0.005720347,57.21825,17.9894,19.4006,23.76862,THUMB
0.003441848,0.1036207,-0.02858356,-0.03102113,0.01752108,-0.02554843,-0.03494931,0.004005671,-0.02373242,-0.03128465,-0.008169264,-0.0157463,-0.03122955,-0.01765424,-0.003498435,58.84837,18.84355,19.97197,24.84607,THUMB
0.002599936,0.1046168,-0.02457196,-0.03050699,0.01824647,-0.02608958,-0.03401997,0.004554391,-0.02469176,-0.03035795,-0.007896066,-0.01696533,-0.03057613,-0.01783544,-0.005059987,58.58419,18.77865,20.1342,25.08581,THUMB
-0.05965815,0.09051266,-0.01385552,-0.04065426,0.005854875,-0.009930193,-0.03715847,-0.005628407,-0.009579301,-0.02609624,-0.01689577,-0.004803777,-0.01939651,-0.02771649,0.005307585,47.95409,16.32473,24.42916,28.24123,THUMB
-0.03214363,0.1044028,-0.01712567,-0.03774518,0.01309228,-0.01475617,-0.03581644,0.000851512,-0.01415059,-0.02764072,-0.01269916,-0.008994788,-0.02389775,-0.02406529,0.001187921,53.01897,16.63762,25.10264,27.42614,THUMB
-0.001493435,0.1044048,-0.03503767,-0.03393037,0.01216289,-0.02811125,-0.03595608,-0.0003949404,-0.02699503,-0.03126094,-0.01239488,-0.01857427,-0.03055022,-0.02208808,-0.006190002,62.74545,16.16366,19.29712,23.71105,THUMB
-0.003462923,0.1074931,-0.02376404,-0.01829354,0.020224,-0.04256356,-0.01955308,0.00991869,-0.0455367,-0.01654591,-0.004475981,-0.03656283,-0.02029944,-0.0168193,-0.02710798,54.30304,12.26506,17.71638,23.30907,THUMB
-0.0008531529,0.108125,-0.02210608,-0.01499585,0.02014056,-0.04139599,-0.01566749,0.009714067,-0.0434466,-0.01347004,-0.004788488,-0.03453097,-0.01815176,-0.01717868,-0.0263623,54.46542,12.70389,19.29533,24.32589,THUMB
-0.002402398,0.1089129,-0.01790887,-0.01393713,0.01926714,-0.04083136,-0.01377385,0.008176118,-0.04206216,-0.01114446,-0.006068826,-0.03282788,-0.01574697,-0.01843512,-0.02541962,56.71137,13.61503,20.40488,24.85243,THUMB
0.0003656447,0.1106412,-0.007155091,-0.008820666,0.0208216,-0.03902602,-0.008525716,0.01051655,-0.04178306,-0.006442992,-0.004649729,-0.03288803,-0.01183105,-0.01747987,-0.02770594,58.94483,13.68531,21.75696,24.92411,THUMB
-0.003326604,0.1097601,-0.0138016,-0.005979035,0.0187979,-0.03728798,-0.00468504,0.008102745,-0.03954485,-0.003204869,-0.006387383,-0.03070274,-0.008836416,-0.01945248,-0.02585453,56.19111,15.12464,23.20528,26.48042,THUMB
-0.01609433,0.1089195,-0.008368462,-0.003959922,0.02457398,-0.03480539,-0.0008869153,0.01113304,-0.03742769,0.0008443766,-0.003345966,-0.03102157,-0.004498185,-0.01643705,-0.02729806,50.08685,19.04966,22.89727,26.6136,THUMB
-0.00330921,0.1091212,-0.01906431,-0.000625832,0.01589161,-0.03793353,0.001824364,0.005949229,-0.03993142,0.002547007,-0.007348448,-0.03132704,-0.003814537,-0.02023169,-0.02665943,57.34928,14.66647,21.71864,26.3694,THUMB
-0.01518933,0.1095454,-0.01284638,-0.004378691,0.02181318,-0.0367527,-0.0009785779,0.008931667,-0.03883141,0.0006343843,-0.005222231,-0.03107959,-0.003997232,-0.01963252,-0.02693468,52.25341,18.24514,22.63487,27.67396,THUMB
0.0005881619,0.1070414,0.002416074,-0.03195791,0.02644226,-0.01399595,-0.03455089,0.0129953,-0.01470682,-0.03137299,-0.001980931,-0.01023784,-0.03302472,-0.01473844,0.0009151101,53.65541,18.077,23.05221,28.00907,THUMB
0.0006337557,0.1069247,0.001622766,-0.03233878,0.0261313,-0.01448533,-0.0349086,0.0126898,-0.0150851,-0.03175266,-0.002409577,-0.01039672,-0.03318763,-0.01490426,0.001203895,54.26119,17.96587,23.16144,27.94337,THUMB
0.003354311,0.106017,0.004533082,-0.03224007,0.02684969,-0.0134663,-0.03514171,0.01326051,-0.01395929,-0.03232335,-0.001901507,-0.009417564,-0.03321433,-0.01496175,0.001580596,55.089,18.23686,23.17901,27.84865,THUMB
0.003411558,0.1064295,-0.001781642,-0.03258348,0.02543512,-0.01499033,-0.03550534,0.01172072,-0.01465774,-0.03256151,-0.002977967,-0.009412408,-0.03361713,-0.01479268,0.002883673,55.94035,18.48552,22.85666,27.5346,THUMB
0.004428497,0.106282,-0.009827554,-0.03340885,0.024335,-0.01595664,-0.03627374,0.0105722,-0.01457718,-0.03289629,-0.003964245,-0.008674324,-0.03495448,-0.01386458,0.004727006,56.7477,18.47912,22.89442,26.28968,THUMB
0.005581148,0.1059179,-0.002039909,-0.03220046,0.02578583,-0.01517424,-0.03515787,0.01175836,-0.01446462,-0.03243382,-0.003100783,-0.009094477,-0.03487173,-0.01394945,0.00432086,56.37063,18.90494,23.40141,27.44076,THUMB
0.01200999,0.1042357,-0.03176638,-0.03160866,0.02239585,-0.01783121,-0.03636795,0.009728998,-0.01496834,-0.03344204,-0.003624499,-0.008107066,-0.03460615,-0.01304591,0.003791511,57.36477,18.92314,21.71734,24.14364,THUMB
0.003614683,0.1061344,-0.01351815,-0.03397661,0.02315512,-0.01624137,-0.03666503,0.009326518,-0.01453981,-0.03310085,-0.005232006,-0.008458078,-0.03650065,-0.01376802,0.006118417,57.3352,18.63276,23.17251,25.82641,THUMB
0.003545223,0.1059761,-0.01152006,-0.0340837,0.02398017,-0.01616812,-0.03658013,0.01012063,-0.0146009,-0.03303926,-0.004784524,-0.008546919,-0.03635148,-0.01391152,0.005989939,56.85594,18.33146,23.51979,26.32061,THUMB
0.004869316,0.1054548,0.001469105,-0.03294338,0.0260779,-0.01480418,-0.03517579,0.01248574,-0.01495665,-0.03203363,-0.002831787,-0.01013035,-0.03463721,-0.0147514,0.002335876,56.9081,17.77102,23.53795,27.5409,THUMB
0.003580216,0.1062165,-0.0007809103,-0.03185475,0.02582544,-0.01583564,-0.0349884,0.0114907,-0.01584345,-0.03180825,-0.003457695,-0.0112623,-0.03265166,-0.01527837,-0.0009355843,55.57214,19.41027,23.01483,25.72635,THUMB
0.003313374,0.1070587,-0.001803726,-0.03162477,0.02540094,-0.01646769,-0.03504913,0.01173452,-0.01713014,-0.03198159,-0.00320673,-0.01286113,-0.03241703,-0.01565215,-0.003741026,55.67746,18.77004,22.4325,25.05404,THUMB
-0.01650561,0.101855,0.0311965,-0.03753188,0.02253276,-0.01379359,-0.03934588,0.01315936,-0.02018902,-0.03384783,-0.0007880032,-0.02078325,-0.03075419,-0.01470408,-0.01522255,59.86052,14.3417,18.22943,22.63209,THUMB
-0.01492973,0.1032997,0.02641386,-0.03770678,0.02149296,-0.01391447,-0.03974776,0.01181665,-0.01964092,-0.03421113,-0.002122432,-0.01952225,-0.03112518,-0.01564518,-0.01346141,60.50985,14.34996,18.32314,22.52195,THUMB
-0.01522999,0.1035679,0.02429485,-0.03734258,0.02131546,-0.01427644,-0.03943408,0.01142746,-0.01973754,-0.03390198,-0.002490729,-0.01917237,-0.03108621,-0.01586208,-0.01286328,60.06658,14.52378,18.41292,22.61187,THUMB
-0.01875719,0.1049709,0.01586074,-0.03509235,0.02250794,-0.01622525,-0.03748233,0.0117856,-0.02092069,-0.03240085,-0.002477765,-0.01922551,-0.03074855,-0.01585099,-0.01238587,55.03943,15.38254,19.17426,23.35438,THUMB
-0.02122413,0.1065927,0.007214367,-0.0352005,0.02146938,-0.01578587,-0.03778422,0.01031405,-0.01965907,-0.03262971,-0.003940642,-0.01753366,-0.03079877,-0.01713559,-0.01023588,52.58752,15.78973,19.6995,23.69002,THUMB
-0.03594211,0.1001055,0.01481158,-0.03713046,0.01929292,-0.02119151,-0.03685602,0.007479638,-0.02588105,-0.02992922,-0.006091624,-0.02320772,-0.02680692,-0.0200454,-0.0167557,54.12144,15.71387,18.7627,23.84976,THUMB
-0.03918497,0.09751144,0.02087718,-0.0384705,0.0187324,-0.0177629,-0.03826415,0.007222563,-0.02326161,-0.03117199,-0.006195724,-0.02157563,-0.02721865,-0.02010176,-0.01541275,53.3475,15.95049,18.75093,23.92634,THUMB
-0.03752127,0.09598041,0.02897829,-0.03810327,0.01817596,-0.01675463,-0.03753211,0.007563323,-0.02328843,-0.03067406,-0.005633235,-0.0225209,-0.02666307,-0.0192222,-0.01701713,56.4283,15.87604,18.67454,23.13066,THUMB
-0.02035329,0.1019168,0.02967447,-0.03760247,0.01987416,-0.01660094,-0.03823129,0.01040781,-0.02308831,-0.03265802,-0.003143579,-0.02291793,-0.02893755,-0.01654658,-0.0170449,62.24263,14.42717,18.05025,22.15783,THUMB
-0.007457044,0.1052377,0.02893397,-0.03719674,0.0234825,-0.01538783,-0.03955517,0.0148192,-0.02143711,-0.03542061,0.0004234612,-0.02148902,-0.0320107,-0.01337266,-0.01564309,63.1405,13.19848,17.8568,21.76203,THUMB
0.009501796,0.1062452,0.02510059,-0.0299967,0.03108811,-0.01399976,-0.0337746,0.02149862,-0.01934934,-0.03148611,0.006293595,-0.01900607,-0.03172993,-0.007493019,-0.01289535,57.59924,14.79809,19.24102,23.7947,THUMB
-0.0002043508,0.09866056,0.04550207,-0.03274529,0.03054672,-0.01486534,-0.03505696,0.02268407,-0.02152386,-0.03016209,0.007633984,-0.02264953,-0.02981551,-0.006709427,-0.01765233,62.79052,12.87517,18.13477,23.2523,THUMB
-0.01149088,0.09364781,0.048428,-0.03445627,0.02797818,-0.01542592,-0.03673283,0.02048361,-0.0223282,-0.03065994,0.005542696,-0.02363008,-0.0294271,-0.008755326,-0.01885974,62.91482,12.64834,18.34819,22.75176,THUMB
-0.01384175,0.09705624,0.04338139,-0.03776534,0.02245721,-0.01284778,-0.03943608,0.01433268,-0.01961589,-0.03299212,-0.0001816154,-0.02083397,-0.02967406,-0.01429829,-0.01606455,64.08325,13.33361,19.16823,23.00273,THUMB
-0.01470143,0.09780577,0.04216605,-0.03780028,0.02231777,-0.01259732,-0.03928826,0.01402977,-0.01929969,-0.03303777,-0.0004772842,-0.02048683,-0.02961377,-0.01457986,-0.015773,63.28567,13.48452,19.29132,23.07414,THUMB
-0.0253585,0.09393567,0.04104516,-0.03795567,0.02143049,-0.0121901,-0.03879389,0.0124929,-0.01863527,-0.03290516,-0.001948833,-0.01959315,-0.02913368,-0.01592419,-0.01502502,58.80978,14.083,19.75747,23.24004,THUMB
-0.02542603,0.09469467,0.04011419,-0.03790575,0.0214203,-0.01166946,-0.03863522,0.01226297,-0.0180468,-0.03303106,-0.00221777,-0.01900429,-0.02923476,-0.01619425,-0.01460412,58.09079,14.33599,19.96581,23.25534,THUMB
-0.009494081,0.09740284,0.04381675,-0.03619854,0.02490672,-0.008771807,-0.03829507,0.01666108,-0.01470333,-0.03446137,0.001627773,-0.01624745,-0.03139703,-0.01279256,-0.0121839,60.23245,13.35452,20.08536,23.5791,THUMB
-0.006595034,0.09753951,0.04412758,-0.03586278,0.02560258,-0.008418441,-0.03822536,0.01749662,-0.01421732,-0.03459962,0.00237906,-0.01582849,-0.03170147,-0.01215637,-0.01171479,60.59762,13.16728,20.05385,23.7405,THUMB
0.006370381,0.1003286,0.04136223,-0.03507259,0.02709717,-0.006929994,-0.03825951,0.01936868,-0.0122599,-0.03529585,0.004120171,-0.01391572,-0.03275875,-0.01060829,-0.009577662,63.07049,12.72131,19.86655,24.02433,THUMB
-0.005281419,0.08875901,0.05559653,-0.03434011,0.02786869,-0.006403148,-0.03650305,0.0203422,-0.01316518,-0.03172402,0.005643219,-0.01627457,-0.03024912,-0.008889526,-0.01261729,60.62079,13.38014,19.90923,24.57987,THUMB
-0.004378542,0.08760411,0.05740428,-0.03654997,0.02608329,-0.005403161,-0.04024781,0.01944673,-0.0120064,-0.03441254,0.005306751,-0.01653701,-0.03171729,-0.008549899,-0.01281351,63.23703,12.56085,19.01232,22.24597,THUMB
-0.02244212,0.1065791,0.002863199,-0.03234389,0.02232039,-0.01198256,-0.03407111,0.009857118,-0.01375508,-0.02960313,-0.005179077,-0.01062661,-0.02932387,-0.01913151,-0.002288401,46.69069,17.95331,24.46861,27.56723,THUMB
-0.02624813,0.1031901,0.005605876,-0.03250399,0.02222192,-0.01240176,-0.03386976,0.009600818,-0.01374477,-0.02927741,-0.005479842,-0.01005358,-0.02913003,-0.01921716,-0.001147926,45.65217,17.88529,24.94994,27.94252,THUMB
-0.02076783,0.1025036,0.005313396,-0.03241597,0.02254561,-0.01373714,-0.03326844,0.009256095,-0.01388437,-0.02852987,-0.005559653,-0.008761048,-0.02969276,-0.01826426,0.002065241,48.32089,18.23668,25.55904,28.62433,THUMB
-0.01081114,0.1042482,0.009750128,-0.03412304,0.02334797,-0.008899808,-0.0370822,0.01023242,-0.007211626,-0.0305893,-0.005521536,-0.003293216,-0.02986262,-0.0181163,0.006838292,52.40182,18.64089,25.78393,27.02907,THUMB
-0.008108191,0.1119823,-0.004354715,-0.03879811,0.02580491,0.01683581,-0.03926096,0.009771228,0.00225848,-0.03129794,-0.005708843,0.002832949,-0.02576749,-0.02013865,0.00967747,55.77555,25.40843,24.3213,29.42043,THUMB
-0.009222858,0.1124481,0.004126132,-0.03815993,0.03273541,0.05394614,-0.03843885,0.01073152,-0.0008813143,-0.03101695,-0.004577518,-0.0008518696,-0.02703567,-0.020257,0.005472541,59.26014,53.02385,23.98843,30.31392,THUMB
-0.03056886,0.09998447,0.02463073,-0.03567854,0.02269197,-0.007537365,-0.03666554,0.01014173,-0.009763718,-0.0305104,-0.005021095,-0.01006293,-0.0276171,-0.02042449,-0.004720747,46.53183,17.14577,24.07644,28.30125,THUMB
-0.02890539,0.1017666,0.01805335,-0.03066061,0.01921782,-0.01155788,-0.03592495,0.01042509,-0.01202706,-0.03064831,-0.004936188,-0.01134813,-0.028766,-0.01959544,-0.005102873,49.76422,15.1344,24.04158,26.97082,THUMB
-0.02007952,0.1081071,0.003170222,-0.03114033,0.01839283,-0.01319563,-0.03475167,0.01017174,-0.01558834,-0.03034395,-0.004757911,-0.0134899,-0.02961937,-0.01846716,-0.00600785,52.60575,13.6312,23.10704,26.02478,THUMB
-0.0134312,0.1091509,-0.008406669,-0.0296576,0.01856065,-0.01791915,-0.03255311,0.009117872,-0.02072635,-0.02891587,-0.005317092,-0.01697254,-0.0293902,-0.01792884,-0.008241624,53.56559,14.93496,22.3992,25.45926,THUMB
-0.00884879,0.1089518,-0.01428488,-0.02871303,0.01817334,-0.02151662,-0.03130033,0.007906169,-0.02435035,-0.0279312,-0.00600493,-0.01950616,-0.02897781,-0.0180169,-0.01011097,55.02707,15.61752,21.47291,25.10807,THUMB
0.00612499,0.1080831,-0.02039585,-0.0261451,0.02013206,-0.03326935,-0.02835545,0.00859037,-0.03647059,-0.02605927,-0.004762292,-0.02976459,-0.02857818,-0.01539019,-0.01944065,58.53609,14.91316,17.71277,22.11566,THUMB
0.002282251,0.1089627,-0.00451088,-0.01910584,0.0236527,-0.04552886,-0.02220558,0.01489934,-0.05006129,-0.01670786,-0.001394868,-0.04036155,-0.02085442,-0.01406333,-0.03081912,62.69986,10.43296,17.10726,22.00611,THUMB
-0.01421465,0.097655,-0.01483986,-0.04003393,0.06990549,-0.05303553,-0.04596726,0.06455076,-0.06199396,-0.04178805,0.04242682,-0.06752044,-0.04195536,0.01940998,-0.0604288,31.77087,6.552631,12.44182,13.62626,THUMB
-0.02241687,0.09404141,-0.01842892,-0.03563799,0.06408048,-0.0536114,-0.04165056,0.05954826,-0.06229192,-0.03801287,0.03901079,-0.06652424,-0.03700273,0.01739284,-0.0584783,29.07308,6.395833,11.97495,13.09822,THUMB
-0.005964622,0.1094885,0.005650699,-0.004829442,0.02418336,-0.03170413,-0.003323266,0.01281387,-0.03476161,-0.002091857,-0.002131701,-0.02851132,-0.008454343,-0.01510763,-0.02527964,55.507,17.09813,24.44656,28.67233,THUMB
-0.006948752,0.1083002,-0.007423401,-0.008572573,0.0189811,-0.03676552,-0.006629318,0.008518249,-0.03805554,-0.004798206,-0.005352706,-0.0303669,-0.01047836,-0.01794419,-0.02416366,58.69612,14.57862,22.33029,27.75517,THUMB
-0.01251415,0.1070512,0.001601636,-0.02664673,0.02205169,-0.04396373,-0.03121217,0.01246336,-0.05034947,-0.02632483,-0.001090586,-0.0454374,-0.02710016,-0.01382375,-0.0323565,64.2066,11.3488,13.18075,19.51653,THUMB
-0.01068548,0.107021,-0.00351274,-0.02676394,0.02185437,-0.0457139,-0.03181999,0.01276606,-0.0519523,-0.0270923,-0.0009651482,-0.04682514,-0.0281209,-0.01307318,-0.03328401,63.14658,10.63997,12.93561,18.58855,THUMB
-0.02114274,0.1025919,-0.02426639,-0.02721716,0.02134329,-0.04943579,-0.03256246,0.0130831,-0.05536804,-0.02462715,-0.002064824,-0.04784432,-0.02510767,-0.01444528,-0.03507891,52.32682,9.335489,14.07972,18.25608,THUMB
-0.01523477,0.1078636,-0.01523066,-0.02116984,0.01681373,-0.03990233,-0.02121729,0.005887181,-0.04393911,-0.01521729,-0.007412404,-0.0341152,-0.01711927,-0.01985669,-0.02483395,58.83123,13.69979,18.18535,24.14988,THUMB
-0.02304936,0.1058897,-0.002937138,-0.03300162,0.02073097,-0.01241913,-0.03389739,0.008915335,-0.01338476,-0.0287641,-0.005692661,-0.009085476,-0.02811485,-0.01854789,0.000644505,47.56051,16.72795,24.75627,28.54457,THUMB
-0.02251961,0.10449,0.01518303,-0.03732715,0.02233654,-0.003437251,-0.03774796,0.01081476,-0.008064002,-0.03160178,-0.004248589,-0.006852269,-0.02868219,-0.01931182,4.684925E-05,48.48759,16.36537,23.13744,28.80972,THUMB
-0.03239457,0.099659,0.01936209,-0.03235601,0.0213725,-0.01120377,-0.03751182,0.00995025,-0.009832799,-0.03138257,-0.005005121,-0.008708745,-0.02805347,-0.01984948,-0.002224326,46.494,18.03665,23.14213,28.30102,THUMB
-0.035092,0.09720954,0.02217552,-0.03483221,0.0205228,-0.009858698,-0.03771573,0.009378403,-0.01023719,-0.03148433,-0.005361587,-0.009255618,-0.02791268,-0.02003235,-0.002988249,47.01987,16.06545,22.80445,27.8551,THUMB
-0.03215412,0.0977127,0.02315265,-0.03669888,0.02028692,-0.006308526,-0.03771976,0.009934306,-0.01022029,-0.03180014,-0.00496158,-0.009368211,-0.02858006,-0.01937377,-0.003206491,47.57704,15.17128,22.80873,27.07212,THUMB
-0.00812272,0.1087694,0.006218582,-0.03245417,0.02465031,-0.01930863,-0.03523545,0.01310593,-0.02396899,-0.03024091,-0.001531512,-0.0209977,-0.02981284,-0.01512808,-0.0134047,55.01648,16.34211,19.48444,24.65648,THUMB
-0.009978142,0.1082959,0.01025659,-0.03302378,0.02422929,-0.01936781,-0.0356015,0.01283586,-0.02445012,-0.0301951,-0.001775295,-0.02178237,-0.02948485,-0.01551688,-0.01455039,56.17818,16.20564,19.32647,24.3342,THUMB
0.007352453,0.1064922,-0.01627666,-0.005806089,0.02202748,-0.03006554,-0.006284635,0.01074749,-0.03335543,-0.008435916,-0.00414373,-0.0278503,-0.01710765,-0.01680213,-0.02422911,46.71846,18.16126,26.39051,27.50474,THUMB
0.008208405,0.1062474,-0.01732674,-0.005802476,0.02205147,-0.03067891,-0.006557595,0.01075967,-0.03400141,-0.008773258,-0.004031941,-0.02824253,-0.01746401,-0.01654801,-0.02418,46.76558,17.97187,25.79756,27.52719,THUMB
0.003289497,0.1076041,-0.02043891,-0.01445798,0.02060673,-0.03320369,-0.0160234,0.009352267,-0.03614755,-0.01497484,-0.005313545,-0.02864981,-0.02177357,-0.01754376,-0.02192014,51.4007,16.33665,22.93585,25.87719,THUMB
0.003297701,0.1077309,-0.02113456,-0.01836129,0.02115589,-0.0320645,-0.0202303,0.009738058,-0.03428674,-0.01851515,-0.004983783,-0.02701175,-0.02452879,-0.01700613,-0.01952666,51.73283,16.06321,22.72831,25.50427,THUMB
-0.003413177,0.1087212,-0.01406509,-0.03168831,0.02385929,-0.021907,-0.03450171,0.01152962,-0.02372795,-0.02990056,-0.00393936,-0.01876643,-0.03095677,-0.01659459,-0.009975225,52.72149,16.37758,21.8919,24.71294,THUMB
-0.006498037,0.1088677,-0.002765417,-0.03219999,0.02363285,-0.02038312,-0.03463905,0.01018754,-0.02278355,-0.02918309,-0.004875213,-0.01890111,-0.03001033,-0.01765898,-0.01032847,54.53471,18.02269,21.79055,24.85002,THUMB
-0.006899824,0.1087826,-0.004697442,-0.03141103,0.02290833,-0.02088892,-0.03353415,0.008846641,-0.02280188,-0.02814286,-0.005912215,-0.018518,-0.02968915,-0.01832196,-0.009766221,54.34287,18.97081,22.27707,24.81817,THUMB
-0.00481727,0.1088195,-0.006074011,-0.03160369,0.02306402,-0.01987934,-0.03402195,0.009567052,-0.02167279,-0.02882714,-0.005348742,-0.01740953,-0.03064428,-0.01791167,-0.008679986,54.46209,18.36554,22.4083,24.88491,THUMB
-0.005260257,0.1085449,-0.007993042,-0.03191655,0.02286205,-0.01970598,-0.03452716,0.009315908,-0.02110642,-0.02931872,-0.005531818,-0.01664561,-0.03076774,-0.01789632,-0.007642895,54.09702,18.39946,22.35783,24.8877,THUMB
-0.006697537,0.1078698,-0.008577526,-0.03242362,0.02257559,-0.0194824,-0.03515808,0.008703947,-0.02040172,-0.02990526,-0.005958557,-0.01570809,-0.03086605,-0.01773351,-0.006247878,53.81773,18.7609,22.21967,24.63548,THUMB
-0.007076547,0.1076242,-0.007574946,-0.03275736,0.02283925,-0.01871303,-0.03563924,0.00872153,-0.01948419,-0.03037801,-0.005903184,-0.01491976,-0.03109254,-0.0174751,-0.005344212,53.56942,19.09783,22.1535,24.50379,THUMB
-0.007305508,0.1070101,-0.006936997,-0.03420507,0.02330932,-0.0156936,-0.03764824,0.008840382,-0.01573282,-0.0323654,-0.005644113,-0.01137987,-0.03242858,-0.01699147,-0.001400024,53.15594,19.63211,21.81599,24.25396,THUMB
-0.005999826,0.1055297,-0.02048364,-0.03500218,0.02226558,-0.01437846,-0.03933252,0.01023203,-0.01329646,-0.03476856,-0.003955275,-0.007356346,-0.03491775,-0.01494524,0.003400147,52.85767,16.96609,21.27149,23.74486,THUMB
-0.004301317,0.1004483,-0.02088892,-0.03717687,0.01869109,-0.01450333,-0.03898147,0.005991459,-0.01107532,-0.0332923,-0.006113887,-0.002181232,-0.05501706,-0.003019512,0.04432422,58.85526,17.47749,22.32874,43.02814,THUMB
-0.00373948,0.1005124,-0.01715061,-0.03859088,0.01853344,-0.01342669,-0.04016804,0.005457252,-0.01000196,-0.03347556,-0.006128311,-0.001783788,-0.05452867,-0.004778266,0.04704291,60.74195,17.60656,20.92385,43.95172,THUMB
0.0005608499,0.09854624,0.002680331,-0.03523703,0.02243614,-0.007534564,-0.03810596,0.01099586,-0.005898803,-0.0351973,-0.0003585219,0.003097057,-0.05618399,-0.001814574,0.06737584,58.74763,16.26618,21.41483,45.14522,THUMB
-0.002189852,0.09900481,0.00450629,-0.03457387,0.02180213,-0.006822139,-0.03692791,0.01018798,-0.005389005,-0.03499413,-0.0002875328,0.00374344,-0.05574896,-0.001321495,0.04023841,57.56145,16.67934,21.22419,29.71879,THUMB
-0.01645586,0.1101198,-0.01569468,-0.03919587,0.0396964,0.04562789,-0.03829013,0.007498264,-0.002954602,-0.03033118,-0.007191658,0.0002224445,-0.02641309,-0.02053869,0.009470582,57.95064,53.84688,24.85319,28.6844,THUMB
-0.01545468,0.1095561,-0.008971781,-0.03962826,0.02507064,-0.007661521,-0.03362517,0.008223534,-0.02002248,-0.02847581,-0.005526602,-0.01627767,-0.02836994,-0.0180504,-0.007650524,49.46524,27.06091,21.45511,25.86378,THUMB
-0.0116979,0.108093,-0.01176429,-0.02034765,0.01956969,-0.03322536,-0.02566953,0.009660095,-0.0359222,-0.02209812,-0.003861666,-0.03027299,-0.02438359,-0.01536149,-0.02156758,54.86149,14.82833,18.23319,22.71647,THUMB
-0.01012116,0.1081139,-0.008834064,-0.01974154,0.02088606,-0.03833586,-0.02271488,0.01149848,-0.04190022,-0.01899626,-0.002475411,-0.03565544,-0.02183375,-0.01399156,-0.02714533,57.60497,12.33331,17.07492,21.13804,THUMB
-0.008715698,0.1088509,-0.005345821,-0.01931457,0.02322277,-0.04017758,-0.02048201,0.01313385,-0.04482549,-0.01595056,-0.001307368,-0.03768396,-0.01918161,-0.01330471,-0.02955365,58.01508,12.63701,16.82841,21.25215,THUMB
0.0003589438,0.1082267,0.004088551,-0.008459279,0.02645963,-0.03117102,-0.007708664,0.01547575,-0.03502864,-0.007162418,0.0005606115,-0.03044739,-0.01437307,-0.0123907,-0.02720067,52.8136,16.15799,22.32674,27.03369,THUMB
0.0006586565,0.108987,0.00241214,-0.01225426,0.02470168,-0.03346995,-0.01172332,0.01356718,-0.03697383,-0.01029941,-0.001746535,-0.03235775,-0.01649722,-0.01446354,-0.02808899,56.58634,15.60479,22.22315,24.35323,THUMB
-0.0003131023,0.1098644,-0.005146801,-0.01364995,0.02113384,-0.03526989,-0.01267096,0.009884894,-0.03798199,-0.01057597,-0.004996747,-0.03194529,-0.01629053,-0.01739064,-0.02710357,58.24612,15.53318,22.3142,23.60325,THUMB
0.0005958378,0.1072945,-0.01033542,-0.03223283,0.02208826,-0.02504689,-0.03727322,0.01127794,-0.0274466,-0.03477293,-0.002304941,-0.02082485,-0.0339649,-0.01351506,-0.01004705,58.55984,14.78951,17.78944,22.54629,THUMB
0.01337819,0.1056164,-0.01134369,-0.02937113,0.02353534,-0.027062,-0.03432979,0.01349375,-0.02934685,-0.03129932,-0.0004765093,-0.02207953,-0.03328553,-0.01071325,-0.01132056,61.0841,14.01198,18.1252,22.908,THUMB
0.0139006,0.1052108,-0.01179856,-0.02940166,0.02343935,-0.0273459,-0.03439956,0.01336047,-0.02960464,-0.03111977,-0.0006648898,-0.02221367,-0.03318581,-0.01083553,-0.01128659,61.35361,14.01727,18.13974,23.08557,THUMB
0.004050136,0.1062413,-0.01991194,-0.03073689,0.0213013,-0.02809915,-0.0341782,0.01048025,-0.02932358,-0.03008106,-0.003599375,-0.02176103,-0.03123823,-0.01482365,-0.01098272,57.77452,14.09037,19.2251,24.43664,THUMB
-0.01696271,0.1056735,0.0008913875,-0.03134425,0.01907286,-0.02264059,-0.03312666,0.007307321,-0.02615088,-0.02909439,-0.005818814,-0.02230209,-0.02829527,-0.01771435,-0.01317585,56.7961,16.59548,18.85957,23.65856,THUMB
-0.006025029,0.1050753,-0.001303613,-0.02996567,0.01908875,-0.02273476,-0.03286783,0.008932292,-0.02565026,-0.03035406,-0.004796624,-0.02111059,-0.03051999,-0.01580846,-0.01117536,60.05863,14.83304,19.73458,23.24127,THUMB
-0.02322653,0.1002725,0.006710321,-0.03525386,0.01989982,-0.0188666,-0.03647726,0.007511109,-0.02015594,-0.03148034,-0.006430894,-0.01485217,-0.02966487,-0.0190534,-0.00446561,54.3097,16.25845,21.00303,26.81209,THUMB
0.01051006,0.1060266,-0.006762654,-0.03043105,0.01974958,-0.02160773,-0.03458325,0.01058152,-0.02419132,-0.03328793,-0.00265944,-0.01771256,-0.03388475,-0.01298824,-0.007642031,64.788,13.81628,19.37913,22.20595,THUMB
0.01393727,0.105739,-0.01103574,-0.03019732,0.02024615,-0.02275833,-0.03481343,0.01096389,-0.02506694,-0.03352192,-0.002441645,-0.01824707,-0.03378007,-0.01229236,-0.008065611,64.62183,13.87795,19.35884,21.65028,THUMB
0.005745538,0.1076578,-0.004576266,-0.03452107,0.02237746,-0.02437717,-0.03856685,0.01270124,-0.02717805,-0.03589298,-0.001046658,-0.02149212,-0.03401763,-0.01194018,-0.01121134,63.25291,12.8349,17.02985,21.06252,THUMB
-0.007482508,0.1093635,-0.002996624,-0.02901525,0.02197003,-0.0286147,-0.03090727,0.01066551,-0.03207666,-0.02606022,-0.003124982,-0.02682,-0.02684561,-0.01579142,-0.01825258,57.79701,14.92693,18.24364,23.90535,THUMB
-0.004856011,0.1100054,-0.00744468,-0.02981514,0.02142242,-0.02950749,-0.03220399,0.01073259,-0.03273931,-0.02738185,-0.003005534,-0.02730888,-0.02795828,-0.01527682,-0.01843372,58.43626,13.91729,17.60672,22.93645,THUMB
-0.001454996,0.1098901,-0.01222876,-0.03169287,0.02101737,-0.0300861,-0.03580175,0.01100576,-0.03377184,-0.03135118,-0.002908766,-0.02790263,-0.03091065,-0.01485816,-0.01811871,59.47258,13.08168,16.65144,21.54024,THUMB
-0.03542205,0.1005618,0.006281376,-0.03194752,0.02166098,-0.01757121,-0.03206989,0.009055525,-0.02062246,-0.02703617,-0.00629583,-0.01760572,-0.02671317,-0.02106184,-0.01027703,45.05879,17.7281,24.4044,27.54128,THUMB
-0.02854501,0.1021543,0.01044104,-0.03120073,0.0227063,-0.01600489,-0.03224404,0.01041317,-0.01928043,-0.02779212,-0.005199939,-0.01672566,-0.02795133,-0.02001244,-0.009580076,46.88581,17.75526,24.6002,27.36884,THUMB
-0.03344164,0.1018378,0.00857091,-0.03263697,0.02280194,-0.01564676,-0.03292383,0.009227395,-0.01817435,-0.0276514,-0.006021976,-0.01549643,-0.02693839,-0.02091157,-0.008250296,44.5256,18.66803,24.54565,28.09353,THUMB
0.01081774,0.1032124,-0.03146595,-0.03361859,0.01911843,-0.01834017,-0.03704351,0.009554386,-0.01892844,-0.03398512,-0.003657639,-0.01168767,-0.03416571,-0.0142335,-0.0001849234,61.8946,13.67196,20.39596,24.63569,THUMB
-0.0009364486,0.1022005,-0.02638218,-0.0338012,0.0182409,-0.01957983,-0.03757393,0.007417828,-0.01870891,-0.03449412,-0.005162865,-0.01060623,-0.03334194,-0.01453793,0.0008657575,57.98573,15.39623,20.42327,23.5433,THUMB
-0.008127198,0.1073142,-0.0134936,-0.03422944,0.02347493,-0.01192006,-0.03704068,0.01173469,-0.01292297,-0.0325289,-0.002359658,-0.009379238,-0.03153408,-0.01374859,0.0005615056,50.8333,16.27652,20.87357,25.6032,THUMB
-0.006915279,0.108113,-0.003981769,-0.03274056,0.0259755,-0.009480476,-0.03603426,0.01374415,-0.01013806,-0.032437,-0.001444817,-0.007114887,-0.03143487,-0.01421392,0.001962662,48.59777,17.15263,22.88879,26.68786,THUMB
-0.00531593,0.107136,-0.01653621,-0.03299402,0.02344915,-0.008793622,-0.03682917,0.01164773,-0.00788334,-0.03298943,-0.003054619,-0.003749937,-0.03187724,-0.01444566,0.006420344,50.93787,17.47986,23.11238,25.40292,THUMB
-0.007265165,0.1073036,-0.01188684,-0.03350315,0.02375177,-0.008735895,-0.03678443,0.01201832,-0.008105338,-0.03251502,-0.002935678,-0.004217327,-0.03109855,-0.01468417,0.005746543,50.40063,16.86748,23.34811,26.18071,THUMB
-0.01318932,0.1090721,-0.004359305,-0.03234576,0.02283233,-0.0181911,-0.03272114,0.01028791,-0.01986375,-0.02812066,-0.004037768,-0.01590341,-0.02776676,-0.01712182,-0.00718981,51.28682,16.65,22.23709,27.54347,THUMB
0.008022518,0.1089918,-0.01646444,-0.02547395,0.02019608,-0.0379265,-0.02936029,0.0103327,-0.04080799,-0.02658709,-0.004691064,-0.03314397,-0.02870397,-0.01582372,-0.02364191,61.65313,12.35839,18.1618,20.23535,THUMB
0.002161225,0.1103144,-0.0002524555,-0.02099875,0.02239251,-0.04109472,-0.02336274,0.01248237,-0.04552495,-0.01953698,-0.002993822,-0.03705713,-0.02269914,-0.01515269,-0.02937314,64.51495,12.17505,17.80783,20.49887,THUMB
-0.008097721,0.1107742,0.01222587,-0.02311611,0.02607211,-0.04762793,-0.02859214,0.01818654,-0.05610836,-0.02147406,0.0007067323,-0.0474568,-0.02215566,-0.01260769,-0.03942764,67.78615,10.16341,15.55333,17.08029,THUMB
-0.003231194,0.1111166,0.01072389,-0.01916757,0.02719721,-0.04652086,-0.02571873,0.020172,-0.05616152,-0.01833094,0.002452314,-0.04789346,-0.02037474,-0.01105613,-0.03943843,66.12688,10.50551,15.7614,17.87933,THUMB
0.003614457,0.1116131,0.002390951,-0.01367522,0.02614871,-0.04476875,-0.01643878,0.01791257,-0.05206355,-0.01233241,0.001241773,-0.04449686,-0.01620239,-0.0118776,-0.03632155,62.53656,11.03487,16.74271,20.03247,THUMB
0.00833522,0.1068967,-0.01084757,0.0001480877,0.02449891,-0.03775305,0.00131198,0.01076517,-0.03739065,0.0002456494,-0.004212379,-0.02725786,-0.00966453,-0.01263463,-0.02265626,51.34438,17.00485,24.8808,28.91002,THUMB
-0.0008041449,0.1086612,-0.009017527,-0.0008501401,0.02402577,-0.03332633,0.0002475521,0.0120925,-0.03632614,-0.0001803092,-0.002859265,-0.02929261,-0.00782788,-0.01496422,-0.0255737,49.4676,17.44537,23.99763,28.4171,THUMB
0.007531039,0.1084148,-0.008073211,-0.00110756,0.02283284,-0.03669298,-0.0004121125,0.01244408,-0.03959247,-0.001151911,-0.003277391,-0.03063104,-0.009336771,-0.01546705,-0.02696338,54.08767,14.47002,23.60035,27.51699,THUMB
0.008439716,0.1082315,-0.007723361,-0.001141637,0.02284515,-0.03821623,-0.0005601929,0.01277414,-0.0409807,-0.00104114,-0.003281683,-0.0313012,-0.009382844,-0.01530182,-0.02743071,55.32011,13.5741,23.31953,27.14359,THUMB
-0.009959631,0.1066554,-0.02096516,-0.0231747,0.01866236,-0.05332902,-0.02827624,0.009442449,-0.06024191,-0.02466208,-0.006450266,-0.05208552,-0.02447038,-0.01926294,-0.03909653,59.93596,9.851214,14.4634,17.5174,THUMB
0.002435903,0.1077667,-0.02192926,-0.02017598,0.01839927,-0.0472312,-0.02443587,0.008215338,-0.05251071,-0.01935582,-0.006780654,-0.04185325,-0.02321417,-0.01856977,-0.03140491,60.34369,11.76976,16.439,20.35512,THUMB
0.001160573,0.1081972,-0.01608279,-0.01857697,0.01929381,-0.04419041,-0.02152174,0.008502573,-0.04811576,-0.01524855,-0.006582826,-0.03703809,-0.02036374,-0.01884919,-0.02770919,60.57946,12.82154,18.57569,23.39677,THUMB
0.0003440268,0.1075798,-0.01366091,-0.02215615,0.02257037,-0.04296225,-0.02784101,0.01206654,-0.04844132,-0.02154521,-0.002256632,-0.04024178,-0.02522485,-0.0145689,-0.02894646,58.67915,13.0761,15.11441,21.91424,THUMB
-0.006055642,0.1084441,-0.005832285,-0.02503767,0.02282956,-0.04095933,-0.02966157,0.01261076,-0.04676703,-0.02348096,-0.001826644,-0.03921303,-0.02537631,-0.01512864,-0.02862486,60.28259,12.63721,15.18725,21.89405,THUMB
-0.00872751,0.1077248,-0.00115484,-0.02651037,0.02896184,-0.04330605,-0.03258208,0.02194098,-0.05106282,-0.02596258,0.005488366,-0.04663619,-0.0266386,-0.008565664,-0.03595513,57.42903,9.835573,14.43276,18.27102,THUMB
0.00110203,0.1095801,-0.001189709,-0.03059756,0.03301382,-0.04402584,-0.03776195,0.02753857,-0.05126348,-0.03089645,0.01080471,-0.0501855,-0.03274033,-0.002180904,-0.03889549,58.19839,8.351624,13.77028,15.36583,THUMB
0.001497384,0.1089765,0.009619892,-0.0281914,0.03296641,-0.03891605,-0.03436546,0.02653968,-0.04656684,-0.02691201,0.009641528,-0.04364386,-0.02936603,-0.003771991,-0.03431535,60.1242,9.825993,14.70032,17.78611,THUMB
-0.009141801,0.1023592,0.03571334,-0.01567646,0.03642738,-0.02669463,-0.01677105,0.02702573,-0.03478032,-0.01125979,0.008695453,-0.03185859,-0.01607263,-0.006278038,-0.0319171,55.86301,15.04754,21.3205,25.43648,THUMB
-0.002527602,0.1016171,0.04048696,-0.01557098,0.04165453,-0.02737203,-0.01810464,0.03473532,-0.03611994,-0.01560386,0.01799795,-0.03664461,-0.01976923,0.002960443,-0.03545934,56.374,12.39424,16.63702,20.97956,THUMB
0.001048922,0.09854952,0.04752162,-0.01216017,0.03875506,-0.02197558,-0.01335947,0.02986199,-0.03072718,-0.01097621,0.01284856,-0.03092363,-0.01663723,-0.000996381,-0.03189543,56.86195,15.73912,20.59723,24.267,THUMB
0.001410378,0.09934983,0.04595652,-0.01424381,0.03829581,-0.02350637,-0.01590844,0.02973232,-0.03245398,-0.01276846,0.0126256,-0.03201348,-0.01815547,-0.001554519,-0.03189638,58.39525,15.28371,19.68423,23.84098,THUMB
0.0001022825,0.1002223,0.04425147,-0.01568486,0.03886458,-0.02485234,-0.01754943,0.03036365,-0.03390792,-0.0140889,0.01313677,-0.03314704,-0.01900278,-0.001527965,-0.03251934,58.44245,14.80133,18.8327,23.47304,THUMB