-0.02052938,0.06718537,-0.05494016,-0.009337988,0.1284321,-0.009624302,-0.02608515,0.1323261,0.01467183,-0.04119755,0.1148353,0.03451315,-0.05374518,0.08043686,0.04991934,35.72557,12.59523,12.75654,17.35424,FOUR
-0.01891983,0.06680629,-0.05713317,-0.009358358,0.1285056,-0.009826928,-0.02610334,0.1324886,0.01466906,-0.0412144,0.1150374,0.03471166,-0.05387551,0.08053964,0.05015847,36.63818,12.65379,12.79705,17.39526,FOUR
-0.01602731,0.06987357,-0.05791095,-0.009186372,0.1289965,-0.00480938,-0.02539996,0.1318233,0.0205023,-0.04046316,0.1131229,0.04095984,-0.05243558,0.07780069,0.05578026,37.67745,12.77941,13.24,17.58221,FOUR
-0.02369829,0.07567284,-0.04484388,-0.01779693,0.1274796,0.005565137,-0.02736389,0.1288381,0.03128135,-0.03823763,0.107826,0.05298662,-0.04412374,0.07172763,0.06778944,33.21777,11.59563,13.5091,17.30431,FOUR
-0.02345611,0.07729837,-0.04441839,-0.01694278,0.1275723,0.008744687,-0.02672066,0.1281371,0.03527096,-0.03862637,0.1065956,0.05527648,-0.04662032,0.07016307,0.06763211,33.896,11.93788,13.29923,17.18075,FOUR
-0.02569061,0.07290667,-0.04602551,-0.02101804,0.1272531,0.0006681681,-0.03245018,0.1286588,0.02758664,-0.04449138,0.1078163,0.04867414,-0.05256201,0.07140291,0.06232759,32.49609,12.39149,13.45704,17.3979,FOUR
-0.02639931,0.0734084,-0.04498664,-0.02020634,0.1272674,0.001796961,-0.03141625,0.1283929,0.02905935,-0.04351716,0.1072744,0.0503501,-0.05178084,0.07057077,0.06401679,32.43439,12.51161,13.63471,17.62638,FOUR
-0.02516083,0.07495645,-0.04811123,-0.01933722,0.1275169,0.0044927,-0.03050059,0.1283512,0.03022161,-0.04281781,0.1068914,0.05052713,-0.04936333,0.07022417,0.06536272,34.62728,11.87605,13.44214,17.72873,FOUR
-0.02655086,0.07580101,-0.04474938,-0.01874537,0.1274924,0.006874502,-0.02977809,0.1278468,0.03279701,-0.04249162,0.1058742,0.05251542,-0.04951281,0.0687817,0.06654695,33.84573,11.93319,13.49893,17.85725,FOUR
-0.02602817,0.07852137,-0.04053658,-0.01864057,0.1268939,0.01339552,-0.02972305,0.1258002,0.03936985,-0.04293289,0.1025926,0.05757508,-0.05048917,0.06456846,0.0696319,33.49948,11.99227,13.58327,18.11776,FOUR
-0.02228377,0.0803124,-0.04386461,-0.01962062,0.1267184,0.01411697,-0.03123948,0.1250287,0.0403215,-0.04515043,0.1011435,0.0579367,-0.05282409,0.0628773,0.06924471,34.65112,12.21054,13.79434,18.18929,FOUR
-0.01649156,0.07474294,-0.0545719,-0.01725314,0.1278213,-0.003804177,-0.03069613,0.1295369,0.02293909,-0.04481083,0.1088735,0.04444516,-0.05494333,0.07227647,0.05915034,34.08614,12.76966,13.95372,18.11969,FOUR
-0.02337453,0.06150901,-0.06249425,0.005263999,0.126863,-0.02782002,-0.007560484,0.1356987,-0.0005974174,-0.02306169,0.1221785,0.02572861,-0.03713954,0.09059954,0.04870728,37.01465,13.30587,14.07545,18.35816,FOUR
-0.02381464,0.05981827,-0.06149688,0.0005923212,0.1259618,-0.0304122,-0.01397448,0.1347848,-0.004330575,-0.03142574,0.1208591,0.02079493,-0.04846876,0.08833519,0.03910145,35.51532,13.24286,14.20192,18.00774,FOUR
-0.01304903,0.0904415,-0.01351598,-0.01052275,0.1136443,0.001006633,-0.02505159,0.1154128,0.02009121,-0.0411944,0.09645104,0.02251905,-0.04771435,0.06478074,0.02047539,9.381817,11.47259,10.96376,13.07355,FOUR
-0.02086175,0.08336762,-0.03060293,-0.01071123,0.1201178,-0.01264587,-0.02366091,0.1247762,0.01410887,-0.0386355,0.1071863,0.02936187,-0.05180375,0.07490158,0.0416396,16.16072,13.55076,12.06181,17.24622,FOUR
-0.0309707,0.07356066,-0.03796098,-0.01131541,0.1228813,-0.02522248,-0.02277219,0.1298662,0.004460245,-0.03568308,0.1140384,0.02752802,-0.05019718,0.07995531,0.04529297,21.6429,14.27059,13.26187,18.7799,FOUR
-0.02481525,0.06251958,-0.05550918,-0.00809703,0.1273532,-0.01716942,-0.01922322,0.134006,0.003845692,-0.02920491,0.119354,0.02717236,-0.03283832,0.08890969,0.05005676,35.72691,10.32874,12.17364,16.53529,FOUR
-0.02342295,0.06130362,-0.05690324,-0.01142576,0.1269478,-0.01688063,-0.0223349,0.1338033,0.002560407,-0.0311295,0.1199365,0.02407381,-0.0334091,0.09036931,0.04573727,36.21373,9.648035,11.12043,15.3904,FOUR
-0.02469374,0.06037888,-0.05613178,-0.01003085,0.1263353,-0.02209395,-0.01882797,0.1345011,-0.001826465,-0.02498159,0.1222816,0.02027625,-0.02527924,0.09417641,0.04309723,34.57356,9.73567,10.61417,14.98975,FOUR
-0.02353377,0.05992588,-0.05972621,-0.01035217,0.1261854,-0.02426186,-0.01894472,0.134613,-0.002172023,-0.02580255,0.1223235,0.0216395,-0.02708358,0.0938375,0.0449146,35.16869,10.46614,11.41623,15.40052,FOUR
-0.02351471,0.06223452,-0.05716878,-0.01240026,0.1262888,-0.02250689,-0.02072729,0.1341871,0.0004494786,-0.02695516,0.121346,0.02472016,-0.0284459,0.09213802,0.04762205,33.3993,10.72257,11.66645,15.6572,FOUR
-0.02808541,0.06117263,-0.05557138,-0.0137849,0.1249651,-0.02831858,-0.0231642,0.1332216,-0.004695654,-0.02971124,0.1209299,0.02110854,-0.03154151,0.0923413,0.04573265,31.36343,11.27327,12.25493,16.2186,FOUR
-0.02892639,0.06229147,-0.05683345,-0.01380786,0.1252507,-0.02736521,-0.02248458,0.1331519,-0.00157088,-0.02883421,0.1201648,0.02577126,-0.03124515,0.09039417,0.05103365,31.92145,12.03788,13.03789,17.11794,FOUR
-0.02908389,0.06292644,-0.05714607,-0.01448987,0.1251406,-0.02706087,-0.02289687,0.1328717,-0.0003227592,-0.0288952,0.1196353,0.02788407,-0.03149711,0.08928174,0.05346164,31.76077,12.39285,13.44205,17.54936,FOUR
-0.02941445,0.06337088,-0.05719721,-0.0154326,0.1248686,-0.02716923,-0.02339966,0.1325967,0.0004872978,-0.02879034,0.1192794,0.02958623,-0.03146117,0.08845901,0.05547202,31.39232,12.73676,13.80717,17.89801,FOUR
-0.03696479,0.06427372,-0.04637334,-0.01685164,0.1242152,-0.02951518,-0.02420322,0.1319647,0.001193881,-0.02954493,0.1181169,0.03113988,-0.03268353,0.08653754,0.05841044,27.65754,14.01089,14.29974,18.92199,FOUR
-0.04021195,0.06326959,-0.03085187,-0.01941623,0.1239841,-0.02615207,-0.02533248,0.1317223,0.003186524,-0.0295373,0.1180632,0.03175789,-0.03172505,0.08678567,0.05828777,24.82205,13.27971,13.62666,18.45775,FOUR
-0.03841139,0.0640181,-0.03713059,-0.01638389,0.1241769,-0.02838084,-0.02307681,0.1322562,0.001136392,-0.02839196,0.1187878,0.03003937,-0.03157803,0.08779088,0.05684346,25.90275,13.46083,13.78689,18.47531,FOUR
-0.03595286,0.06346056,-0.04680064,-0.01402498,0.1243611,-0.03014165,-0.02165079,0.1328205,-0.0002774894,-0.02827902,0.1194322,0.02907249,-0.03339773,0.08816397,0.05584836,28.46684,13.7117,14.03429,18.61984,FOUR
-0.03371053,0.06164172,-0.05035669,-0.002569087,0.1247317,-0.03296474,-0.01240675,0.1343445,-0.004950225,-0.02289773,0.1221097,0.02392352,-0.03226121,0.09189972,0.04981816,32.23225,13.32767,14.04609,18.15234,FOUR
-0.02910727,0.06340051,-0.05513111,-0.001468912,0.1270168,-0.02382082,-0.01535851,0.1342983,0.002955019,-0.02990083,0.1195453,0.02836698,-0.04170271,0.08737892,0.05082163,35.03862,13.22816,13.87859,18.21445,FOUR
-0.02886621,0.06348342,-0.05530646,-0.001574799,0.1270666,-0.02345517,-0.0157634,0.1341999,0.003100067,-0.03055637,0.1193117,0.02829552,-0.04239613,0.08706385,0.05065107,35.10708,13.19453,13.88434,18.24058,FOUR
-0.0283145,0.06379479,-0.0545435,-0.00313304,0.1272727,-0.02150127,-0.01940816,0.1334004,0.003281981,-0.03528658,0.117775,0.02691063,-0.04712269,0.08524382,0.04824436,34.89349,12.93653,13.75784,18.13379,FOUR
-0.03234189,0.05940905,-0.05368212,-0.00244417,0.126731,-0.02572611,-0.01926069,0.1339442,-0.001057982,-0.03698903,0.1186697,0.02103141,-0.05088253,0.08633089,0.04160139,36.40751,13.07473,13.55079,18.09773,FOUR
-0.03198015,0.05950636,-0.05272561,-0.001973659,0.1270551,-0.02398333,-0.01949011,0.1339431,0.0004560947,-0.03798899,0.1182862,0.02207479,-0.05305154,0.08535174,0.04098055,36.67178,13.12929,13.69114,18.11369,FOUR
-0.03125188,0.06016222,-0.05023697,-0.001311935,0.1275923,-0.02025959,-0.02020942,0.133815,0.002677441,-0.03957008,0.1177079,0.02244902,-0.05562812,0.08440897,0.03866208,36.74963,12.90899,13.48034,17.79488,FOUR
-0.03238668,0.06040409,-0.04184666,-0.002654195,0.1285387,-0.007599056,-0.02500756,0.1326912,0.00954029,-0.04481713,0.1157567,0.02280822,-0.06063148,0.08226547,0.03295895,37.83477,12.04367,12.19802,16.53044,FOUR
-0.03484604,0.05707616,-0.04044116,-0.000767909,0.1287604,-0.001183927,-0.02304091,0.1336274,0.01368856,-0.04157113,0.1181991,0.02248091,-0.05661359,0.08579144,0.02996877,42.46294,11.33327,10.47131,14.95552,FOUR
-0.0308825,0.06121328,-0.04104522,-0.004872881,0.1287206,0.00284481,-0.02771477,0.1321046,0.01692721,-0.04716202,0.1149488,0.0243082,-0.0635075,0.0809353,0.0280939,39.77396,11.30176,11.04455,15.95386,FOUR
-0.03432571,0.05919999,-0.03904879,-0.009195164,0.1283997,0.00348109,-0.03275554,0.1308565,0.016913,-0.05155345,0.1133602,0.02379405,-0.06674767,0.07887322,0.02530736,39.9244,11.39408,10.90792,15.69809,FOUR
-0.03531177,0.05943793,-0.03723812,-0.009719081,0.1282305,0.006575614,-0.03328857,0.130249,0.0203155,-0.0519587,0.1125809,0.02693769,-0.06685436,0.07805961,0.02750784,40.22738,11.44796,10.89753,15.59541,FOUR
-0.0362206,0.05952948,-0.03602663,-0.01027243,0.1281087,0.007719934,-0.03358464,0.1299218,0.02166528,-0.05208958,0.1120996,0.02823213,-0.06693554,0.0775255,0.02819112,40.14789,11.3928,10.8809,15.60492,FOUR
-0.03894097,0.05907592,-0.03379759,-0.01059694,0.128086,0.007850379,-0.03279157,0.1297709,0.02313882,-0.05137115,0.1114055,0.03049949,-0.0664905,0.07656774,0.030541,40.17995,11.30873,11.14705,15.87915,FOUR
-0.04202502,0.0548363,-0.03238308,-0.007528938,0.128316,0.002204925,-0.03026775,0.1308942,0.01776958,-0.04768759,0.1136486,0.02948642,-0.0612119,0.07984135,0.0360845,42.07012,11.64747,11.25746,15.42322,FOUR
-0.03593054,0.06032515,-0.04506114,-0.009529524,0.1277162,-0.01574588,-0.02885259,0.1319396,0.006431282,-0.04676846,0.1141802,0.02457917,-0.06031021,0.08015251,0.03907412,35.57256,12.63424,13.04032,17.27241,FOUR
-0.03495306,0.05937064,-0.04949036,-0.01035766,0.1267663,-0.02209571,-0.02928136,0.1319269,0.001026899,-0.04724523,0.1146783,0.0207153,-0.06062002,0.08087349,0.03737086,34.89632,12.91613,13.35865,17.6482,FOUR
-0.03014812,0.06087193,-0.05456319,-0.007593974,0.1270168,-0.02315897,-0.02535783,0.1329885,0.002094299,-0.04337682,0.1162678,0.02375898,-0.0574535,0.08207226,0.04289785,35.05731,13.39043,13.82836,18.55886,FOUR
-0.03651993,0.05951965,-0.04559526,-0.00588505,0.1271519,-0.02123746,-0.02277875,0.1333569,0.00318411,-0.04018058,0.1172013,0.02406955,-0.05505353,0.0837248,0.04037863,35.5959,12.89546,13.30579,17.60561,FOUR
-0.03983048,0.0609217,-0.0354951,-0.001838639,0.1281456,-0.01242611,-0.01851009,0.1336372,0.01043895,-0.03533623,0.1176274,0.02904144,-0.05226222,0.08426142,0.04336998,37.05693,12.20731,12.44472,17.62057,FOUR
-0.04011966,0.05528179,-0.03646064,-0.005159318,0.1284519,-0.005583853,-0.02710076,0.1323873,0.009634763,-0.04742163,0.1149316,0.01854068,-0.06302021,0.08113414,0.02563146,41.06693,11.35371,11.64865,16.09131,FOUR
-0.03661044,0.06474113,-0.04296687,-0.01647498,0.1279211,-0.005293995,-0.03815527,0.1279047,0.01972002,-0.05833057,0.1056229,0.03489286,-0.07349827,0.06633535,0.0451625,34.73088,14.18214,14.27741,19.68384,FOUR
-0.02999878,0.07590491,-0.03873685,-0.01601423,0.1107401,-0.03149277,-0.03950482,0.1155171,-0.01378793,-0.05751597,0.09550917,-0.007080257,-0.0683315,0.06216821,-0.003498942,15.77409,13.96517,12.44946,16.68992,FOUR
-0.02734902,0.07530057,-0.0424661,-0.01540791,0.1130032,-0.03081584,-0.0385147,0.118006,-0.01200318,-0.05743526,0.09788331,-0.004298568,-0.069772,0.06381664,-0.0004197657,17.08487,13.95485,12.74716,17.25123,FOUR
-0.02564216,0.07514948,-0.04404089,-0.01456477,0.1141133,-0.0305723,-0.03775579,0.1187089,-0.01231146,-0.05704406,0.09858128,-0.004318237,-0.07008763,0.0645597,0.0002315342,17.7169,13.75535,12.85937,17.44491,FOUR
-0.02523023,0.07207617,-0.04899424,-0.01412773,0.116071,-0.03258061,-0.03693542,0.1217052,-0.01177472,-0.05768073,0.1010409,-0.002463669,-0.07257956,0.06697962,0.006408364,20.45415,14.17792,13.44759,18.24508,FOUR
-0.02906919,0.06835079,-0.04931942,-0.01454619,0.1150702,-0.03682205,-0.03623734,0.122846,-0.01391137,-0.05712475,0.1032788,-0.002213627,-0.07317624,0.06823751,0.007799566,21.3668,14.54459,13.4938,18.86688,FOUR
-0.03102961,0.06634325,-0.0488902,-0.01391993,0.114787,-0.03877005,-0.03564971,0.1235257,-0.01517159,-0.05677928,0.1045092,-0.002905965,-0.0735447,0.06880584,0.006684035,22.20633,14.81081,13.47959,19.10175,FOUR
-0.03622681,0.06226459,-0.04643762,-0.01309335,0.1169277,-0.03852129,-0.03483154,0.1259851,-0.01287702,-0.05621861,0.1077135,0.0009185374,-0.07447137,0.07091889,0.009965867,25.91826,15.31801,13.52209,19.48615,FOUR
-0.03436476,0.05308214,-0.05384341,-0.004995607,0.1290589,-0.01747528,-0.02863482,0.1333982,0.00230819,-0.05087087,0.1155144,0.01818556,-0.07018132,0.07896802,0.03029525,42.63546,13.14161,13.67489,19.11035,FOUR
-0.03256289,0.05439082,-0.05202606,-0.001996569,0.1298011,-0.01022238,-0.02544261,0.1338934,0.009911358,-0.0485175,0.1157145,0.02537706,-0.06852204,0.07907811,0.03532359,44.19288,13.13064,13.92068,18.94949,FOUR
-0.03377943,0.0522466,-0.04838347,-0.0007622652,0.1288832,-0.01469246,-0.02517388,0.1335941,0.002902776,-0.05012564,0.1153465,0.01515111,-0.07016515,0.0796313,0.02393663,43.05669,12.88695,13.97103,18.56736,FOUR
-0.03306572,0.0507592,-0.04978651,0.004333105,0.1282859,-0.0213342,-0.02042474,0.1345792,-0.003429204,-0.04657823,0.117673,0.009701133,-0.06803761,0.08263114,0.01958111,43.25845,13.20273,14.20529,18.69831,FOUR
-0.03195936,0.0369557,-0.05697915,0.01867544,0.124842,-0.03196625,-0.008582599,0.1334227,-0.02444193,-0.03791652,0.1209671,-0.0127393,-0.06308341,0.08946066,-0.001950145,53.321,12.51298,14.34775,18.36636,FOUR
-0.03831623,0.04344058,-0.05233574,0.01741513,0.1237158,-0.03816235,-0.005240936,0.1350992,-0.01859425,-0.03250768,0.1236478,0.0009907484,-0.05734278,0.09246883,0.02012888,48.89758,13.54472,14.96687,19.71937,FOUR
-0.04084685,0.0450788,-0.04837856,0.01502851,0.1229036,-0.04088198,-0.00545796,0.1346794,-0.019532,-0.03055747,0.1235346,0.001951903,-0.05348883,0.09336293,0.02385107,47.05857,13.4939,14.70857,19.59482,FOUR
-0.03771996,0.04837081,-0.05300063,0.00965431,0.1226154,-0.04269342,-0.008716282,0.1344839,-0.0188539,-0.03075814,0.1233883,0.00583148,-0.05184818,0.09288532,0.02984071,42.11098,13.72679,14.74695,19.83594,FOUR
-0.02988845,0.05490506,-0.05838865,0.001711123,0.12231,-0.04149279,-0.01138836,0.134433,-0.01515138,-0.02946518,0.1230591,0.01093093,-0.04777624,0.09243822,0.03374347,34.67169,13.49923,14.24114,18.8029,FOUR
-0.01343869,0.07036376,-0.04723698,-0.01242907,0.125948,-0.01289761,-0.02315443,0.1323357,0.01385862,-0.03638161,0.1158074,0.03703526,-0.05058513,0.08148468,0.05243969,27.99855,12.46655,13.2961,17.65799,FOUR
-0.005964853,0.08104005,-0.02515769,-0.01246424,0.1243735,0.01545718,-0.02192769,0.1251001,0.04249281,-0.03535584,0.1043398,0.05981812,-0.05001596,0.06860799,0.06582561,24.29796,12.16343,12.82794,17.21283,FOUR
-0.03007674,0.0653317,-0.05072537,-0.01042031,0.1247328,-0.02500045,-0.02189802,0.1327231,0.004218727,-0.03675695,0.116926,0.02782702,-0.05180558,0.08281565,0.04696041,29.98031,13.86559,13.59965,18.82087,FOUR
-0.03106311,0.06452668,-0.05025029,-0.008734643,0.1246435,-0.02632093,-0.02012827,0.1331016,0.002877712,-0.03538341,0.1176776,0.02663562,-0.05092356,0.08392003,0.04597476,30.38444,13.89032,13.64512,18.80082,FOUR
-0.03879186,0.05976084,-0.04821792,0.0001121014,0.123113,-0.03775775,-0.01334456,0.1335946,-0.009612083,-0.0329737,0.1194847,0.01284486,-0.05317109,0.08554116,0.02803653,34.09933,14.13188,13.9466,18.78707,FOUR
-0.04558906,0.05839296,-0.0320898,-0.00305298,0.1205957,-0.03724504,-0.01985014,0.1303058,-0.01305395,-0.03761476,0.1173083,0.008334845,-0.05647235,0.08527359,0.02477476,34.7361,13.49332,13.17799,18.33641,FOUR
-0.04736302,0.05725643,-0.03006509,-0.004056439,0.1199899,-0.03826134,-0.02056761,0.1298392,-0.01426345,-0.03768685,0.1171443,0.007383704,-0.05581897,0.08570546,0.02498221,35.60198,13.39702,13.05546,18.23171,FOUR
-0.04255339,0.05768985,-0.04491082,-0.009217024,0.1214027,-0.03814402,-0.02575418,0.1308804,-0.01005292,-0.04442631,0.1157345,0.0118694,-0.06225697,0.08150059,0.02936739,32.4374,14.67958,13.88366,19.19542,FOUR
-0.03027765,0.06005213,-0.05896699,-0.01393288,0.1222678,-0.03440532,-0.03121167,0.1305226,-0.004666239,-0.05062504,0.1132811,0.01731595,-0.06729531,0.07752132,0.03342906,31.03313,15.25251,14.53126,19.27489,FOUR
-0.02538653,0.06435043,-0.05738971,-0.01692517,0.1223879,-0.02812409,-0.03342878,0.1298614,0.002961338,-0.0516697,0.111817,0.02611816,-0.06740882,0.07532972,0.04262683,29.43274,15.52077,14.8432,19.52566,FOUR
-0.02019087,0.07239953,-0.04797265,-0.02316582,0.1207734,-0.01946822,-0.03979826,0.1261127,0.01130503,-0.05688074,0.1064047,0.03242552,-0.0711152,0.06903857,0.04551274,23.95479,15.38643,14.56363,19.21529,FOUR
-0.02761029,0.06549421,-0.05070761,-0.000117071,0.1275442,-0.01649252,-0.01097287,0.1343803,0.01220495,-0.02759245,0.1179284,0.03588766,-0.04343043,0.08423436,0.05372813,35.04467,13.35934,14.06715,18.36958,FOUR
-0.03109602,0.06731701,-0.04410636,-0.007465228,0.1264613,-0.01778811,-0.02092473,0.132592,0.01203927,-0.03898869,0.1150056,0.03317329,-0.05676532,0.0788798,0.04929024,30.29635,14.25387,13.96745,19.63124,FOUR
-0.01364152,0.08440799,-0.03688866,-0.009693012,0.1244848,0.007401228,-0.02520223,0.1243068,0.03235394,-0.04301941,0.1028315,0.04869831,-0.06025273,0.06574482,0.05622086,27.12371,12.92284,14.10498,19.4654,FOUR
-0.01574189,0.08945858,-0.0198333,-0.01367301,0.1071523,-0.003672719,-0.0236897,0.1175864,0.02833298,-0.0426315,0.09705377,0.03782395,-0.0584067,0.06110668,0.02847502,10.71142,15.77585,13.40607,18.90519,FOUR
-0.01833156,0.0873751,-0.02392954,-0.01400997,0.1085305,-0.00895676,-0.02445595,0.119533,0.02313679,-0.04351357,0.09938377,0.03305605,-0.0599294,0.06318384,0.02552935,11.23203,15.97564,13.26568,19.01096,FOUR
-0.02293896,0.08433568,-0.02827308,-0.0168239,0.1113481,-0.01290819,-0.02652889,0.1220154,0.02109006,-0.04514493,0.1017281,0.03309262,-0.06273781,0.06548068,0.0295445,13.09244,16.53622,13.32293,18.99488,FOUR
-0.02438088,0.08326671,-0.02939129,-0.01679183,0.1138788,-0.01117265,-0.02693313,0.122683,0.0217669,-0.04560325,0.1022375,0.03429332,-0.06340882,0.06637788,0.03584075,15.27392,15.88189,13.42318,19.03464,FOUR
-0.03767908,0.06947756,-0.03948376,-0.01616926,0.1209841,-0.02467641,-0.03387751,0.1263404,0.0008645058,-0.05252668,0.1075201,0.01665586,-0.06914225,0.07095638,0.02678972,24.7792,13.90876,13.33027,19.23842,FOUR
-0.03516746,0.05633691,-0.05560821,-0.01193854,0.127101,-0.0248394,-0.03090807,0.132461,0.002028942,-0.05087784,0.1139799,0.02286828,-0.06756629,0.07694462,0.03817028,37.29645,14.15757,14.44315,19.39532,FOUR
-0.03914718,0.05599782,-0.05459371,-0.01293415,0.1231433,-0.03554419,-0.0288178,0.1314902,-0.006924361,-0.04736408,0.1147852,0.01649189,-0.06337029,0.07931685,0.03519195,33.97849,14.49533,14.5339,19.51606,FOUR
-0.0473525,0.05707008,-0.03973287,-0.01039015,0.121984,-0.03758472,-0.0212881,0.1325798,-0.007271409,-0.0381189,0.117762,0.01675805,-0.0561017,0.08307624,0.03341815,33.85921,14.57791,13.93528,18.97163,FOUR
-0.0489982,0.05746606,-0.03624254,-0.008028261,0.1202572,-0.04374143,-0.0165401,0.1326937,-0.01281583,-0.03089878,0.120329,0.01369438,-0.04647829,0.08885652,0.03784323,34.13931,14.82112,13.83694,19.25936,FOUR
-0.04738215,0.05736831,-0.03983706,-0.006944582,0.1192177,-0.04638025,-0.01353019,0.1330539,-0.01513577,-0.0276402,0.1216218,0.01240429,-0.0436797,0.09089151,0.03728709,33.50247,14.96092,14.00258,19.22558,FOUR
-0.04043094,0.05694863,-0.04976454,-0.004910424,0.1213296,-0.04222462,-0.01660746,0.1330888,-0.01262087,-0.0338821,0.1200388,0.01359814,-0.05112942,0.08786532,0.03676581,33.35136,14.56811,14.45879,19.57478,FOUR
-0.04030143,0.05727458,-0.04925302,-0.004944712,0.1213976,-0.04176256,-0.01669428,0.1330632,-0.01223496,-0.03398388,0.1199345,0.01379076,-0.0512922,0.08770984,0.03667152,33.15281,14.53684,14.41316,19.53034,FOUR
-0.04070491,0.05733067,-0.04687217,-0.005878255,0.1218828,-0.03948838,-0.01843596,0.1328709,-0.01092431,-0.03626102,0.1190895,0.01356053,-0.05384041,0.08637625,0.03411874,33.11245,14.19588,14.12755,19.11459,FOUR
-0.02843422,0.06262285,-0.05853692,-0.01123401,0.1252637,-0.02695403,-0.02628808,0.1323566,0.0030756,-0.04473473,0.1147826,0.02632493,-0.06038171,0.07898125,0.04520881,33.00703,14.71169,14.66985,19.64931,FOUR
-0.03015398,0.0650121,-0.05492187,-0.01488706,0.124448,-0.02524304,-0.02800898,0.1314134,0.005678892,-0.04531781,0.1132863,0.02890152,-0.0600275,0.07721156,0.04738322,30.6998,14.74761,14.5711,19.60481,FOUR
-0.03168987,0.06191516,-0.05521703,-0.013587,0.124093,-0.02920672,-0.02846644,0.1316676,0.0009642243,-0.04675445,0.1141779,0.02390632,-0.06270234,0.07825351,0.04211241,31.31903,14.80472,14.54362,19.63926,FOUR
-0.0312669,0.05808312,-0.05956787,-0.0132242,0.1251959,-0.02995014,-0.03265093,0.1311623,-0.002595842,-0.05221404,0.1131809,0.01935634,-0.06785484,0.07690632,0.03791237,34.58281,14.58686,14.63144,19.75065,FOUR
-0.03123036,0.05542147,-0.06268895,-0.01215695,0.1241866,-0.03420079,-0.02729497,0.1325743,-0.007121086,-0.04310351,0.1177383,0.01869807,-0.05607384,0.08468425,0.04104468,35.51053,13.67934,14.2654,18.68363,FOUR
-0.007477753,0.04954267,-0.05899441,-0.01475687,0.1218755,-0.03017324,-0.02489262,0.1331287,-0.01971373,-0.02986373,0.1238923,-0.006735325,-0.03235031,0.09811807,0.014348,35.87683,6.605241,6.025614,11.89308,FOUR
-0.008613542,0.04794428,-0.06247288,-0.0143063,0.121445,-0.0348509,-0.02499441,0.1326988,-0.02212137,-0.03191876,0.1234707,-0.00698784,-0.03561221,0.09790787,0.014801,36.25298,7.644445,7.24565,12.4884,FOUR
-0.008701511,0.04781827,-0.06255212,-0.01400705,0.1214732,-0.03510025,-0.02478971,0.1327096,-0.02233285,-0.03186855,0.123488,-0.007032275,-0.03564052,0.09794089,0.014763,36.25779,7.687505,7.337086,12.49916,FOUR
-0.01312307,0.05068219,-0.06020144,-0.01030912,0.122447,-0.0335218,-0.019998,0.1337143,-0.01962599,-0.0265815,0.1245907,-0.002851933,-0.02945248,0.09911609,0.0189862,34.65303,7.877238,7.816026,12.51772,FOUR
-0.01973373,0.05265397,-0.0576705,-0.008292399,0.1225499,-0.03442451,-0.01563908,0.1341513,-0.01878032,-0.02031411,0.1254595,-4.014373E-05,-0.0226189,0.100128,0.02178556,33.15808,8.202983,8.296543,12.50188,FOUR
-0.02502652,0.05064812,-0.05744308,-0.005501918,0.1213113,-0.0396724,-0.01240519,0.1337019,-0.02366796,-0.01625359,0.1261998,-0.002983242,-0.01891165,0.1018494,0.02020741,33.72342,8.509048,8.887411,12.77867,FOUR
-0.02997997,0.05250883,-0.05342323,-0.001714908,0.1210672,-0.04207635,-0.00662031,0.1341785,-0.0225457,-0.01128719,0.1269132,0.001268059,-0.01593725,0.1024137,0.02621391,33.17695,9.830934,10.34418,14.12265,FOUR
-0.03280634,0.05350977,-0.05027595,-0.003467724,0.120911,-0.0424369,-0.007669345,0.1341445,-0.02159682,-0.01167417,0.1267539,0.002648652,-0.01612415,0.1020675,0.02789855,32.26274,10.32238,10.51197,14.39202,FOUR
-0.0338412,0.05363819,-0.05010596,-0.00373102,0.1208481,-0.04280585,-0.007461488,0.1341888,-0.02120811,-0.01138229,0.1267738,0.003483802,-0.01602998,0.1019133,0.02885318,32.39764,10.61723,10.71263,14.55023,FOUR
-0.03337729,0.05093497,-0.05424988,-0.003331244,0.118901,-0.04768151,-0.006025575,0.1331875,-0.02730435,-0.00901632,0.12682,-0.003858835,-0.01159419,0.1035293,0.02176756,33.11177,10.31311,9.94396,13.73595,FOUR
-0.03361461,0.05080786,-0.05492344,-0.001711428,0.11903,-0.04731598,-0.003782533,0.1331965,-0.02776629,-0.005751997,0.127115,-0.004007131,-0.007492639,0.1040499,0.02185306,34.06886,9.935452,10.01272,13.71939,FOUR
-0.03683801,0.05458835,-0.04920432,-0.004267663,0.1188683,-0.04777271,-0.005581975,0.1330065,-0.02603167,-0.006646827,0.1270674,0.0007064641,-0.009197563,0.1035615,0.02911213,31.37344,10.82304,11.39757,15.46159,FOUR
-0.03839206,0.05690959,-0.04357713,-0.005114961,0.1188822,-0.04776183,-0.005380452,0.1331385,-0.02433386,-0.006869245,0.1268156,0.003467113,-0.00973174,0.1028749,0.03281373,29.84321,11.52131,11.93887,16.21219,FOUR
-0.04263376,0.05876818,-0.02653578,-0.008417599,0.1155711,-0.05440855,-0.005867139,0.1313551,-0.02997783,-0.005717158,0.1265216,0.0007197857,-0.008200366,0.1035315,0.03349969,29.71379,12.40136,13.16912,17.65548,FOUR
-0.04396124,0.05628765,-0.0316498,-0.008461669,0.1189831,-0.04685357,-0.01015468,0.1330552,-0.0205965,-0.01303931,0.1258464,0.009601623,-0.01765792,0.1003549,0.04027179,31.32376,12.67345,13.20499,17.67071,FOUR
-0.04146779,0.05504313,-0.03957221,-0.007165622,0.1192668,-0.04669547,-0.01084181,0.1331171,-0.0207637,-0.01456583,0.1258484,0.009358495,-0.02019997,0.1001653,0.03928158,31.31007,12.56447,13.20487,17.43869,FOUR
-0.03145493,0.05180719,-0.05635434,-0.006099552,0.1207735,-0.04197317,-0.01213049,0.1337524,-0.02016109,-0.01628556,0.1264273,0.005910069,-0.0221686,0.1009504,0.03087893,33.69288,10.83422,11.39688,14.83372,FOUR
-0.02378223,0.05055663,-0.05560261,-0.004339226,0.1220019,-0.03799596,-0.01424862,0.1339066,-0.02267331,-0.02177577,0.1252208,-0.00464496,-0.02622763,0.1003733,0.01854855,33.70626,8.669365,8.36187,13.12287,FOUR
-0.02189695,0.05025902,-0.05637661,-0.007616729,0.1222598,-0.03532448,-0.01849414,0.1335659,-0.02171311,-0.02583176,0.124479,-0.004873097,-0.0300052,0.09912142,0.01712835,34.08609,8.116241,7.932415,12.65873,FOUR
-0.0215207,0.04940295,-0.05780476,-0.008279085,0.1219221,-0.03597316,-0.01949248,0.1332118,-0.02306452,-0.02681048,0.1241988,-0.006576657,-0.03154039,0.09875843,0.01498917,34.65615,7.957788,7.768495,12.47552,FOUR
-0.02277368,0.0489504,-0.0573996,-0.008474216,0.1219021,-0.03413332,-0.01988445,0.1331265,-0.02370968,-0.02634772,0.1241769,-0.009063154,-0.03229148,0.09795165,0.01006591,35.69606,7.137678,6.843094,11.50852,FOUR
-0.05556405,0.03703123,-0.02671492,0.01118968,0.1267764,-0.02863541,-0.01189055,0.1349646,-0.00726065,-0.03979545,0.1188686,0.008422673,-0.06295493,0.08515626,0.02374315,58.95804,13.8503,15.13653,19.81716,FOUR
-0.05203085,0.04585212,-0.02803347,0.01062507,0.1244517,-0.0365853,-0.006962955,0.1349858,-0.01244566,-0.02880251,0.12231,0.009546548,-0.04845195,0.09217355,0.03146535,50.6034,13.46931,14.07343,18.89683,FOUR
-0.04902427,0.05067226,-0.03391367,0.009924062,0.122735,-0.04267156,-0.004427731,0.1348608,-0.01593781,-0.02332174,0.1239067,0.01056427,-0.04177824,0.0942854,0.03567135,45.2359,13.89899,14.47879,19.26077,FOUR
-0.05207258,0.05467772,-0.02045739,0.005459003,0.1188798,-0.05267888,-0.001639351,0.1332447,-0.0231542,-0.0135589,0.125154,0.008853912,-0.02564135,0.09837911,0.04119959,44.243,14.37609,14.91478,19.80016,FOUR
-0.04855902,0.05855116,-0.01743311,0.004731663,0.1171222,-0.05516416,0.002032876,0.1326305,-0.02412555,-0.006007768,0.1257362,0.009552389,-0.01608053,0.09994277,0.04355618,41.34881,14.95617,15.08342,19.92602,FOUR
-0.05088757,0.05594584,-0.01182628,-0.006395455,0.1230377,-0.03717077,-0.01253183,0.1337362,-0.005083472,-0.02252388,0.1212548,0.02496025,-0.03188775,0.09028783,0.05362335,39.06388,14.80711,14.54725,19.65706,FOUR
-0.05007081,0.05542392,-0.004493117,-0.003476731,0.1258513,-0.0262585,-0.008997664,0.1340381,0.006724805,-0.02035846,0.1189673,0.03495365,-0.03069068,0.08605868,0.06003389,40.96031,14.8179,14.48637,19.35045,FOUR
-0.05078484,0.05509374,0.0002449155,-0.006517399,0.1250902,-0.02359599,-0.01284397,0.132434,0.01033643,-0.02481962,0.1164033,0.0368751,-0.0370502,0.08231226,0.05968246,40.9192,15.3232,14.27087,19.60534,FOUR
-0.05129486,0.05462369,0.001750678,-0.007005479,0.1253811,-0.02184245,-0.01334635,0.132142,0.01251814,-0.02514696,0.1156588,0.03882989,-0.03727334,0.08116776,0.06115422,41.36772,15.46485,14.26802,19.63851,FOUR
-0.05126288,0.05468541,0.002103478,-0.006937344,0.1253285,-0.02233851,-0.01304735,0.1321959,0.01219222,-0.02470272,0.1158045,0.03858557,-0.0367277,0.08140495,0.06114703,41.48005,15.53104,14.25234,19.65745,FOUR
-0.006466947,0.09262532,-0.01026359,-0.001592822,0.1103911,0.005278617,-0.01446611,0.1156626,0.03172407,-0.03528985,0.09316322,0.02208537,-0.04819727,0.06656873,0.02487791,9.582013,13.94721,13.49555,15.2872,FOUR
-0.003301337,0.09139621,-0.01569134,-0.0001707077,0.1095724,-0.004152328,-0.008774798,0.1189274,0.02832359,-0.0286605,0.103919,0.03500378,-0.04822018,0.07318223,0.03584087,7.81698,16.06266,11.72929,17.38139,FOUR
0.001732342,0.09122816,-0.02917179,-0.005263444,0.09623539,-0.01830027,-0.009171486,0.1179704,0.01212859,-0.03021638,0.1017429,0.01842478,-0.0467108,0.07286328,0.02875537,8.086482,16.65517,12.62783,17.79321,FOUR
-0.03653179,0.06611818,-0.05119655,-0.005614422,0.1138244,-0.04927137,-0.01968826,0.1267363,-0.02057928,-0.03758933,0.1146131,0.001699448,-0.05592106,0.08436733,0.02607682,25.17743,15.37973,13.59371,20.42623,FOUR
-0.04289247,0.05374593,-0.04552966,0.006764174,0.1244342,-0.03781021,-0.01067757,0.1351498,-0.008500636,-0.03236132,0.121328,0.01746088,-0.05329166,0.08791792,0.0392946,40.88865,15.25502,15.50315,20.4079,FOUR
-0.04356399,0.0532918,-0.04435897,0.003581174,0.1235893,-0.03902504,-0.013342,0.1343371,-0.009917259,-0.03465715,0.1203237,0.01568291,-0.05441495,0.08715668,0.0382272,39.76189,15.12923,15.3709,20.33417,FOUR
-0.04728439,0.05113462,-0.03961486,0.0007995516,0.1225822,-0.04180744,-0.01598122,0.1334745,-0.01327351,-0.0365724,0.1198513,0.0121586,-0.05543167,0.08712691,0.0355885,40.5387,14.94409,15.08474,20.23657,FOUR
-0.04908068,0.05091685,-0.0381707,0.0004733354,0.1220489,-0.04385644,-0.01656884,0.1332111,-0.01507178,-0.03643054,0.1203114,0.01105335,-0.05549138,0.08784112,0.03514814,41.00669,15.12996,15.01767,20.33783,FOUR
-0.05056041,0.05118495,-0.0361383,-0.001047611,0.1223395,-0.04274732,-0.01685895,0.1334407,-0.01304507,-0.03604972,0.1202596,0.01334208,-0.05469701,0.08745083,0.03685856,41.12565,15.19688,14.97919,20.17882,FOUR
-0.0514779,0.05104682,-0.03459951,-0.001913905,0.1221763,-0.04299974,-0.01686549,0.1334544,-0.01286256,-0.03563808,0.120295,0.01372522,-0.0539382,0.08753535,0.03734368,41.25306,15.21869,14.93952,20.10728,FOUR
-0.05021109,0.05335051,-0.03261548,0.006115958,0.121261,-0.04591215,-0.008778468,0.1336124,-0.01758733,-0.02863302,0.1219669,0.008156657,-0.04971755,0.09007555,0.0302166,42.62351,14.71013,14.64868,19.93113,FOUR
-0.05373439,0.04722959,-0.02517965,0.004058316,0.1195192,-0.04887177,-0.01376654,0.131393,-0.02360737,-0.03293027,0.120464,0.002180159,-0.05260995,0.09008232,0.02673769,47.19836,14.2829,14.4816,19.96758,FOUR
-0.05405769,0.04551968,-0.02426353,0.00394889,0.1207289,-0.04632068,-0.01507705,0.1316673,-0.02191797,-0.03416677,0.1203683,0.003903478,-0.05326471,0.08986273,0.02896261,48.49384,14.13662,14.52708,20.03013,FOUR
-0.05279378,0.04496998,-0.0261153,0.008490518,0.1240101,-0.03765276,-0.01219223,0.1336594,-0.01429752,-0.03518162,0.1201238,0.007158369,-0.05628806,0.08841339,0.02958196,50.57848,13.99288,14.51287,20.21821,FOUR
-0.05200239,0.04077643,-0.02752203,0.01416542,0.1251709,-0.03202534,-0.008197471,0.1345386,-0.01285976,-0.03400663,0.12081,0.002918571,-0.0568479,0.08926958,0.02126005,55.65895,13.17,13.97542,19.42945,FOUR
-0.05139815,0.04167101,-0.02814791,0.01334325,0.1267966,-0.02561522,-0.01027646,0.1349372,-0.006689548,-0.03711686,0.1200564,0.007893384,-0.05943547,0.08723083,0.02346122,55.33293,13.35267,14.33733,19.11828,FOUR
-0.05291966,0.04274613,-0.02503735,0.009687915,0.1244462,-0.03494212,-0.01103619,0.1338786,-0.01343161,-0.03391485,0.1205184,0.00647065,-0.05512842,0.08912605,0.02710161,52.79293,13.39579,13.99788,19.57103,FOUR
-0.05377594,0.0527167,-0.02827913,-0.00851867,0.1215797,-0.03914538,-0.02274662,0.1316096,-0.007212192,-0.03927863,0.1173545,0.0209288,-0.05702282,0.08290952,0.04220465,39.24692,15.77505,15.36745,20.20322,FOUR
-0.0539596,0.0532856,-0.02719486,-0.008348025,0.1224666,-0.03743911,-0.02173382,0.1322121,-0.005659908,-0.03801348,0.1177815,0.0221335,-0.05491138,0.08351561,0.04369393,39.35643,15.49308,15.17302,19.95916,FOUR
-0.05334632,0.05292475,-0.02967536,-0.01116965,0.1216619,-0.03776595,-0.02520953,0.1314064,-0.00575006,-0.04155722,0.1166072,0.02175906,-0.05754557,0.08226672,0.04337198,37.8728,15.71613,15.18315,19.86279,FOUR
-0.05434311,0.05190203,-0.02905291,-0.01286092,0.1209071,-0.03934756,-0.02643868,0.1310202,-0.006838739,-0.0418898,0.1164869,0.02156115,-0.05678305,0.08247489,0.0447579,37.96548,15.88926,15.28375,19.99564,FOUR
-0.05533128,0.05109823,-0.02745193,-0.01379019,0.1207725,-0.03996584,-0.026531,0.1310847,-0.007086933,-0.0411272,0.1167445,0.02200979,-0.05506391,0.08297822,0.04635018,38.4665,15.91654,15.32801,20.05591,FOUR
-0.04931505,0.0562191,-0.03923514,-0.01024687,0.1213225,-0.04229194,-0.0200462,0.1325921,-0.009508491,-0.03305263,0.1196133,0.02101555,-0.04446945,0.08785036,0.04882091,34.36267,15.54111,15.2771,19.93463,FOUR
-0.05165956,0.05632898,-0.02871624,-0.005176544,0.1224928,-0.04034987,-0.01271998,0.1340428,-0.007700354,-0.02555605,0.1215541,0.02255875,-0.03865685,0.08993781,0.04986015,37.808,15.2301,15.01127,19.85059,FOUR
-0.05059832,0.05752364,-0.03145665,-0.002801068,0.1229409,-0.0401797,-0.01083332,0.1343214,-0.007663995,-0.02390204,0.1219506,0.02239022,-0.03725382,0.09047464,0.05008399,37.6964,15.18834,14.93389,19.9663,FOUR
-0.04902971,0.05854332,-0.03509822,-0.001734428,0.1231277,-0.03990579,-0.01034683,0.1343616,-0.007441342,-0.02380741,0.1219276,0.02242082,-0.03747109,0.09040853,0.0500569,36.9497,15.2093,14.93678,20.02465,FOUR
-0.04575189,0.0610199,-0.04130915,0.002294086,0.1218753,-0.04398051,-0.001658626,0.1346779,-0.01107427,-0.01112475,0.1243382,0.0214569,-0.02274296,0.09490019,0.05175349,35.51725,15.23847,15.10552,19.81534,FOUR
-0.04687124,0.06113532,-0.03631052,-0.002706222,0.1235909,-0.03708526,-0.006625116,0.1347728,-0.002932668,-0.01618253,0.1222535,0.02921072,-0.02806415,0.09017482,0.05778232,34.76801,15.52992,15.30625,20.2235,FOUR
-0.04606604,0.06035629,-0.03839156,-0.004219554,0.1237909,-0.03575957,-0.008957706,0.1347263,-0.001793623,-0.01944669,0.1217246,0.03003159,-0.03198782,0.08906519,0.05757388,34.50834,15.45078,15.36861,20.16688,FOUR
-0.0451304,0.06067631,-0.04040861,-0.004082054,0.1239209,-0.0353812,-0.008848451,0.1347797,-0.001548558,-0.0195091,0.1216954,0.03021035,-0.03220038,0.08898926,0.05751511,34.2957,15.3807,15.37262,20.12079,FOUR
-0.04085456,0.0624454,-0.04705319,0.0008295774,0.124884,-0.03323522,-0.006210677,0.1350543,-0.0005787313,-0.01934237,0.1216286,0.02987456,-0.03384074,0.08909297,0.05566135,35.09296,14.95666,15.26097,19.87408,FOUR
-0.04100547,0.06244695,-0.04802939,-0.001178183,0.1250331,-0.03265467,-0.009153761,0.1347654,0.0002807081,-0.02271542,0.1207785,0.02999824,-0.0367137,0.08780909,0.05540121,34.80177,15.12192,15.15921,19.87732,FOUR
-0.04141391,0.06154111,-0.04842013,-0.002254069,0.1247461,-0.03391108,-0.01111511,0.1346175,-0.001147062,-0.02488967,0.1207262,0.02835584,-0.03866393,0.08787927,0.05397898,34.73322,15.16227,15.09612,19.86615,FOUR
-0.04158179,0.06046328,-0.04745805,0.005460769,0.1228831,-0.04137608,-0.003149547,0.1349704,-0.009261876,-0.01848006,0.1234015,0.02031997,-0.03585738,0.09235194,0.04695934,36.07573,15.15032,14.9923,20.13359,FOUR
-0.04490466,0.05754936,-0.0382182,0.009350233,0.1225825,-0.04208311,-0.001595572,0.1349853,-0.0115312,-0.02002475,0.1236168,0.0160085,-0.04071376,0.09261441,0.04003209,39.65505,14.85181,14.8458,20.03166,FOUR
-0.04874143,0.05205956,-0.02598706,0.01532428,0.1232719,-0.03885028,0.001890816,0.1351256,-0.01266557,-0.01734976,0.1244528,0.01347646,-0.03775708,0.09496844,0.03796992,47.45324,13.495,14.41484,19.52499,FOUR
-0.04985355,0.05038387,-0.02306411,0.01600057,0.1232508,-0.03831261,0.002117179,0.1350991,-0.01273769,-0.01789135,0.124388,0.01271635,-0.03818424,0.09514192,0.03726596,49.49996,13.35894,14.38267,19.45274,FOUR
-0.04986351,0.05034533,-0.02299967,0.01585636,0.123249,-0.03815001,0.001733027,0.1350541,-0.01266998,-0.0184153,0.1242826,0.01266018,-0.03847305,0.09503722,0.03734842,49.4801,13.37036,14.39466,19.45063,FOUR
-0.04719223,0.05273873,-0.02998328,0.0142478,0.1231318,-0.03923172,-0.0008410439,0.1349398,-0.01322573,-0.02262902,0.1235447,0.01112437,-0.04297094,0.09373423,0.03560737,45.55119,13.76327,14.62101,19.71618,FOUR
-0.04667635,0.05263513,-0.03125092,0.01459234,0.1231581,-0.03912729,-0.0009706914,0.1349666,-0.01323387,-0.0233935,0.1234539,0.01064035,-0.04435286,0.09343562,0.03440541,45.44012,13.81971,14.66827,19.72338,FOUR
-0.04788983,0.05067867,-0.03019446,0.01433983,0.1242044,-0.03573683,-0.003022097,0.1351262,-0.01076517,-0.02588215,0.1229247,0.01240632,-0.04782559,0.09175807,0.03367537,47.40874,13.77,14.70245,19.66308,FOUR
-0.04779612,0.05123577,-0.03063536,0.01342126,0.1242449,-0.03591499,-0.003641173,0.1351096,-0.01047784,-0.02635099,0.1227179,0.01275051,-0.04812752,0.09139678,0.03427035,46.65922,13.85387,14.70524,19.7664,FOUR
-0.04926462,0.05234638,-0.02741456,0.009957828,0.1247866,-0.03458768,-0.005817495,0.1350161,-0.007529885,-0.02685695,0.1219376,0.01672241,-0.04702995,0.09003267,0.03932491,45.60787,14.07601,14.68507,19.93852,FOUR
-0.03947497,0.06034821,-0.04898712,-0.003080025,0.1259287,-0.0292463,-0.01730401,0.1340315,0.002463967,-0.03572544,0.1179244,0.02814931,-0.0540556,0.08256119,0.04798624,35.71044,15.30174,15.11162,20.17844,FOUR
-0.04017181,0.06036383,-0.04741192,-0.002950467,0.1261558,-0.02833062,-0.01727913,0.1340174,0.003165483,-0.03574066,0.1177655,0.02865604,-0.05380222,0.08244076,0.04844284,35.89243,15.21259,15.08597,20.09841,FOUR
-0.04293931,0.05942038,-0.04118446,0.004234299,0.1249805,-0.03421265,-0.007286057,0.1351802,-0.003740698,-0.02548768,0.1215535,0.02261963,-0.04457855,0.08882847,0.04472792,37.45992,14.58678,14.75421,19.79833,FOUR
-0.04188105,0.06129614,-0.04111102,0.00734695,0.1243158,-0.03613558,-0.00132589,0.1353843,-0.004765689,-0.01770621,0.1229508,0.02344424,-0.03685323,0.09130654,0.04762092,36.91443,14.68772,14.80155,19.96693,FOUR
-0.03891399,0.06320858,-0.04485795,0.01120268,0.1244703,-0.03573793,0.003569163,0.1355325,-0.004024446,-0.01228537,0.1234386,0.02476981,-0.0306875,0.09240213,0.05004737,36.73257,14.70131,14.83053,19.8834,FOUR
-0.038225,0.06338099,-0.04559264,0.01195,0.1243933,-0.0357694,0.004058227,0.1354896,-0.004074782,-0.01189023,0.1234724,0.02472967,-0.02994357,0.09257379,0.05036667,36.71353,14.72767,14.84582,19.87886,FOUR
-0.04243662,0.05798611,-0.04731947,0.0009180084,0.1240321,-0.03791687,-0.01101514,0.1347444,-0.006802022,-0.02843937,0.1213415,0.02077281,-0.04601663,0.08871344,0.04509568,36.69783,14.97937,14.97909,20.09123,FOUR
-0.03812896,0.06455842,-0.05133939,-0.0170961,0.1264756,-0.0185658,-0.03191195,0.1302052,0.01260445,-0.04743799,0.110393,0.03719741,-0.05930314,0.07285368,0.05628401,33.5228,14.93157,15.03614,19.92809,FOUR
-0.02981741,0.07181978,-0.0528731,-0.01611493,0.1283067,-0.002646595,-0.03090774,0.128626,0.02661869,-0.04725596,0.1059083,0.04861403,-0.05778726,0.06746179,0.06349814,36.03587,14.04868,15.17085,19.25614,FOUR
-0.008554466,0.09424129,-0.02661267,-0.003683873,0.1212113,0.04128087,-0.01803225,0.1133243,0.06820524,-0.0375429,0.08630455,0.08042639,-0.05293129,0.04634321,0.08157766,34.67319,13.63572,15.26543,19.79841,FOUR
-0.01847216,0.09058639,-0.01916936,-0.004402041,0.1173341,0.003288299,-0.0214297,0.1181724,0.02829999,-0.04081361,0.09811726,0.03702137,-0.05779139,0.06506711,0.03925183,16.2548,14.163,13.22166,18.36552,FOUR
-0.04232975,0.05211267,-0.04996529,0.000441961,0.123631,-0.04065353,-0.01718724,0.1338762,-0.01333019,-0.03961001,0.1193379,0.01203573,-0.06047791,0.08434692,0.03203833,39.07708,14.54991,15.65308,20.55424,FOUR
-0.0531217,0.05112609,-0.03017047,-0.0002063289,0.1212753,-0.04551339,-0.01665068,0.1323962,-0.01688799,-0.03609997,0.1193886,0.009264112,-0.05473804,0.08643851,0.03252095,42.69287,15.00937,14.97368,20.25217,FOUR
-0.05310744,0.05160168,-0.02987993,-0.0004030988,0.121516,-0.04490626,-0.01643819,0.1325921,-0.01579896,-0.0356389,0.119515,0.01055771,-0.05422029,0.08642304,0.03377905,42.44307,15.091,14.99267,20.27332,FOUR
-0.0452553,0.05699795,-0.04530752,-0.003272898,0.1240648,-0.03737801,-0.01656917,0.133967,-0.005837202,-0.03454139,0.1193556,0.02168152,-0.05238339,0.08486456,0.04381162,36.66646,15.28779,15.33214,20.27042,FOUR
-0.0485058,0.0589706,-0.03429022,-0.003818549,0.1255851,-0.03051165,-0.01487287,0.1340258,0.001360297,-0.03259983,0.1178967,0.02768591,-0.04946698,0.08329067,0.04706797,37.05106,14.93704,15.16743,19.46479,FOUR
-0.04773084,0.05891049,-0.04189163,-0.01422016,0.1258223,-0.02549577,-0.02746705,0.1316598,0.007769465,-0.04335515,0.1132141,0.0337891,-0.05549017,0.07669392,0.05529904,35.05497,15.62006,15.23102,20.09921,FOUR
-0.04638681,0.05953711,-0.04400051,-0.01413845,0.1257016,-0.02593803,-0.02749524,0.1316363,0.007526457,-0.04325906,0.1133141,0.03372079,-0.05538399,0.07678571,0.05560943,34.64236,15.72955,15.24251,20.20671,FOUR
-0.04525265,0.05979666,-0.0455755,-0.01333123,0.1256805,-0.02672747,-0.02698761,0.1318057,0.006705016,-0.04275994,0.1137599,0.0330669,-0.05489567,0.07742271,0.05553991,34.55008,15.77744,15.23591,20.28065,FOUR
-0.04620514,0.05917048,-0.04363394,-0.01082204,0.1260509,-0.02746862,-0.02494633,0.1324448,0.005617023,-0.04131223,0.1147526,0.03200385,-0.05415699,0.07858059,0.05476296,35.45497,15.71529,15.26192,20.35933,FOUR
-0.04618943,0.05997378,-0.0434058,-0.009750605,0.1263645,-0.02698281,-0.02412076,0.132588,0.006210089,-0.04080141,0.1147839,0.03242293,-0.05414971,0.07840997,0.05489349,35.54598,15.78596,15.2909,20.44949,FOUR
-0.04869178,0.05880475,-0.04026636,-0.009090882,0.1258035,-0.02983779,-0.02315893,0.1327966,0.00300166,-0.03959674,0.1157431,0.02960944,-0.05297023,0.0801689,0.0527077,36.07779,15.66338,15.20718,20.29886,FOUR
-0.0429756,0.06624803,-0.03483793,0.008823499,0.1260696,-0.0295848,0.0006784871,0.1350083,0.003318638,-0.01415669,0.12103,0.03176534,-0.03083556,0.08816716,0.05656567,36.51643,15.04217,14.88556,20.21054,FOUR
-0.04205871,0.0657872,-0.03690916,0.009066574,0.1261641,-0.02929389,0.001803689,0.1352512,0.003483057,-0.01315572,0.1213038,0.03185439,-0.03073253,0.08868164,0.05583617,36.62228,14.8893,14.84175,20.01053,FOUR
-0.04421179,0.06408384,-0.03507805,0.007003099,0.1258727,-0.03074801,-4.854798E-05,0.1353033,0.002239764,-0.01474845,0.1214659,0.03090054,-0.03188875,0.08887529,0.05525255,37.12137,14.99549,14.88274,20.00918,FOUR
-0.04287101,0.06355476,-0.0389584,0.008409567,0.1255023,-0.03241959,-0.0001953319,0.1353354,0.0001773834,-0.01535756,0.1219844,0.02896801,-0.03257065,0.08965248,0.05389476,37.3571,15.03577,14.93948,20.07904,FOUR