-0.0591267,0.02386802,0.03010774,-0.0381613,-0.0168778,0.0309346,-0.03409853,-0.01976824,0.03810847,-0.01907363,-0.01745999,0.03976178,-0.005934514,-0.007875741,0.04191095,40.5059,8.863971,15.0817,20.14956,CLOSE
-0.05510508,0.02628726,0.01582876,-0.03639562,-0.01512596,0.01850748,-0.0319738,-0.01886484,0.0255084,-0.01808693,-0.01623651,0.03014696,-0.007285766,-0.006668925,0.03643629,46.19852,11.61272,18.55531,23.71099,CLOSE
-0.0538612,0.02507609,0.01788554,-0.03612878,-0.01477328,0.01671976,-0.03141511,-0.01859477,0.02375752,-0.01747561,-0.01604053,0.0286665,-0.007149316,-0.006654769,0.03552425,44.6439,12.31818,19.43261,24.23462,CLOSE
-0.0517876,0.02191988,0.01727104,-0.03637118,-0.01388499,0.008831978,-0.0289357,-0.01613495,0.01969796,-0.01576169,-0.01316381,0.02546865,-0.008557476,-0.003703415,0.03305906,42.48926,19.50045,21.88335,24.12744,CLOSE
-0.04716764,0.02319926,0.02430406,-0.03496639,-0.01431528,0.01188046,-0.0276019,-0.01557991,0.02205849,-0.01477927,-0.01162124,0.02708694,-0.008001909,-0.0009739697,0.03310502,45.56101,18.52189,21.274,24.00315,CLOSE
-0.04550583,0.02203849,0.02763057,-0.03750131,-0.01803568,0.01014474,-0.03025298,-0.01962903,0.01890916,-0.01786082,-0.01533556,0.02414018,-0.01138944,-0.003331363,0.02839726,49.9086,15.53488,19.04728,25.06465,CLOSE
-0.05355458,0.02596605,0.009295255,-0.03613744,-0.01653183,0.006842732,-0.02947159,-0.01797941,0.01771843,-0.01785786,-0.01407385,0.02323252,-0.01220214,-0.003548652,0.02944088,49.74463,18.54488,19.23829,24.05921,CLOSE
-0.05385587,0.01681754,0.02787259,-0.03985997,-0.01683006,0.007544279,-0.03310394,-0.01907003,0.01703775,-0.01943585,-0.01582205,0.02357233,-0.01235044,-0.00582993,0.03078812,41.37786,15.66164,20.64993,24.07389,CLOSE
-0.05038938,0.02001065,0.02301854,-0.03726894,-0.0159165,0.004583329,-0.03002669,-0.01733783,0.01606858,-0.01719505,-0.01344171,0.02281222,-0.01092697,-0.003472745,0.03021798,46.12456,19.55447,22.34354,25.11596,CLOSE
-0.04782022,0.01936436,0.02663451,-0.03838948,-0.01643452,0.007616937,-0.03077225,-0.01776451,0.01817417,-0.01769838,-0.01381779,0.02431804,-0.01106092,-0.003373027,0.03104913,45.7294,17.94361,21.14358,24.56125,CLOSE
-0.05039022,0.01841575,0.03259104,-0.0390656,-0.01653928,0.01134095,-0.03191053,-0.0182988,0.02064604,-0.01853742,-0.01466346,0.02638426,-0.01140573,-0.0041264,0.03212678,42.46196,15.6811,19.94724,23.01774,CLOSE
-0.0530921,0.01871359,0.03012124,-0.04002974,-0.01621261,0.01076025,-0.03340312,-0.01837239,0.01983801,-0.01981048,-0.01519841,0.02581614,-0.01226117,-0.004964381,0.031955,40.95882,14.90011,19.70312,23.00922,CLOSE
-0.05394374,0.02198675,0.02225426,-0.03976206,-0.01552227,0.0100387,-0.03301421,-0.01735279,0.01956984,-0.01947077,-0.01399469,0.02559966,-0.01184305,-0.003799707,0.0321354,42.1562,15.63834,20.18378,23.73451,CLOSE
-0.05292694,0.02167305,0.02399325,-0.03977392,-0.0154275,0.01053345,-0.0329573,-0.01718372,0.01998368,-0.01944427,-0.01373145,0.02597907,-0.01187329,-0.003407568,0.03219315,42.05835,15.55407,20.14711,23.52411,CLOSE
-0.04652973,0.01748624,0.03652662,-0.03872749,-0.0173749,0.01084876,-0.03211248,-0.019003,0.02094805,-0.02038322,-0.01547536,0.02629501,-0.01393631,-0.004244775,0.03103703,45.49262,16.11693,17.26,22.07079,CLOSE
-0.04621867,0.01765072,0.03641471,-0.03884489,-0.01740041,0.01052013,-0.0321688,-0.01895687,0.02073336,-0.02047272,-0.01539776,0.02616426,-0.01400451,-0.004142284,0.03099599,45.99096,16.2715,17.32143,22.21944,CLOSE
-0.03867964,0.01836008,0.04146236,-0.03837558,-0.01519781,0.007322729,-0.03140932,-0.0169999,0.01917705,-0.02357883,-0.01351395,0.025792,-0.01721274,-0.001002461,0.03183591,52.84739,19.26879,15.30977,23.86704,CLOSE
-0.03577979,0.01250711,0.0392659,-0.03482721,-0.01078343,0.003424883,-0.02908255,-0.01485801,0.01330763,-0.01706474,-0.0138379,0.0208104,-0.01137246,-0.005288213,0.02785775,51.43993,19.31952,23.4796,23.63347,CLOSE
-0.06443917,0.02068251,0.009471059,-0.04483776,-0.009693056,0.001184136,-0.03542364,-0.0140183,0.009475172,-0.02206305,-0.01250783,0.01839074,-0.01469916,-0.004804105,0.02759603,30.56899,15.56291,23.11113,25.8429,CLOSE
-0.07275477,0.02134451,-0.0033786,-0.04647939,-0.008805513,0.004443049,-0.03603282,-0.0132159,0.01158398,-0.02132183,-0.01157331,0.0199728,-0.01297222,-0.004182339,0.0290699,28.18283,14.6855,23.80665,26.15611,CLOSE
-0.06914584,0.0171158,0.009622037,-0.04383213,-0.01243898,0.006531119,-0.0348606,-0.01613444,0.01513487,-0.02007039,-0.01447284,0.02278072,-0.01173545,-0.006845325,0.03114951,29.45933,15.91515,23.03233,23.9957,CLOSE
-0.06745347,0.01473802,0.01339364,-0.04361258,-0.01271179,0.006017566,-0.03521488,-0.01678735,0.01485211,-0.02079852,-0.01547456,0.02221847,-0.01250424,-0.008104265,0.0310412,28.39815,16.01762,21.91885,23.85581,CLOSE
-0.07752842,0.02310666,-0.004016161,-0.04635041,-0.006749183,0.00244236,-0.03496845,-0.01335886,0.01078078,-0.02042582,-0.01306355,0.01979107,-0.0127125,-0.006934494,0.02942061,25.54368,18.03783,25.31353,24.68416,CLOSE
-0.07573038,0.02080306,0.01233453,-0.04283783,-0.009606808,0.005446434,-0.03227724,-0.01579309,0.01262125,-0.01790594,-0.01544049,0.02017576,-0.009537805,-0.009963512,0.03076559,27.78297,17.91704,24.58744,25.56705,CLOSE
-0.07460795,0.02066746,0.01365277,-0.04246348,-0.009802699,0.005051792,-0.03262724,-0.01589099,0.01251668,-0.01836958,-0.01566163,0.02014223,-0.009976614,-0.01020512,0.03073841,28.37621,17.70138,24.26092,25.43139,CLOSE
-0.07487588,0.02294895,0.008709431,-0.04350644,-0.00652352,0.003635615,-0.03439691,-0.0134005,0.01093191,-0.01999039,-0.01390928,0.01925531,-0.01169202,-0.008861661,0.02974883,25.49708,17.18065,24.86092,25.45559,CLOSE
-0.07421697,0.02075908,0.01347485,-0.04364961,-0.007231295,0.005750686,-0.03314602,-0.01456159,0.01206076,-0.01840443,-0.01505429,0.01977399,-0.009983242,-0.01003698,0.0298782,24.86837,17.75466,25.20496,25.13395,CLOSE
-0.07421055,0.0208331,0.01328284,-0.04376185,-0.006987065,0.005684376,-0.03321782,-0.01442561,0.01200399,-0.01850604,-0.01499507,0.01974142,-0.01010535,-0.01004729,0.02989209,24.59555,17.83548,25.19365,25.09082,CLOSE
-0.07706087,0.02332243,0.005356491,-0.04676788,-0.003890902,0.004889995,-0.03491479,-0.01184949,0.01045966,-0.01985128,-0.01242077,0.01865193,-0.01104789,-0.007684827,0.02947158,21.62024,16.91107,25.52571,26.96753,CLOSE
-0.07582048,0.01824909,-0.001556307,-0.0467107,-0.009668022,0.005880475,-0.03281224,-0.01466516,0.01310968,-0.01766046,-0.01285028,0.02105302,-0.009804171,-0.006151676,0.0307616,26.46442,17.7091,25.90504,25.51256,CLOSE
-0.04416843,0.01107809,0.0584864,-0.0376303,-0.01935986,0.03363457,-0.03315298,-0.02113509,0.03987858,-0.01722886,-0.0170691,0.04021171,-0.005628256,-0.00605613,0.03931725,31.54474,7.964816,15.38464,19.2357,CLOSE
-0.04510101,0.01139134,0.05644903,-0.03880201,-0.01873413,0.03093839,-0.03461892,-0.02033263,0.03773257,-0.01882957,-0.01624256,0.03889087,-0.007308422,-0.005282253,0.03899929,32.20557,8.352871,15.60656,19.65234,CLOSE
-0.0394552,0.01250294,0.04363573,-0.03394954,-0.0138028,0.007443815,-0.02819089,-0.01672617,0.01625365,-0.01515975,-0.01278308,0.02305585,-0.009087559,-0.002915412,0.03048497,48.4518,16.93503,24.0683,25.3502,CLOSE
-0.04117809,0.009412616,0.04631984,-0.03524752,-0.01534426,0.009784102,-0.02945944,-0.0192703,0.0174554,-0.01553374,-0.0163922,0.02308455,-0.007531259,-0.007294863,0.03099892,44.94051,15.09934,22.00743,25.71073,CLOSE
-0.04246886,0.009420127,0.04592803,-0.0357441,-0.01565868,0.01029971,-0.03004186,-0.01956797,0.0177806,-0.01590466,-0.01672238,0.02331579,-0.007578067,-0.007666618,0.03124434,43.77405,14.55311,21.72814,25.67675,CLOSE
-0.05088346,0.01084718,0.04313976,-0.03877574,-0.01687139,0.01451156,-0.03369916,-0.02065244,0.02122766,-0.01850659,-0.01818171,0.02541596,-0.008357409,-0.00919047,0.03263083,36.90857,11.8262,19.20921,24.80233,CLOSE
-0.05217531,0.0089809,0.03335363,-0.04075313,-0.01860002,0.009993941,-0.03582473,-0.02242178,0.01816371,-0.02478778,-0.01922137,0.02649954,-0.0172617,-0.00796774,0.03565073,37.03588,12.84234,17.61602,23.1244,CLOSE
-0.05090033,0.007467449,0.0312272,-0.03913854,-0.01834556,0.005988508,-0.03322641,-0.02235302,0.01450047,-0.02240377,-0.01927206,0.02273807,-0.01722826,-0.008803815,0.03314462,38.95603,14.74252,18.6264,23.80429,CLOSE
-0.04767673,0.005535603,0.03054732,-0.0377584,-0.01745516,0.001459062,-0.03116114,-0.02167651,0.01087663,-0.01992179,-0.018897,0.01912224,-0.01559794,-0.009752154,0.0293715,42.42115,17.10911,20.39985,24.32759,CLOSE
-0.04419881,0.005616307,0.03564546,-0.03540293,-0.01378444,-0.002691299,-0.02906346,-0.01833454,0.008934408,-0.01762706,-0.01653498,0.01776206,-0.01389901,-0.008503765,0.02665246,50.18842,21.56884,23.82965,23.53569,CLOSE
-0.04814142,0.04177296,0.002376169,-0.02730427,0.01008901,-0.02252233,-0.03155189,0.0003459454,-0.01307347,-0.02669895,-0.007767886,-0.0004392564,-0.02694158,-0.008401245,0.01219183,44.21885,22.72852,27.11231,24.29338,CLOSE
0.03241894,0.06921339,-0.02501515,0.01908145,0.01936689,-0.02802914,0.01069649,0.01101553,-0.02903301,-0.005967394,0.003454238,-0.02493221,-0.02002594,0.005678892,-0.02710718,32.09975,16.25629,34.74821,22.80982,CLOSE
0.02095117,0.07087255,-0.03008416,0.02036533,0.02042243,-0.02864718,0.01077853,0.01065308,-0.02919304,-0.004536055,0.002086848,-0.02567583,-0.01982404,0.00205785,-0.02812082,32.49243,17.76037,32.83582,25.12719,CLOSE
0.01108511,0.06968561,-0.03862816,0.0158396,0.02002329,-0.03370371,0.005097337,0.01162928,-0.03408721,-0.007094357,0.002935857,-0.0270198,-0.02402496,-0.0002094805,-0.02598339,32.36782,18.03382,25.91609,28.70494,CLOSE
0.005612645,0.06847903,-0.0437966,0.009514511,0.01886624,-0.03795275,-0.000893116,0.01022422,-0.03711146,-0.01053446,0.0009298921,-0.02749005,-0.02688094,-0.003830373,-0.02341425,31.81601,17.75717,23.61854,29.03987,CLOSE
-0.001323234,0.06575379,-0.05428481,-0.01531795,0.01603925,-0.04489571,-0.01684932,0.002942771,-0.03757936,-0.02190528,-0.006451637,-0.02129269,-0.03193432,-0.008180231,-0.009574234,34.66933,15.48967,26.83931,26.85914,CLOSE
-0.01817189,0.05973944,-0.05610257,-0.01588454,0.01181519,-0.03662989,-0.02112977,0.00251317,-0.02975529,-0.0240402,-0.005559504,-0.01555532,-0.03252034,-0.00865829,-0.00243634,29.25059,17.1681,26.26575,28.14294,CLOSE
-0.01780424,0.06074077,-0.05858856,-0.02315042,0.01344752,-0.04059613,-0.02398158,0.002452582,-0.03105131,-0.02569818,-0.005951136,-0.01535583,-0.03310969,-0.008487761,-0.001894116,30.6735,14.74099,25.99032,27.06326,CLOSE
-0.01786029,0.05980092,-0.0569289,-0.01689944,0.01063427,-0.03826153,-0.02136262,0.001356691,-0.0303719,-0.02409751,-0.006667882,-0.01649636,-0.03259748,-0.009475708,-0.004240513,31.27637,16.50957,25.2403,26.3045,CLOSE
-0.01095409,0.06057495,-0.05723062,-0.01348461,0.01361609,-0.04227886,-0.01706532,0.00292027,-0.0344854,-0.02219946,-0.00606522,-0.02109885,-0.03219449,-0.008740276,-0.009625554,29.608,15.27916,25.35131,26.42048,CLOSE
-0.00216594,0.06339204,-0.05612528,-0.009990688,0.01575014,-0.04579079,-0.01319034,0.004631013,-0.03781942,-0.0204931,-0.005389005,-0.02444816,-0.03161199,-0.007310957,-0.01395965,30.98457,13.74505,26.24926,25.83984,CLOSE
0.0007677227,0.06441545,-0.0513328,-0.01256654,0.01592252,-0.05035222,-0.01584155,0.004960299,-0.04149172,-0.02235071,-0.004173338,-0.02752993,-0.03279304,-0.004522592,-0.01676929,36.36376,12.62644,22.36319,23.67293,CLOSE
0.01334571,0.06618565,-0.04139575,0.008174874,0.01290745,-0.03833327,0.001876153,0.005307972,-0.03531301,-0.00997337,-0.001653433,-0.02655691,-0.02508534,-0.003565699,-0.02652404,38.7097,13.05011,26.37988,22.85855,CLOSE
0.001582354,0.06045347,-0.05433044,0.007127587,0.01218128,-0.03695101,0.0001899712,0.005685657,-0.03624579,-0.01070999,-0.003344893,-0.02633089,-0.02433643,-0.007069856,-0.02026746,31.03674,13.70288,27.27898,28.27676,CLOSE
0.0001030676,0.06045739,-0.05436286,0.007105451,0.01321989,-0.03564358,-0.0007596575,0.006155908,-0.03539479,-0.0111739,-0.003265947,-0.02550268,-0.02444543,-0.007408798,-0.01869509,29.46663,15.74677,27.80784,29.26616,CLOSE
-0.008371342,0.0604894,-0.05427824,-0.001978684,0.01462224,-0.03351283,-0.01062101,0.005052358,-0.03215224,-0.01727399,-0.005029023,-0.0215793,-0.02855555,-0.01058301,-0.01296991,24.60437,20.73833,27.6682,27.30177,CLOSE
-0.02739244,0.05507736,-0.05236384,-0.01259759,0.01062542,-0.03251496,-0.01900749,0.002393544,-0.02892977,-0.02234494,-0.005997956,-0.01607174,-0.03033056,-0.009166151,-0.004406333,26.60743,17.61579,26.42653,26.91956,CLOSE
-0.05642432,0.03536576,0.03404909,-0.03870439,0.01266733,0.001171768,-0.03731531,0.0008796155,0.004828393,-0.02659432,-0.009893805,0.008441687,-0.01873407,-0.0164088,0.01808101,28.73952,17.66531,23.157,26.8032,CLOSE
-0.05648027,0.03530228,0.03420022,-0.03871669,0.01271534,0.001689106,-0.03724053,0.0009050667,0.005205989,-0.02646429,-0.009928972,0.008668572,-0.01838998,-0.01667792,0.01815993,28.11751,17.62115,23.25641,27.08083,CLOSE
-0.05533224,0.03373,0.04096913,-0.03898264,0.01232424,0.007404536,-0.03688876,0.0007209778,0.008352369,-0.02587421,-0.01183283,0.00988242,-0.01728085,-0.02040085,0.01788506,25.46299,16.28206,25.48971,26.73262,CLOSE
-0.05550265,0.03191692,0.0409649,-0.03953942,0.01218167,0.006615192,-0.0374372,0.0007680058,0.007777154,-0.0261755,-0.01175717,0.009575754,-0.01781644,-0.02021179,0.01796696,26.32835,15.90479,25.36398,26.58894,CLOSE
-0.05109164,0.01850945,0.04457355,-0.03943087,0.01109669,0.003554463,-0.03575164,-0.001574576,0.005808204,-0.02467164,-0.01201105,0.008421928,-0.01682467,-0.02044788,0.01922458,34.61004,18.58914,24.10558,28.85947,CLOSE
-0.0516144,0.01523054,0.04384956,-0.03997505,0.009181529,0.001829773,-0.03628602,-0.003463984,0.004518002,-0.02462667,-0.013078,0.007756948,-0.01681967,-0.02011028,0.01865438,36.75861,18.86571,23.62665,28.04493,CLOSE
-0.05084365,0.01430097,0.04429826,-0.03972016,0.007514626,0.00176087,-0.03617497,-0.004341125,0.004488915,-0.02426018,-0.01348105,0.008037299,-0.0161892,-0.02113584,0.01960418,37.76599,18.06744,23.57157,29.03691,CLOSE
-0.05191592,0.01512372,0.04341197,-0.03947707,0.005600303,0.001478016,-0.03576486,-0.005826652,0.004736662,-0.02347605,-0.01435354,0.008756578,-0.01504343,-0.0214017,0.0201028,37.38776,18.06265,23.90707,28.60616,CLOSE
-0.05350209,0.01479355,0.04273742,-0.03958863,0.003252,0.001302004,-0.03528547,-0.007903814,0.005108893,-0.02240542,-0.01568562,0.009498835,-0.01365521,-0.02129859,0.02077529,37.06054,18.31629,24.37405,27.93682,CLOSE
-0.05612786,0.01322058,0.04204804,-0.03983086,-0.0002039373,0.002212524,-0.03527056,-0.01042548,0.005636811,-0.0218199,-0.0175609,0.01056951,-0.01300021,-0.0218178,0.02176297,35.21595,17.00519,24.66677,26.40282,CLOSE
-0.02689786,-0.03806359,0.05684286,-0.02359839,-0.04061079,0.0221498,-0.01417662,-0.04273605,0.02345276,-0.0003506113,-0.03638536,0.02624393,0.01001116,-0.02540874,0.03066003,25.70239,10.81381,17.22986,20.48093,CLOSE
-0.0203906,-0.03210306,0.061647,-0.01768936,-0.03850776,0.0277198,-0.01052728,-0.04153985,0.03235525,0.001355745,-0.03345764,0.03061044,0.009482622,-0.02233756,0.0356285,25.67457,9.37423,13.77932,18.84983,CLOSE
-0.01069107,-0.02154875,0.06375736,-0.02109209,-0.03360707,0.02867097,-0.01300284,-0.0360443,0.03424317,2.940744E-05,-0.02678812,0.03251123,0.008565888,-0.01590526,0.04037696,33.62509,11.23906,16.23743,21.05147,CLOSE
0.01183358,-0.03246117,0.05980653,-0.01937972,-0.03933203,0.02498823,-0.007966667,-0.04147172,0.02726692,0.005644619,-0.03119272,0.02718949,0.01606826,-0.02493519,0.03918558,43.17912,13.49026,18.56962,19.57187,CLOSE
0.01740572,-0.03160602,0.05568027,-0.01957667,-0.03862065,0.02816254,-0.008432761,-0.03915411,0.02483338,0.004943922,-0.04049093,0.03746426,0.01830679,-0.02913707,0.04324621,44.41298,12.48209,18.57891,19.21061,CLOSE
0.01051514,-0.03494322,0.0561707,-0.02142559,-0.0396874,0.02952671,-0.009902194,-0.04191625,0.0275051,0.003836945,-0.03749585,0.02735519,0.01577628,-0.02803457,0.02727205,38.64874,12.66145,16.14783,18.94196,CLOSE
0.01132467,-0.03434044,0.05640304,-0.02183217,-0.03985786,0.02943677,-0.01013695,-0.04192811,0.02703476,0.003707454,-0.03674406,0.02561039,0.01569022,-0.0273335,0.02606744,39.93068,12.76929,16.34703,19.73928,CLOSE
-0.001571655,-0.01206839,0.06292754,-0.02571836,-0.02868533,0.02777034,-0.01642303,-0.03056812,0.03313422,0.0001955777,-0.02401781,0.0314551,0.008440837,-0.01431167,0.03668821,45.48386,13.09357,20.96038,19.83304,CLOSE
-0.005163677,-0.008682787,0.06371754,-0.02691545,-0.02718878,0.02883673,-0.01868101,-0.02848113,0.03632265,-0.004295968,-0.02246428,0.03781086,0.003815994,-0.01045507,0.04317898,44.28831,12.98258,17.93858,20.04316,CLOSE
-0.01197445,0.0002714396,0.06238097,-0.0228148,-0.02415872,0.03484583,-0.01726077,-0.02480346,0.04394013,-0.006914817,-0.01609206,0.04816413,0.0001612157,-0.002795517,0.05052835,37.0704,10.57077,15.40758,17.20253,CLOSE
-0.008824559,-0.03035539,0.06315255,-0.01157754,-0.04005718,0.01991129,-0.003148271,-0.03969872,0.0186969,0.006644493,-0.02816838,0.02067047,0.01194651,-0.01678252,0.02875853,37.88332,10.47518,18.49908,24.3109,CLOSE
-0.01185809,-0.0302639,0.06275767,-0.01206058,-0.04138917,0.0199883,-0.002995949,-0.03962672,0.01985681,0.006408274,-0.0296104,0.02344865,0.01011988,-0.01793414,0.03178227,37.9015,10.86732,17.87358,22.42206,CLOSE
-0.02721395,-0.03255934,0.05619693,-0.02383675,-0.04276323,0.01962638,-0.01499857,-0.04515713,0.02595282,-0.0007643625,-0.03659284,0.02580702,0.004899643,-0.02417725,0.02960217,32.17138,11.84513,15.96818,17.60019,CLOSE
-0.05057436,-0.03070766,0.05391282,-0.02874812,-0.04200029,0.02407247,-0.02237038,-0.04478836,0.03024006,-0.006700978,-0.03673995,0.02807117,0.0009458885,-0.02614033,0.03524399,26.26537,9.034637,14.60138,18.60287,CLOSE
-0.03761384,-0.02045694,0.0504142,-0.02864968,-0.03354183,0.01494515,-0.02402881,-0.03782287,0.02157423,-0.0138062,-0.03365651,0.02929017,-0.01073303,-0.02098909,0.04012173,35.20181,10.23016,15.65001,20.94449,CLOSE
-0.0422198,-0.01784426,0.0549452,-0.03744135,-0.03260392,0.02187419,-0.03184856,-0.03562725,0.02726585,-0.01073955,-0.02744758,0.02541709,-0.002371337,-0.01756626,0.03154793,29.92439,8.713547,19.93972,21.59913,CLOSE
-0.04170793,-0.01484615,0.05449337,-0.03721184,-0.03151277,0.0191949,-0.03037649,-0.03404355,0.02487081,-0.009856433,-0.02557787,0.02431452,-0.001762524,-0.01523823,0.03042078,33.56406,10.14482,21.22279,23.26973,CLOSE
-0.02718804,0.0007866919,0.05910102,-0.02867044,-0.02442613,0.02403814,-0.02132291,-0.02658147,0.03126705,-0.009586036,-0.01989409,0.0343332,-0.007490382,-0.003127813,0.05160215,41.38803,13.15384,16.86708,26.66023,CLOSE
-0.02130897,0.003259361,0.06192482,-0.02670652,-0.02095714,0.02537483,-0.01878296,-0.02403066,0.03078005,-0.006467834,-0.01858893,0.03318435,-0.002610564,0.002054542,0.0594517,41.78747,13.43681,18.0465,31.84466,CLOSE
-0.01989082,0.002757311,0.06225497,-0.02557538,-0.02057132,0.02417636,-0.01756355,-0.02366602,0.02920517,-0.005037859,-0.01845953,0.03117961,-0.001276284,0.005797952,0.06407535,42.78271,13.86255,18.90812,36.29943,CLOSE
-0.009572193,-0.003954768,0.06599984,-0.02444381,-0.02452171,0.02733177,-0.01600555,-0.02724925,0.03268516,-0.004702017,-0.0207189,0.03783688,0.003505498,0.008312404,0.0677956,43.57963,13.16848,17.97879,36.799,CLOSE
-0.00881578,-0.008586764,0.06580105,-0.02607317,-0.02573869,0.02783063,-0.01772864,-0.02889195,0.03348044,-0.006877691,-0.02202091,0.042171,0.005041033,0.006827712,0.06991133,42.1856,12.7924,18.64142,35.28848,CLOSE
-0.01052433,-0.01083291,0.06482813,-0.02737071,-0.02564904,0.02630284,-0.01958239,-0.02931461,0.03190789,-0.008665398,-0.02354589,0.04088846,0.003867581,0.004183471,0.07036003,41.8642,12.45278,18.38793,35.84881,CLOSE
-0.02340831,-0.01544428,0.06165871,-0.02927082,-0.02864921,0.02308303,-0.02341861,-0.03287223,0.02718523,-0.009586364,-0.02852267,0.02799088,-0.004030704,-0.01462787,0.05244812,36.77337,9.757637,15.93286,30.97013,CLOSE
-0.02741005,-0.01544619,0.06106752,-0.02985056,-0.02991864,0.02354109,-0.02413039,-0.03387681,0.0282326,-0.01000326,-0.0289937,0.02847996,-0.00422743,-0.01683277,0.04598612,35.13142,9.508182,15.4813,26.56757,CLOSE
-0.03395596,-0.03172982,0.05246663,-0.02056046,-0.04084724,0.01457167,-0.01305221,-0.04218525,0.02095628,0.002785031,-0.0289588,0.02099121,0.006015588,-0.01745474,0.02686918,34.90654,11.73984,22.0562,21.75597,CLOSE
-0.03577852,-0.02959841,0.05175549,-0.02354199,-0.03992951,0.01415467,-0.01619441,-0.04179668,0.02121019,0.000490088,-0.02993006,0.02145243,0.004488304,-0.01838672,0.02724934,35.11207,12.05447,21.5954,21.46669,CLOSE
-0.03675735,-0.028622,0.05135086,-0.0266042,-0.03982612,0.01487622,-0.01945323,-0.04209134,0.02237573,-0.001662701,-0.03144178,0.02233157,0.003536411,-0.01972744,0.02785549,34.03094,11.88637,20.99594,21.02683,CLOSE
-0.04811585,-0.01953641,0.05292052,-0.0374698,-0.03434995,0.01935059,-0.03269627,-0.03849262,0.02632505,-0.01877623,-0.03441536,0.02908826,-0.01051585,-0.02290779,0.03860033,29.84244,9.333488,13.41932,20.45348,CLOSE
-0.04800916,-0.0198696,0.05360392,-0.03751099,-0.03403604,0.01949218,-0.03348555,-0.038412,0.0260486,-0.01872639,-0.03441358,0.02800474,-0.009705901,-0.02366641,0.03677008,29.62337,8.584236,13.63501,20.08484,CLOSE
-0.03434163,-0.0252623,0.05114925,-0.02986529,-0.03588307,0.01303047,-0.02469845,-0.04067236,0.02151036,-0.02003331,-0.03395247,0.03671545,-0.01311943,-0.02237624,0.04661566,36.37418,11.82758,18.64832,17.94306,CLOSE
-0.03360165,-0.02289879,0.05553192,-0.03077515,-0.03630885,0.018442,-0.02348347,-0.03857863,0.0249275,-0.007267376,-0.03007144,0.02321708,-0.0002665818,-0.01888776,0.03088659,34.66472,11.18826,16.86718,23.21531,CLOSE
-0.01946352,-0.01438475,0.0597468,-0.03103595,-0.02966309,0.02263582,-0.02227758,-0.03298539,0.03033882,-0.0114141,-0.02761012,0.03869998,-0.002420299,-0.01441258,0.05180573,40.38214,14.02375,17.06581,22.55122,CLOSE
-0.0008208454,-0.01964998,0.06125337,-0.02502039,-0.03124857,0.02798349,-0.01422073,-0.03560376,0.03206319,-0.0009452701,-0.02989495,0.0405736,0.01221156,-0.01964539,0.04843432,41.62923,14.28486,19.22801,20.09079,CLOSE
-0.0005477071,-0.01598078,0.06373286,-0.02452254,-0.0298056,0.02971584,-0.01442841,-0.03428286,0.03284264,-0.00110428,-0.02823526,0.0430336,0.01176921,-0.01880151,0.04595411,41.86519,13.36339,20.20833,18.20707,CLOSE
-0.009568661,-0.0103209,0.0629676,-0.02731235,-0.02723712,0.02784574,-0.01763627,-0.0310666,0.03445733,-0.006176904,-0.02456361,0.04781193,0.005580232,-0.011877,0.054672,41.58655,14.37049,20.2491,19.29499,CLOSE
-0.01494636,-0.008579195,0.06201559,-0.02860902,-0.02609575,0.02656186,-0.01947236,-0.02962446,0.03325039,-0.007574439,-0.02407706,0.04067671,0.002442107,-0.007484913,0.05859256,40.4869,14.12219,17.96765,25.93634,CLOSE
-0.01220983,-0.01348954,0.06291276,-0.03066309,-0.0258168,0.02524042,-0.02136838,-0.03040713,0.0321852,-0.00994271,-0.02602702,0.04152536,0.002331451,-0.01024592,0.05996811,41.8567,14.70069,17.83355,26.11395,CLOSE
0.00149332,-0.03010124,0.06387275,-0.01266817,-0.03945893,0.03054029,-0.003389642,-0.04196644,0.03306371,0.009244651,-0.03538615,0.0334273,0.01875947,-0.02256006,0.03654826,30.90756,10.62653,15.26511,19.17206,CLOSE
-0.03348932,-0.02244776,0.05277699,-0.03000942,-0.03406364,0.01412135,-0.02373995,-0.03792822,0.02130365,-0.01153991,-0.03203857,0.02688885,-0.00821336,-0.02187192,0.03816992,37.20367,11.92917,16.4801,20.24117,CLOSE
-0.0289563,-0.02289653,0.0557254,-0.02973682,-0.03588885,0.01635867,-0.02169222,-0.03855103,0.02462506,-0.008628206,-0.03128457,0.02680314,-0.003200753,-0.01987553,0.03430116,38.20869,13.52089,15.51656,20.42399,CLOSE
-0.0251443,-0.02981037,0.06356233,-0.02052624,-0.04036421,0.02948481,-0.01413304,-0.04263544,0.03451741,0.0006611943,-0.03434849,0.03028482,0.008199751,-0.02281564,0.03340185,26.90355,8.3269,15.45954,17.70604,CLOSE
-0.02823421,-0.02331185,0.06060851,-0.02400014,-0.03896964,0.02708566,-0.01667255,-0.0408771,0.03472114,0.001692832,-0.0312025,0.02920437,0.009951387,-0.02034193,0.03172088,31.00555,10.84698,19.72575,18.81105,CLOSE
-0.02735188,-0.02304047,0.05975014,-0.02554226,-0.03868753,0.02532619,-0.01766453,-0.0406853,0.03277957,0.0009209365,-0.03105611,0.02769971,0.009032838,-0.0202021,0.03061944,32.47641,11.46092,20.14676,19.33302,CLOSE
-0.01144227,-0.02016157,0.06377053,-0.02400399,-0.03513753,0.02634436,-0.01376863,-0.03779209,0.03230268,0.001750015,-0.02850515,0.02646714,0.01095431,-0.01753485,0.02997583,38.35433,13.60733,18.20545,22.24268,CLOSE
-0.02755228,0.04990593,-0.004786968,-0.003918409,0.01108739,-0.01808909,-0.006365404,0.003185272,-0.01825395,-0.006966442,-0.004443079,-0.008892566,-0.0119412,-0.001585096,-0.003870606,52.70419,22.53039,35.95602,35.74781,CLOSE
-0.02272902,0.05101967,-0.04322517,-0.0003079101,0.01140568,-0.03846216,-0.006574571,0.00332877,-0.03972867,-0.01448794,-0.007084519,-0.02857745,-0.02695127,-0.009655923,-0.02310413,37.38252,14.69354,24.44788,22.01904,CLOSE
-0.004573561,0.050174,-0.0614365,0.001021363,0.005424559,-0.03953695,-0.005706824,-0.00407365,-0.03362206,-0.01351868,-0.01082364,-0.02149269,-0.0273923,-0.01341215,-0.01361343,31.77177,18.34691,27.10503,28.77274,CLOSE
-0.01299425,0.04418123,-0.06744975,-0.007215962,0.001702756,-0.04026011,-0.01229169,-0.006263614,-0.03229702,-0.01872487,-0.01248619,-0.01900706,-0.03026013,-0.01365152,-0.009888023,30.37315,16.5272,26.94812,24.96944,CLOSE
-0.006104872,0.05268642,-0.06514388,-0.007548712,0.005756497,-0.04306817,-0.01328646,-0.002895653,-0.03625315,-0.01944919,-0.01070121,-0.02289334,-0.03087529,-0.01159284,-0.01319212,31.6139,15.56549,24.96501,25.00139,CLOSE
-0.010033,0.05021405,-0.06480452,-0.01085994,0.004343748,-0.04660854,-0.01468529,-0.002775133,-0.03931832,-0.01987113,-0.011491,-0.02495775,-0.03116885,-0.0129219,-0.01504079,32.49605,11.60004,23.80037,24.12552,CLOSE
-0.01785468,0.04586831,-0.06743017,-0.01383931,0.00283733,-0.04648462,-0.01740256,-0.004226238,-0.03910199,-0.02097651,-0.01266012,-0.02410513,-0.03067688,-0.01445097,-0.01294327,30.0243,11.64403,22.9597,24.13926,CLOSE
-0.02677596,0.03960085,-0.06827244,-0.01794027,-0.000325352,-0.0464398,-0.01985442,-0.007417381,-0.0380452,-0.0219762,-0.01519993,-0.02208498,-0.03020472,-0.01720685,-0.009797782,28.7447,11.40011,23.04039,24.23091,CLOSE
-0.03907135,0.04106733,-0.05899107,-0.02840295,0.004805416,-0.04845399,-0.02296602,-0.006306142,-0.03674144,-0.0229352,-0.01399967,-0.01969266,-0.03010661,-0.0166758,-0.007466614,25.41392,13.27102,23.41335,24.09498,CLOSE
-0.04042338,0.04246211,-0.05657274,-0.02806691,0.003580242,-0.04619649,-0.02326635,-0.007947326,-0.03542194,-0.02204633,-0.01489559,-0.01831654,-0.02933393,-0.01787177,-0.005779743,27.91301,14.54982,23.20562,25.11423,CLOSE
-0.03969545,0.04305032,-0.05675665,-0.02732731,0.003017545,-0.04560891,-0.02274806,-0.008434057,-0.03506956,-0.02161487,-0.01508349,-0.01785162,-0.02943276,-0.01829574,-0.005181521,28.86664,14.79539,23.4958,25.7585,CLOSE
-0.04062663,0.04078159,-0.05990699,-0.03377458,0.005689353,-0.05029234,-0.02602208,-0.00825876,-0.03755203,-0.02372663,-0.01538786,-0.01951578,-0.03063738,-0.01757142,-0.006566077,24.03349,15.63393,22.16502,24.24688,CLOSE
-0.04590482,0.03806603,-0.05865616,-0.03867135,0.005754501,-0.04922548,-0.0320508,-0.008034229,-0.03947398,-0.02847744,-0.01601139,-0.0217264,-0.03298126,-0.01710925,-0.007620424,21.81804,14.26078,19.91151,22.10485,CLOSE
-0.05546457,-0.01034802,0.02977788,-0.02914959,-0.02426267,-0.01142722,-0.02392061,-0.02831122,-4.974008E-05,-0.0136012,-0.02400672,0.009898901,-0.00974891,-0.0183304,0.02459008,52.80781,19.39924,22.39826,30.11399,CLOSE
-0.0160946,-0.02571303,0.06256199,-0.0212108,-0.03586656,0.0279299,-0.01250197,-0.03845131,0.03249055,0.002829172,-0.0285188,0.02496237,0.01102292,-0.01871496,0.02893949,30.31236,11.27383,18.24319,20.59343,CLOSE
0.005578831,-0.01419485,0.06434447,-0.02534977,-0.02882999,0.03108102,-0.01458009,-0.03046119,0.03788257,-0.0007293448,-0.02280819,0.040851,0.01052827,-0.01417285,0.04179782,46.03099,14.65338,18.42875,17.66323,CLOSE
-0.009009212,-0.03885853,0.06432801,-0.01635604,-0.04129666,0.07147664,-0.007120349,-0.020289,0.107006,0.01246279,-0.03496027,0.07124019,0.02420715,-0.02631277,0.04941744,4.508456,20.50948,19.90497,14.57057,CLOSE
0.01600977,0.03242785,0.06437892,0.003777809,-0.01299769,0.04738575,0.01455007,-0.01194888,0.04096013,0.02247266,-0.007417142,0.02622283,0.03121343,0.006293356,0.01736307,42.34345,14.46164,20.68424,29.94265,CLOSE
0.02320741,0.03418779,0.06558579,0.01906089,-0.007015228,0.04537112,0.02682962,-0.005953252,0.03532934,0.02836767,-0.003885388,0.01824045,0.03369936,0.008591056,0.004763663,34.43259,14.29657,19.91829,32.10095,CLOSE
0.01617869,0.0409618,0.06153107,0.009973913,-0.00272125,0.04306376,0.0238531,-0.002537847,0.03845578,0.02912123,-0.0007846355,0.0196383,0.03413273,0.008633673,0.008169889,36.33263,18.7399,24.2524,25.33842,CLOSE
0.01849216,0.04185361,0.06060869,0.01121452,-0.001361012,0.04118073,0.02638654,-0.002060711,0.03609478,0.02983228,-0.0006353259,0.01735693,0.03430247,0.009652138,0.005462468,35.3089,20.93398,23.68017,26.67725,CLOSE
0.005007222,0.04199803,0.06159711,0.008002684,4.10676E-05,0.04391885,0.01695331,0.0007267594,0.0348295,0.02544351,0.003363729,0.01884353,0.03091371,0.01325667,0.00765121,34.55866,15.66012,27.90806,27.37607,CLOSE
0.002905712,0.04296213,0.06066221,0.00929781,0.001299679,0.04455608,0.01609994,0.0001722574,0.03482652,0.02463657,0.003150523,0.01924098,0.03039314,0.01363015,0.008491874,34.67575,13.09414,27.70216,27.82598,CLOSE
0.0005739927,0.04061955,0.064906,0.01112324,0.003057539,0.05552292,0.01666529,0.0002282858,0.04314053,0.02214111,0.00132519,0.02549821,0.03107918,0.012254,0.01504785,30.68229,10.18277,19.93856,28.51592,CLOSE
-0.01919331,0.02211744,0.06855071,-0.008982111,-0.01144534,0.0497601,-0.002613399,-0.009891868,0.05591482,0.01077579,-0.004755914,0.04313481,0.01843771,0.005724072,0.03649217,30.48564,7.894388,16.99007,18.98818,CLOSE
-0.04515354,-0.009966552,0.05082524,-0.03417702,-0.02654546,0.01501578,-0.02840289,-0.0304603,0.02511907,-0.01755132,-0.02555621,0.03211373,-0.01229552,-0.01188713,0.04455137,35.23027,14.54135,16.30987,23.71173,CLOSE
-0.02904908,-0.02228343,0.05558354,-0.03275032,-0.03309643,0.01211888,-0.02517795,-0.03676933,0.02045465,-0.01528437,-0.03211331,0.02845222,-0.009469753,-0.02054,0.03763074,42.45972,13.96556,15.92207,20.33715,CLOSE
-0.04242309,-0.01465839,0.04317263,-0.02659852,-0.02010974,-0.002204806,-0.0213843,-0.02470374,0.006412774,-0.01013293,-0.02075732,0.01523617,-0.01173333,-0.01745564,0.02883884,50.35012,19.10232,26.13262,21.23557,CLOSE
-0.04474767,0.03829017,0.009211421,-0.02972049,0.01598182,-0.02226403,-0.03267052,0.005753696,-0.02043247,-0.02799514,-0.005617142,-0.01134923,-0.03158128,-0.01034394,0.005694419,43.88874,15.49646,21.45098,32.09955,CLOSE
-0.04326708,0.03936392,0.006291568,-0.03074095,0.01391947,-0.0241254,-0.03377049,0.005099922,-0.02296492,-0.02897615,-0.005868703,-0.01281556,-0.0323257,-0.008670688,0.003880978,44.98225,13.05128,20.40905,30.25136,CLOSE
-0.04383674,0.03912282,0.006133884,-0.03108204,0.01316932,-0.02395236,-0.0342627,0.004500687,-0.02271253,-0.02931804,-0.006255865,-0.012413,-0.03235442,-0.009184211,0.004291713,44.93972,12.9298,20.3145,29.9969,CLOSE
-0.04816101,-0.01269382,0.04560357,-0.04214588,-0.01264319,-7.846951E-05,-0.03513687,-0.02031827,0.00738138,-0.02232414,-0.02125555,0.01553118,-0.01275472,-0.01880127,0.02730173,42.61579,16.86451,20.82576,25.29759,CLOSE
-0.03858614,-0.008082747,0.0532462,-0.03713203,-0.0232901,0.00862056,-0.02923833,-0.02602881,0.01800388,-0.01597315,-0.02061021,0.02418274,-0.005541898,-0.01319349,0.03259552,45.34667,16.33271,20.11281,24.85859,CLOSE
-0.02598156,0.009795815,0.06088483,-0.02638591,-0.02540573,0.02673483,-0.01694788,-0.02111772,0.03348273,-0.006537765,-0.01047668,0.03495079,0.002576143,0.003474206,0.03692067,47.13264,15.8115,19.75264,26.12527,CLOSE
-0.01671363,0.01735032,0.06437194,-0.0194314,-0.02234966,0.03572553,-0.009435646,-0.01652908,0.03926504,0.0002458207,-0.005437553,0.03660482,0.008170094,0.009407401,0.03473085,45.47065,15.03596,19.2143,26.48736,CLOSE
-0.01085,0.02395079,0.06561959,-0.01682827,-0.01958689,0.03891963,-0.005687751,-0.01507011,0.04076844,0.005219039,-0.006047994,0.0372631,0.01455658,0.009367436,0.03442925,46.63054,15.00826,18.88567,27.53393,CLOSE
-0.01025586,0.03573823,0.05299836,-0.02777383,-0.01413605,0.03062958,-0.01975147,-0.01382962,0.03511798,-0.005952217,-0.005148739,0.03808397,0.002145752,0.008261204,0.03772351,60.26824,12.15009,22.88577,23.30768,CLOSE
-0.01252369,0.01797801,0.05213428,-0.03357442,-0.01376963,0.01209965,-0.02248706,-0.01532975,0.02163878,-0.008350797,-0.01126331,0.02368349,-0.003167093,0.000254631,0.02685726,68.1891,22.59799,24.18872,27.59758,CLOSE
-0.01622009,0.01751032,0.0514209,-0.03370407,-0.0140681,0.01091152,-0.02278801,-0.01590699,0.02079156,-0.008788235,-0.01197508,0.02332175,-0.003581472,-0.000557363,0.02666816,66.5066,22.89958,24.1547,27.49712,CLOSE
-0.03342324,0.02337515,0.05762041,-0.03906732,-0.01546863,0.01400936,-0.02918843,-0.01618823,0.0221132,-0.01600001,-0.01179451,0.02735293,-0.01083492,-0.002813339,0.0332326,55.93548,16.4788,21.1241,19.80987,CLOSE
-0.01483455,0.01515487,0.06040668,-0.03441713,-0.01894754,0.01427937,-0.02491049,-0.01918548,0.02233589,-0.01343901,-0.01408491,0.0272083,-0.008260094,-0.003421634,0.03316921,66.05954,17.24052,19.97277,22.51839,CLOSE
-0.0030334,0.01106477,0.05862519,-0.0303648,-0.0183183,0.01565406,-0.0185973,-0.01820067,0.02580047,-0.00513798,-0.01403803,0.02747208,7.229298E-05,-0.003047585,0.03112647,69.60067,23.5666,22.36756,23.42891,CLOSE
-0.01546574,0.01477006,0.05487874,-0.02736117,-0.01190111,0.01351771,-0.02272967,-0.01577738,0.02103743,-0.009757407,-0.01298815,0.02543148,-0.002117231,-0.002748072,0.03167251,59.15422,16.07322,23.52658,26.31925,CLOSE
-0.01752739,0.01908743,0.0510062,-0.03444311,-0.01187673,0.004876316,-0.02645595,-0.01348239,0.01646221,-0.01246138,-0.01047549,0.02305859,-0.00580205,-0.0002071857,0.02688903,72.69014,22.66334,27.4394,26.5646,CLOSE
-0.01196912,0.0165025,0.05501834,-0.03020303,-0.01149225,0.010245,-0.02292809,-0.01375455,0.02124366,-0.009543668,-0.01169702,0.02533081,-0.00363756,-0.00186339,0.02801916,68.29813,22.67423,24.29449,23.40768,CLOSE
-0.02396336,0.006493717,0.05162653,-0.03017051,-0.008912712,0.004856795,-0.0275741,-0.01549399,0.01247853,-0.01610027,-0.01472786,0.02022803,-0.009940971,-0.007272542,0.02989304,59.85192,17.78388,23.95257,25.00202,CLOSE
-0.02353732,0.002254069,0.05227679,-0.03085568,-0.01205111,0.002494603,-0.02659595,-0.01736048,0.01164877,-0.01596915,-0.01615226,0.019912,-0.009328941,-0.008510232,0.03116602,64.20116,19.56434,23.50258,26.75202,CLOSE
-0.03319871,0.006857067,0.04644138,-0.03675846,-0.008209348,-0.00839752,-0.02931011,-0.01232067,0.007718921,-0.01878377,-0.01215458,0.01736134,-0.01374476,-0.006673217,0.03008333,69.58209,28.10062,25.78156,25.61999,CLOSE
-0.06306918,0.02786002,-0.005130827,-0.03311672,-0.001089007,-0.01596275,-0.03249443,-0.008635014,-0.008129001,-0.02528356,-0.01216197,0.005105615,-0.02489768,-0.01057726,0.01985991,32.68581,17.20884,26.20037,26.08349,CLOSE
-0.05968004,0.01618451,0.01173377,-0.03398988,-0.003991216,-0.0145815,-0.03226146,-0.01036793,-0.004541546,-0.02467247,-0.01252249,0.008168578,-0.02351554,-0.009888589,0.02238163,40.0287,18.77736,25.70801,25.06536,CLOSE
-0.05992258,0.01671436,0.01055145,-0.03375196,-0.004356205,-0.01509619,-0.03210754,-0.0105705,-0.004510492,-0.02461884,-0.01265022,0.008190453,-0.02353771,-0.009976149,0.02234787,40.34585,19.3609,25.66893,24.94319,CLOSE
-0.06008949,0.0158385,0.01192886,-0.03407033,-0.004811317,-0.01404285,-0.03214654,-0.01097292,-0.003815532,-0.02434044,-0.01292104,0.008739471,-0.02314175,-0.01006234,0.02282518,39.91909,18.92743,25.63734,24.82797,CLOSE
-0.06211268,0.01676968,0.01056457,-0.03393785,-0.005636483,-0.01391777,-0.03203252,-0.01172134,-0.003663898,-0.02431293,-0.01320797,0.008950979,-0.02334304,-0.00961104,0.02296153,39.52257,18.9448,25.45091,24.91627,CLOSE
-0.06101837,0.01960668,0.003251612,-0.03919734,-0.007550627,-0.01002982,-0.03228254,-0.01185054,0.004120409,-0.02105554,-0.01106936,0.0151723,-0.01741595,-0.004978478,0.02637702,33.16206,22.86213,26.64666,24.42382,CLOSE
-0.06090396,0.01675904,-0.007923484,-0.04005692,-0.007581979,-0.01088303,-0.03211886,-0.01228526,0.003149778,-0.02045847,-0.01103109,0.01456949,-0.01712382,-0.005164355,0.0273056,26.7508,22.57645,27.72628,25.95306,CLOSE
-0.07479529,0.02229938,-0.02930784,-0.06464638,0.01832578,-0.02062133,-0.03871809,-0.01159585,-0.003950626,-0.02722932,-0.01048064,0.01081234,-0.02252185,-0.00414598,0.02291849,3.596082,33.79856,26.27138,26.20329,CLOSE
-0.07387204,0.02523085,-0.0264594,-0.06371001,0.01553228,-0.01732981,-0.03969027,-0.01062244,-0.002224565,-0.02771315,-0.009312004,0.0121696,-0.02263159,-0.002643049,0.0236131,6.303722,30.60107,25.93695,25.33831,CLOSE
-0.06832638,0.03469071,-0.03587431,-0.05604782,0.007685095,-0.009046197,-0.04117142,-0.005126446,0.003457844,-0.02899677,-0.005531698,0.0151664,-0.02180632,0.0005727708,0.02775517,24.22142,20.31154,22.70494,26.32363,CLOSE
-0.06644768,0.03195977,-0.04596472,-0.05421835,0.004063457,-0.01109937,-0.03936026,-0.006347179,0.001568764,-0.02788741,-0.00652191,0.01388276,-0.02154132,-0.0002102852,0.02648705,28.36358,19.20776,23.91957,26.81075,CLOSE
-0.06566709,0.03135949,-0.04808652,-0.05566091,0.005072206,-0.01148498,-0.03916959,-0.006189227,0.001324892,-0.0281225,-0.006134689,0.01378289,-0.0213896,0.0002236068,0.02618518,28.67713,19.53927,23.88931,27.04412,CLOSE
-0.06626523,0.03095771,-0.0466378,-0.05651741,0.005809456,-0.01131457,-0.03967582,-0.006605774,0.001183093,-0.02844973,-0.006312639,0.01400381,-0.02153091,0.0002532601,0.02559006,27.61587,19.99331,24.16164,26.30759,CLOSE
-0.06985247,0.02903941,-0.04084241,-0.05862801,0.009648174,-0.01075661,-0.0402436,-0.007599741,0.001056284,-0.02821846,-0.006554961,0.01486787,-0.02115284,0.0004483759,0.02518177,21.94809,23.14231,25.7919,25.28669,CLOSE
-0.05959725,0.001166552,0.04407835,-0.04457067,-0.02235663,0.02297062,-0.03211942,-0.02507123,0.02313071,-0.01502616,-0.02123007,0.02609354,-0.007211491,-0.0133189,0.03047532,26.49086,11.18312,20.35065,18.88281,CLOSE
-0.05905366,-0.001016647,0.04347265,-0.043822,-0.02187273,0.02103606,-0.03229617,-0.02618098,0.02176407,-0.01548874,-0.02398676,0.0248127,-0.006858889,-0.01479948,0.03016642,25.62674,12.107,19.98531,21.16749,CLOSE
-0.05357176,-0.001237214,0.04751617,-0.04226637,-0.02386543,0.02029303,-0.03392522,-0.02741984,0.02371752,-0.01756532,-0.025195,0.02737206,-0.0082689,-0.01583222,0.03211674,30.15197,10.36079,18.60562,19.71869,CLOSE
-0.05199553,-0.0006049573,0.04789615,-0.04366729,-0.0236541,0.02208731,-0.03449818,-0.02701634,0.0244469,-0.01785771,-0.02470127,0.02693355,-0.008164395,-0.01536804,0.03152007,29.54972,10.03858,17.92702,20.20791,CLOSE
-0.0559038,0.01260129,0.03262067,-0.04383813,-0.02116308,0.01713023,-0.03561639,-0.02455676,0.02170169,-0.02011668,-0.02257118,0.02488649,-0.01028871,-0.01340768,0.03086507,36.28959,10.87656,17.17062,21.99207,CLOSE
-0.0559899,0.01414919,0.03155586,-0.04321083,-0.0201382,0.01584223,-0.03490905,-0.0235953,0.01993716,-0.01934611,-0.02185211,0.02401343,-0.009753857,-0.01323181,0.03058869,37.17117,10.90145,18.60193,22.51876,CLOSE
-0.05412138,0.01101127,0.03297883,-0.04221396,-0.01884261,0.01077175,-0.0351527,-0.02318653,0.01609588,-0.02005333,-0.02198622,0.02182001,-0.01082632,-0.01368731,0.02915174,37.19028,11.86187,19.72668,22.99302,CLOSE
-0.05477351,0.01289955,0.02894849,-0.04161373,-0.01773784,0.009343565,-0.03461016,-0.02260092,0.0152207,-0.01979438,-0.02151418,0.02105933,-0.01035192,-0.01362321,0.02896363,37.43599,12.89656,19.94954,23.91952,CLOSE
-0.0574175,0.01335168,0.02385825,-0.04107647,-0.01656529,0.006689012,-0.034766,-0.02142054,0.01400286,-0.02072947,-0.02033633,0.02098724,-0.01197374,-0.01263475,0.02938533,36.26066,13.96157,20.35157,23.54154,CLOSE
-0.05646977,0.01741394,0.01816368,-0.04025782,-0.01592028,0.004597157,-0.03427869,-0.0209083,0.01257414,-0.02048243,-0.01998749,0.0200845,-0.0120193,-0.01247704,0.02880776,39.40462,14.83609,21.08664,23.94537,CLOSE
-0.05389552,0.005817235,0.03470075,-0.04047215,-0.01695734,0.005191147,-0.03418935,-0.02221733,0.01162374,-0.02049654,-0.02105713,0.01911294,-0.01302469,-0.01314199,0.02750912,37.28691,13.61692,20.6508,23.03697,CLOSE
-0.05597322,0.01658726,0.01889652,-0.03926942,-0.01477787,0.001665473,-0.03354352,-0.02007067,0.009575576,-0.02008815,-0.01945075,0.01789153,-0.0127486,-0.01251301,0.02738309,39.63285,15.33402,22.35954,24.26961,CLOSE
-0.05626973,0.01723912,0.01768741,-0.03929119,-0.01502046,0.001626372,-0.03348383,-0.02019224,0.009501576,-0.02010673,-0.01939306,0.01801911,-0.01280226,-0.01236519,0.02759355,40.03163,15.23396,22.47418,24.35326,CLOSE
-0.05642105,0.01697585,0.01820114,-0.03926443,-0.01512185,0.001647234,-0.03342321,-0.02021053,0.009556293,-0.0201896,-0.01929671,0.0182516,-0.01297179,-0.01215726,0.02780312,40.01865,15.23229,22.52476,24.24141,CLOSE
-0.05123663,0.004951507,0.03348473,-0.0382998,-0.01574546,-0.0003942251,-0.03207332,-0.02085438,0.008063316,-0.01997292,-0.01965612,0.0177516,-0.01414984,-0.01226488,0.02741981,42.62408,16.35568,23.02294,23.45458,CLOSE
-0.05236313,0.006203711,0.02843168,-0.0377183,-0.0165458,-0.003142536,-0.03164132,-0.02160648,0.005411208,-0.01952991,-0.020316,0.01555365,-0.01409206,-0.01292098,0.02582145,43.90001,16.32472,23.63099,24.72936,CLOSE
-0.05882611,0.007001966,0.02408493,-0.04151734,-0.02010393,0.003911793,-0.0361274,-0.02410677,0.01179528,-0.0230097,-0.02176297,0.01931527,-0.01484133,-0.01280299,0.0279389,35.97905,12.92416,18.44707,23.64425,CLOSE
-0.05994552,0.006495297,0.02467799,-0.04215927,-0.02092397,0.004909784,-0.03694952,-0.0247902,0.01283154,-0.02353693,-0.02230608,0.01988453,-0.01516394,-0.01308084,0.02809322,35.41793,12.49566,17.73475,23.07945,CLOSE
-0.05920625,0.009390175,0.02121979,-0.04044112,-0.01963371,0.003246754,-0.0349374,-0.02371642,0.01141256,-0.02197875,-0.0216158,0.0191595,-0.01431846,-0.01298404,0.02803904,37.33577,13.6807,19.21609,23.61446,CLOSE
-0.05944068,0.002527267,0.03660774,-0.04118986,-0.02370983,0.01190954,-0.03583648,-0.026795,0.01919287,-0.02094698,-0.0237703,0.02547067,-0.01236663,-0.01398316,0.03153294,34.38883,11.21635,18.55007,20.57833,CLOSE
-0.04560856,-0.01703885,0.05466601,-0.03952902,-0.0352034,0.0226666,-0.03391587,-0.03830037,0.0281156,-0.01885752,-0.03338644,0.03132525,-0.008566318,-0.02172786,0.03519985,30.23495,8.284939,14.44171,17.9671,CLOSE
-0.04391512,-0.02008787,0.05620995,-0.03854226,-0.03685638,0.02364501,-0.03301888,-0.03986615,0.028945,-0.01810047,-0.03478074,0.03208831,-0.007652298,-0.02290833,0.03565767,29.51252,7.962523,14.19975,17.63696,CLOSE
-0.0442349,-0.008459926,0.05212519,-0.03524912,-0.02817726,0.03368351,-0.02816088,-0.0273509,0.03929648,-0.01249837,-0.01957375,0.03877458,-0.003935998,-0.006516218,0.04180387,23.64825,9.27824,16.18437,20.60303,CLOSE
-0.01406848,-0.03238833,0.05999613,-0.02469718,-0.03839725,0.01971394,-0.01446707,-0.04089439,0.02448022,-0.0001106784,-0.03269786,0.02174312,0.007963657,-0.02207327,0.0276438,36.75152,13.33683,16.93638,21.81095,CLOSE
-0.02174265,-0.03419793,0.06167883,-0.02095932,-0.03870392,0.0255577,-0.01328013,-0.04211241,0.03028244,0.0009213239,-0.03462267,0.02626747,0.01028429,-0.02361619,0.03055578,26.70056,10.18632,15.64295,20.25785,CLOSE
-0.003483951,-0.01693326,0.06427902,-0.02479357,-0.03298342,0.03063327,-0.01461425,-0.03521329,0.03608125,0.0005183145,-0.02715796,0.02947867,0.0103403,-0.01516342,0.03303802,40.16829,12.94228,16.98433,23.33139,CLOSE